     0 1.000000e+00
     1 1.000000e+00
     2 1.000000e+00
     3 9.999913e-01
     4 9.999869e-01
     5 9.999782e-01
     6 9.999695e-01
     7 9.999564e-01
     8 9.999390e-01
     9 9.999215e-01
    10 9.999041e-01
    11 9.998823e-01
    12 9.998605e-01
    13 9.998387e-01
    14 9.998125e-01
    15 9.997820e-01
    16 9.997514e-01
    17 9.997209e-01
    18 9.996860e-01
    19 9.996511e-01
    20 9.996118e-01
    21 9.995726e-01
    22 9.995333e-01
    23 9.994897e-01
    24 9.994461e-01
    25 9.993981e-01
    26 9.993501e-01
    27 9.992977e-01
    28 9.992497e-01
    29 9.991930e-01
    30 9.991363e-01
    31 9.990839e-01
    32 9.990228e-01
    33 9.989617e-01
    34 9.989006e-01
    35 9.988395e-01
    36 9.987740e-01
    37 9.987085e-01
    38 9.986386e-01
    39 9.985688e-01
    40 9.984989e-01
    41 9.984290e-01
    42 9.983548e-01
    43 9.982805e-01
    44 9.982063e-01
    45 9.981276e-01
    46 9.980490e-01
    47 9.979660e-01
    48 9.978873e-01
    49 9.978043e-01
    50 9.977213e-01
    51 9.976382e-01
    52 9.975508e-01
    53 9.974634e-01
    54 9.973759e-01
    55 9.972885e-01
    56 9.971967e-01
    57 9.971049e-01
    58 9.970130e-01
    59 9.969212e-01
    60 9.968249e-01
    61 9.967331e-01
    62 9.966368e-01
    63 9.965406e-01
    64 9.964443e-01
    65 9.963480e-01
    66 9.962474e-01
    67 9.961511e-01
    68 9.960504e-01
    69 9.959497e-01
    70 9.958490e-01
    71 9.957483e-01
    72 9.956476e-01
    73 9.955424e-01
    74 9.954417e-01
    75 9.953366e-01
    76 9.952314e-01
    77 9.951263e-01
    78 9.950255e-01
    79 9.949159e-01
    80 9.948151e-01
    81 9.947055e-01
    82 9.946003e-01
    83 9.944951e-01
    84 9.943899e-01
    85 9.942802e-01
    86 9.941750e-01
    87 9.940697e-01
    88 9.939600e-01
    89 9.938503e-01
    90 9.937450e-01
    91 9.936353e-01
    92 9.935300e-01
    93 9.934203e-01
    94 9.933149e-01
    95 9.932052e-01
    96 9.930998e-01
    97 9.929900e-01
    98 9.928847e-01
    99 9.927749e-01
   100 9.926694e-01
   101 9.925596e-01
   102 9.924542e-01
   103 9.923443e-01
   104 9.922389e-01
   105 9.921290e-01
   106 9.920235e-01
   107 9.919180e-01
   108 9.918081e-01
   109 9.917026e-01
   110 9.915971e-01
   111 9.914915e-01
   112 9.913860e-01
   113 9.912804e-01
   114 9.911748e-01
   115 9.910692e-01
   116 9.909636e-01
   117 9.908580e-01
   118 9.907524e-01
   119 9.906468e-01
   120 9.905455e-01
   121 9.904399e-01
   122 9.903386e-01
   123 9.902329e-01
   124 9.901317e-01
   125 9.900260e-01
   126 9.899247e-01
   127 9.898233e-01
   128 9.897220e-01
   129 9.896207e-01
   130 9.895149e-01
   131 9.894180e-01
   132 9.893166e-01
   133 9.892152e-01
   134 9.891138e-01
   135 9.890124e-01
   136 9.889154e-01
   137 9.888140e-01
   138 9.887126e-01
   139 9.886156e-01
   140 9.885141e-01
   141 9.884171e-01
   142 9.883200e-01
   143 9.882229e-01
   144 9.881214e-01
   145 9.880244e-01
   146 9.879273e-01
   147 9.878302e-01
   148 9.877330e-01
   149 9.876359e-01
   150 9.875388e-01
   151 9.874416e-01
   152 9.873445e-01
   153 9.872517e-01
   154 9.871546e-01
   155 9.870574e-01
   156 9.869602e-01
   157 9.868674e-01
   158 9.867702e-01
   159 9.866730e-01
   160 9.865802e-01
   161 9.864829e-01
   162 9.863901e-01
   163 9.862928e-01
   164 9.862000e-01
   165 9.861027e-01
   166 9.860099e-01
   167 9.859126e-01
   168 9.858197e-01
   169 9.857268e-01
   170 9.856295e-01
   171 9.855366e-01
   172 9.854436e-01
   173 9.853463e-01
   174 9.852534e-01
   175 9.851604e-01
   176 9.850630e-01
   177 9.849701e-01
   178 9.848771e-01
   179 9.847797e-01
   180 9.846867e-01
   181 9.845937e-01
   182 9.844963e-01
   183 9.844033e-01
   184 9.843102e-01
   185 9.842128e-01
   186 9.841197e-01
   187 9.840267e-01
   188 9.839292e-01
   189 9.838361e-01
   190 9.837386e-01
   191 9.836455e-01
   192 9.835480e-01
   193 9.834549e-01
   194 9.833573e-01
   195 9.832642e-01
   196 9.831667e-01
   197 9.830735e-01
   198 9.829759e-01
   199 9.828828e-01
   200 9.827852e-01
   201 9.826875e-01
   202 9.825944e-01
   203 9.824967e-01
   204 9.823991e-01
   205 9.823014e-01
   206 9.822082e-01
   207 9.821105e-01
   208 9.820129e-01
   209 9.819152e-01
   210 9.818175e-01
   211 9.817198e-01
   212 9.816220e-01
   213 9.815243e-01
   214 9.814266e-01
   215 9.813288e-01
   216 9.812311e-01
   217 9.811333e-01
   218 9.810355e-01
   219 9.809377e-01
   220 9.808399e-01
   221 9.807421e-01
   222 9.806443e-01
   223 9.805420e-01
   224 9.804442e-01
   225 9.803463e-01
   226 9.802440e-01
   227 9.801462e-01
   228 9.800483e-01
   229 9.799504e-01
   230 9.798481e-01
   231 9.797501e-01
   232 9.796478e-01
   233 9.795499e-01
   234 9.794475e-01
   235 9.793495e-01
   236 9.792516e-01
   237 9.791491e-01
   238 9.790512e-01
   239 9.789487e-01
   240 9.788507e-01
   241 9.787483e-01
   242 9.786502e-01
   243 9.785478e-01
   244 9.784497e-01
   245 9.783472e-01
   246 9.782492e-01
   247 9.781466e-01
   248 9.780486e-01
   249 9.779460e-01
   250 9.778479e-01
   251 9.777454e-01
   252 9.776472e-01
   253 9.775446e-01
   254 9.774420e-01
   255 9.773439e-01
   256 9.772413e-01
   257 9.771431e-01
   258 9.770405e-01
   259 9.769423e-01
   260 9.768396e-01
   261 9.767414e-01
   262 9.766387e-01
   263 9.765405e-01
   264 9.764378e-01
   265 9.763395e-01
   266 9.762368e-01
   267 9.761386e-01
   268 9.760403e-01
   269 9.759375e-01
   270 9.758392e-01
   271 9.757364e-01
   272 9.756381e-01
   273 9.755398e-01
   274 9.754370e-01
   275 9.753386e-01
   276 9.752403e-01
   277 9.751374e-01
   278 9.750391e-01
   279 9.749407e-01
   280 9.748423e-01
   281 9.747439e-01
   282 9.746410e-01
   283 9.745425e-01
   284 9.744441e-01
   285 9.743456e-01
   286 9.742472e-01
   287 9.741487e-01
   288 9.740502e-01
   289 9.739517e-01
   290 9.738532e-01
   291 9.737547e-01
   292 9.736517e-01
   293 9.735577e-01
   294 9.734591e-01
   295 9.733606e-01
   296 9.732620e-01
   297 9.731635e-01
   298 9.730649e-01
   299 9.729663e-01
   300 9.728677e-01
   301 9.727736e-01
   302 9.726749e-01
   303 9.725763e-01
   304 9.724777e-01
   305 9.723790e-01
   306 9.722849e-01
   307 9.721862e-01
   308 9.720875e-01
   309 9.719933e-01
   310 9.718946e-01
   311 9.717959e-01
   312 9.717017e-01
   313 9.716029e-01
   314 9.715042e-01
   315 9.714099e-01
   316 9.713112e-01
   317 9.712169e-01
   318 9.711181e-01
   319 9.710238e-01
   320 9.709250e-01
   321 9.708307e-01
   322 9.707319e-01
   323 9.706376e-01
   324 9.705387e-01
   325 9.704444e-01
   326 9.703455e-01
   327 9.702512e-01
   328 9.701523e-01
   329 9.700579e-01
   330 9.699590e-01
   331 9.698646e-01
   332 9.697657e-01
   333 9.696712e-01
   334 9.695723e-01
   335 9.694779e-01
   336 9.693789e-01
   337 9.692844e-01
   338 9.691900e-01
   339 9.690910e-01
   340 9.689965e-01
   341 9.688975e-01
   342 9.688030e-01
   343 9.687040e-01
   344 9.686094e-01
   345 9.685104e-01
   346 9.684158e-01
   347 9.683168e-01
   348 9.682222e-01
   349 9.681231e-01
   350 9.680285e-01
   351 9.679294e-01
   352 9.678348e-01
   353 9.677357e-01
   354 9.676411e-01
   355 9.675419e-01
   356 9.674473e-01
   357 9.673481e-01
   358 9.672535e-01
   359 9.671543e-01
   360 9.670551e-01
   361 9.669604e-01
   362 9.668612e-01
   363 9.667665e-01
   364 9.666672e-01
   365 9.665680e-01
   366 9.664732e-01
   367 9.663740e-01
   368 9.662747e-01
   369 9.661799e-01
   370 9.660806e-01
   371 9.659813e-01
   372 9.658865e-01
   373 9.657872e-01
   374 9.656879e-01
   375 9.655931e-01
   376 9.654937e-01
   377 9.653944e-01
   378 9.652950e-01
   379 9.651956e-01
   380 9.651007e-01
   381 9.650013e-01
   382 9.649019e-01
   383 9.648025e-01
   384 9.647030e-01
   385 9.646081e-01
   386 9.645087e-01
   387 9.644092e-01
   388 9.643097e-01
   389 9.642102e-01
   390 9.641153e-01
   391 9.640158e-01
   392 9.639163e-01
   393 9.638167e-01
   394 9.637172e-01
   395 9.636176e-01
   396 9.635181e-01
   397 9.634231e-01
   398 9.633235e-01
   399 9.632239e-01
   400 9.631243e-01
   401 9.630247e-01
   402 9.629251e-01
   403 9.628254e-01
   404 9.627258e-01
   405 9.626262e-01
   406 9.625310e-01
   407 9.624314e-01
   408 9.623317e-01
   409 9.622320e-01
   410 9.621323e-01
   411 9.620326e-01
   412 9.619329e-01
   413 9.618377e-01
   414 9.617379e-01
   415 9.616382e-01
   416 9.615384e-01
   417 9.614386e-01
   418 9.613389e-01
   419 9.612391e-01
   420 9.611438e-01
   421 9.610440e-01
   422 9.609442e-01
   423 9.608443e-01
   424 9.607445e-01
   425 9.606492e-01
   426 9.605493e-01
   427 9.604494e-01
   428 9.603495e-01
   429 9.602497e-01
   430 9.601543e-01
   431 9.600544e-01
   432 9.599544e-01
   433 9.598545e-01
   434 9.597591e-01
   435 9.596592e-01
   436 9.595592e-01
   437 9.594638e-01
   438 9.593638e-01
   439 9.592683e-01
   440 9.591683e-01
   441 9.590683e-01
   442 9.589728e-01
   443 9.588728e-01
   444 9.587727e-01
   445 9.586772e-01
   446 9.585771e-01
   447 9.584816e-01
   448 9.583815e-01
   449 9.582860e-01
   450 9.581859e-01
   451 9.580857e-01
   452 9.579902e-01
   453 9.578946e-01
   454 9.577944e-01
   455 9.576988e-01
   456 9.575986e-01
   457 9.575030e-01
   458 9.574028e-01
   459 9.573072e-01
   460 9.572070e-01
   461 9.571113e-01
   462 9.570156e-01
   463 9.569154e-01
   464 9.568197e-01
   465 9.567240e-01
   466 9.566237e-01
   467 9.565280e-01
   468 9.564322e-01
   469 9.563319e-01
   470 9.562362e-01
   471 9.561404e-01
   472 9.560401e-01
   473 9.559443e-01
   474 9.558485e-01
   475 9.557481e-01
   476 9.556523e-01
   477 9.555565e-01
   478 9.554607e-01
   479 9.553648e-01
   480 9.552644e-01
   481 9.551685e-01
   482 9.550727e-01
   483 9.549768e-01
   484 9.548809e-01
   485 9.547804e-01
   486 9.546845e-01
   487 9.545886e-01
   488 9.544927e-01
   489 9.543922e-01
   490 9.542962e-01
   491 9.542003e-01
   492 9.541043e-01
   493 9.540083e-01
   494 9.539123e-01
   495 9.538118e-01
   496 9.537157e-01
   497 9.536197e-01
   498 9.535237e-01
   499 9.534277e-01
   500 9.533316e-01
   501 9.532310e-01
   502 9.531349e-01
   503 9.530388e-01
   504 9.529428e-01
   505 9.528467e-01
   506 9.527460e-01
   507 9.526499e-01
   508 9.525537e-01
   509 9.524576e-01
   510 9.523615e-01
   511 9.522653e-01
   512 9.521646e-01
   513 9.520684e-01
   514 9.519722e-01
   515 9.518760e-01
   516 9.517752e-01
   517 9.516790e-01
   518 9.515828e-01
   519 9.514866e-01
   520 9.513857e-01
   521 9.512895e-01
   522 9.511932e-01
   523 9.510970e-01
   524 9.510007e-01
   525 9.508998e-01
   526 9.508035e-01
   527 9.507072e-01
   528 9.506109e-01
   529 9.505099e-01
   530 9.504136e-01
   531 9.503172e-01
   532 9.502163e-01
   533 9.501199e-01
   534 9.500235e-01
   535 9.499272e-01
   536 9.498262e-01
   537 9.497298e-01
   538 9.496333e-01
   539 9.495323e-01
   540 9.494359e-01
   541 9.493394e-01
   542 9.492384e-01
   543 9.491419e-01
   544 9.490454e-01
   545 9.489443e-01
   546 9.488478e-01
   547 9.487513e-01
   548 9.486548e-01
   549 9.485537e-01
   550 9.484571e-01
   551 9.483606e-01
   552 9.482594e-01
   553 9.481629e-01
   554 9.480663e-01
   555 9.479651e-01
   556 9.478685e-01
   557 9.477719e-01
   558 9.476707e-01
   559 9.475740e-01
   560 9.474728e-01
   561 9.473761e-01
   562 9.472795e-01
   563 9.471782e-01
   564 9.470815e-01
   565 9.469848e-01
   566 9.468881e-01
   567 9.467868e-01
   568 9.466901e-01
   569 9.465934e-01
   570 9.464920e-01
   571 9.463953e-01
   572 9.462985e-01
   573 9.461971e-01
   574 9.461003e-01
   575 9.460036e-01
   576 9.459021e-01
   577 9.458053e-01
   578 9.457085e-01
   579 9.456117e-01
   580 9.455102e-01
   581 9.454134e-01
   582 9.453165e-01
   583 9.452150e-01
   584 9.451182e-01
   585 9.450213e-01
   586 9.449244e-01
   587 9.448275e-01
   588 9.447259e-01
   589 9.446290e-01
   590 9.445320e-01
   591 9.444351e-01
   592 9.443381e-01
   593 9.442365e-01
   594 9.441396e-01
   595 9.440426e-01
   596 9.439456e-01
   597 9.438486e-01
   598 9.437515e-01
   599 9.436545e-01
   600 9.435528e-01
   601 9.434558e-01
   602 9.433587e-01
   603 9.432617e-01
   604 9.431646e-01
   605 9.430675e-01
   606 9.429704e-01
   607 9.428733e-01
   608 9.427762e-01
   609 9.426790e-01
   610 9.425819e-01
   611 9.424847e-01
   612 9.423876e-01
   613 9.422904e-01
   614 9.421932e-01
   615 9.420960e-01
   616 9.419988e-01
   617 9.419016e-01
   618 9.418044e-01
   619 9.417072e-01
   620 9.416099e-01
   621 9.415127e-01
   622 9.414154e-01
   623 9.413181e-01
   624 9.412208e-01
   625 9.411236e-01
   626 9.410262e-01
   627 9.409289e-01
   628 9.408316e-01
   629 9.407389e-01
   630 9.406416e-01
   631 9.405442e-01
   632 9.404469e-01
   633 9.403495e-01
   634 9.402521e-01
   635 9.401547e-01
   636 9.400573e-01
   637 9.399645e-01
   638 9.398671e-01
   639 9.397697e-01
   640 9.396722e-01
   641 9.395748e-01
   642 9.394773e-01
   643 9.393845e-01
   644 9.392870e-01
   645 9.391895e-01
   646 9.390920e-01
   647 9.389945e-01
   648 9.388970e-01
   649 9.388041e-01
   650 9.387065e-01
   651 9.386090e-01
   652 9.385114e-01
   653 9.384139e-01
   654 9.383209e-01
   655 9.382233e-01
   656 9.381257e-01
   657 9.380281e-01
   658 9.379305e-01
   659 9.378375e-01
   660 9.377399e-01
   661 9.376422e-01
   662 9.375445e-01
   663 9.374469e-01
   664 9.373492e-01
   665 9.372561e-01
   666 9.371584e-01
   667 9.370607e-01
   668 9.369630e-01
   669 9.368653e-01
   670 9.367675e-01
   671 9.366744e-01
   672 9.365767e-01
   673 9.364789e-01
   674 9.363811e-01
   675 9.362833e-01
   676 9.361902e-01
   677 9.360923e-01
   678 9.359945e-01
   679 9.358967e-01
   680 9.357988e-01
   681 9.357010e-01
   682 9.356078e-01
   683 9.355099e-01
   684 9.354120e-01
   685 9.353141e-01
   686 9.352162e-01
   687 9.351183e-01
   688 9.350204e-01
   689 9.349224e-01
   690 9.348291e-01
   691 9.347312e-01
   692 9.346332e-01
   693 9.345352e-01
   694 9.344373e-01
   695 9.343393e-01
   696 9.342412e-01
   697 9.341432e-01
   698 9.340499e-01
   699 9.339518e-01
   700 9.338538e-01
   701 9.337557e-01
   702 9.336581e-01
   703 9.335610e-01
   704 9.334629e-01
   705 9.333657e-01
   706 9.332676e-01
   707 9.331704e-01
   708 9.330732e-01
   709 9.329751e-01
   710 9.328779e-01
   711 9.327797e-01
   712 9.326825e-01
   713 9.325843e-01
   714 9.324870e-01
   715 9.323888e-01
   716 9.322915e-01
   717 9.321933e-01
   718 9.320960e-01
   719 9.319987e-01
   720 9.319004e-01
   721 9.318031e-01
   722 9.317048e-01
   723 9.316080e-01
   724 9.315097e-01
   725 9.314123e-01
   726 9.313140e-01
   727 9.312166e-01
   728 9.311187e-01
   729 9.310213e-01
   730 9.309230e-01
   731 9.308260e-01
   732 9.307285e-01
   733 9.306302e-01
   734 9.305332e-01
   735 9.304348e-01
   736 9.303377e-01
   737 9.302402e-01
   738 9.301423e-01
   739 9.300448e-01
   740 9.299477e-01
   741 9.298492e-01
   742 9.297522e-01
   743 9.296551e-01
   744 9.295566e-01
   745 9.294595e-01
   746 9.293619e-01
   747 9.292648e-01
   748 9.291676e-01
   749 9.290695e-01
   750 9.289719e-01
   751 9.288747e-01
   752 9.287776e-01
   753 9.286804e-01
   754 9.285832e-01
   755 9.284860e-01
   756 9.283888e-01
   757 9.282915e-01
   758 9.281943e-01
   759 9.280970e-01
   760 9.279998e-01
   761 9.279025e-01
   762 9.278052e-01
   763 9.277079e-01
   764 9.276106e-01
   765 9.275133e-01
   766 9.274160e-01
   767 9.273196e-01
   768 9.272228e-01
   769 9.271254e-01
   770 9.270280e-01
   771 9.269321e-01
   772 9.268347e-01
   773 9.267373e-01
   774 9.266413e-01
   775 9.265439e-01
   776 9.264465e-01
   777 9.263505e-01
   778 9.262530e-01
   779 9.261560e-01
   780 9.260595e-01
   781 9.259625e-01
   782 9.258660e-01
   783 9.257690e-01
   784 9.256729e-01
   785 9.255754e-01
   786 9.254793e-01
   787 9.253822e-01
   788 9.252861e-01
   789 9.251894e-01
   790 9.250924e-01
   791 9.249962e-01
   792 9.248991e-01
   793 9.248029e-01
   794 9.247062e-01
   795 9.246096e-01
   796 9.245129e-01
   797 9.244157e-01
   798 9.243200e-01
   799 9.242232e-01
   800 9.241261e-01
   801 9.240303e-01
   802 9.239335e-01
   803 9.238368e-01
   804 9.237405e-01
   805 9.236442e-01
   806 9.235469e-01
   807 9.234511e-01
   808 9.233547e-01
   809 9.232575e-01
   810 9.231616e-01
   811 9.230647e-01
   812 9.229679e-01
   813 9.228720e-01
   814 9.227756e-01
   815 9.226783e-01
   816 9.225823e-01
   817 9.224859e-01
   818 9.223890e-01
   819 9.222930e-01
   820 9.221961e-01
   821 9.220992e-01
   822 9.220032e-01
   823 9.219057e-01
   824 9.218097e-01
   825 9.217127e-01
   826 9.216167e-01
   827 9.215202e-01
   828 9.214232e-01
   829 9.213266e-01
   830 9.212296e-01
   831 9.211335e-01
   832 9.210365e-01
   833 9.209403e-01
   834 9.208428e-01
   835 9.207462e-01
   836 9.206496e-01
   837 9.205525e-01
   838 9.204563e-01
   839 9.203587e-01
   840 9.202621e-01
   841 9.201659e-01
   842 9.200687e-01
   843 9.199725e-01
   844 9.198754e-01
   845 9.197782e-01
   846 9.196815e-01
   847 9.195847e-01
   848 9.194875e-01
   849 9.193908e-01
   850 9.192945e-01
   851 9.191973e-01
   852 9.191000e-01
   853 9.190027e-01
   854 9.189060e-01
   855 9.188096e-01
   856 9.187123e-01
   857 9.186155e-01
   858 9.185182e-01
   859 9.184209e-01
   860 9.183245e-01
   861 9.182276e-01
   862 9.181307e-01
   863 9.180334e-01
   864 9.179365e-01
   865 9.178391e-01
   866 9.177422e-01
   867 9.176448e-01
   868 9.175478e-01
   869 9.174504e-01
   870 9.173534e-01
   871 9.172569e-01
   872 9.171604e-01
   873 9.170630e-01
   874 9.169660e-01
   875 9.168685e-01
   876 9.167714e-01
   877 9.166744e-01
   878 9.165774e-01
   879 9.164798e-01
   880 9.163828e-01
   881 9.162857e-01
   882 9.161886e-01
   883 9.160915e-01
   884 9.159944e-01
   885 9.158978e-01
   886 9.158011e-01
   887 9.157040e-01
   888 9.156068e-01
   889 9.155097e-01
   890 9.154125e-01
   891 9.153153e-01
   892 9.152182e-01
   893 9.151214e-01
   894 9.150247e-01
   895 9.149275e-01
   896 9.148307e-01
   897 9.147335e-01
   898 9.146367e-01
   899 9.145399e-01
   900 9.144431e-01
   901 9.143459e-01
   902 9.142491e-01
   903 9.141527e-01
   904 9.140554e-01
   905 9.139581e-01
   906 9.138617e-01
   907 9.137648e-01
   908 9.136675e-01
   909 9.135711e-01
   910 9.134742e-01
   911 9.133777e-01
   912 9.132813e-01
   913 9.131839e-01
   914 9.130874e-01
   915 9.129905e-01
   916 9.128940e-01
   917 9.127970e-01
   918 9.127005e-01
   919 9.126040e-01
   920 9.125070e-01
   921 9.124115e-01
   922 9.123144e-01
   923 9.122179e-01
   924 9.121209e-01
   925 9.120243e-01
   926 9.119287e-01
   927 9.118316e-01
   928 9.117350e-01
   929 9.116389e-01
   930 9.115417e-01
   931 9.114456e-01
   932 9.113494e-01
   933 9.112533e-01
   934 9.111561e-01
   935 9.110599e-01
   936 9.109637e-01
   937 9.108675e-01
   938 9.107713e-01
   939 9.106741e-01
   940 9.105778e-01
   941 9.104816e-01
   942 9.103858e-01
   943 9.102895e-01
   944 9.101932e-01
   945 9.100969e-01
   946 9.100006e-01
   947 9.099048e-01
   948 9.098075e-01
   949 9.097112e-01
   950 9.096153e-01
   951 9.095189e-01
   952 9.094230e-01
   953 9.093267e-01
   954 9.092303e-01
   955 9.091344e-01
   956 9.090379e-01
   957 9.089420e-01
   958 9.088456e-01
   959 9.087496e-01
   960 9.086532e-01
   961 9.085572e-01
   962 9.084612e-01
   963 9.083647e-01
   964 9.082687e-01
   965 9.081722e-01
   966 9.080762e-01
   967 9.079801e-01
   968 9.078841e-01
   969 9.077875e-01
   970 9.076915e-01
   971 9.075954e-01
   972 9.074993e-01
   973 9.074032e-01
   974 9.073066e-01
   975 9.072105e-01
   976 9.071143e-01
   977 9.070182e-01
   978 9.069220e-01
   979 9.068259e-01
   980 9.067297e-01
   981 9.066335e-01
   982 9.065373e-01
   983 9.064402e-01
   984 9.063439e-01
   985 9.062477e-01
   986 9.061515e-01
   987 9.060552e-01
   988 9.059590e-01
   989 9.058627e-01
   990 9.057669e-01
   991 9.056697e-01
   992 9.055734e-01
   993 9.054771e-01
   994 9.053808e-01
   995 9.052849e-01
   996 9.051886e-01
   997 9.050913e-01
   998 9.049954e-01
   999 9.048990e-01
  1000 9.048026e-01
  1001 9.047058e-01
  1002 9.046094e-01
  1003 9.045134e-01
  1004 9.044170e-01
  1005 9.043196e-01
  1006 9.042237e-01
  1007 9.041277e-01
  1008 9.040303e-01
  1009 9.039343e-01
  1010 9.038378e-01
  1011 9.037408e-01
  1012 9.036443e-01
  1013 9.035483e-01
  1014 9.034513e-01
  1015 9.033548e-01
  1016 9.032587e-01
  1017 9.031617e-01
  1018 9.030656e-01
  1019 9.029680e-01
  1020 9.028719e-01
  1021 9.027758e-01
  1022 9.026787e-01
  1023 9.025821e-01
  1024 9.024850e-01
  1025 9.023889e-01
  1026 9.022927e-01
  1027 9.021956e-01
  1028 9.020994e-01
  1029 9.020022e-01
  1030 9.019060e-01
  1031 9.018088e-01
  1032 9.017126e-01
  1033 9.016164e-01
  1034 9.015191e-01
  1035 9.014229e-01
  1036 9.013257e-01
  1037 9.012294e-01
  1038 9.011326e-01
  1039 9.010363e-01
  1040 9.009400e-01
  1041 9.008427e-01
  1042 9.007464e-01
  1043 9.006496e-01
  1044 9.005532e-01
  1045 9.004569e-01
  1046 9.003600e-01
  1047 9.002636e-01
  1048 9.001672e-01
  1049 9.000703e-01
  1050 8.999744e-01
  1051 8.998780e-01
  1052 8.997806e-01
  1053 8.996846e-01
  1054 8.995882e-01
  1055 8.994912e-01
  1056 8.993952e-01
  1057 8.992988e-01
  1058 8.992023e-01
  1059 8.991053e-01
  1060 8.990093e-01
  1061 8.989132e-01
  1062 8.988167e-01
  1063 8.987196e-01
  1064 8.986236e-01
  1065 8.985270e-01
  1066 8.984309e-01
  1067 8.983348e-01
  1068 8.982387e-01
  1069 8.981421e-01
  1070 8.980450e-01
  1071 8.979488e-01
  1072 8.978527e-01
  1073 8.977565e-01
  1074 8.976604e-01
  1075 8.975642e-01
  1076 8.974680e-01
  1077 8.973718e-01
  1078 8.972756e-01
  1079 8.971793e-01
  1080 8.970831e-01
  1081 8.969869e-01
  1082 8.968911e-01
  1083 8.967948e-01
  1084 8.966990e-01
  1085 8.966032e-01
  1086 8.965069e-01
  1087 8.964111e-01
  1088 8.963148e-01
  1089 8.962185e-01
  1090 8.961221e-01
  1091 8.960263e-01
  1092 8.959309e-01
  1093 8.958345e-01
  1094 8.957386e-01
  1095 8.956422e-01
  1096 8.955463e-01
  1097 8.954509e-01
  1098 8.953549e-01
  1099 8.952585e-01
  1100 8.951625e-01
  1101 8.950671e-01
  1102 8.949706e-01
  1103 8.948751e-01
  1104 8.947796e-01
  1105 8.946831e-01
  1106 8.945876e-01
  1107 8.944920e-01
  1108 8.943955e-01
  1109 8.942999e-01
  1110 8.942044e-01
  1111 8.941078e-01
  1112 8.940122e-01
  1113 8.939171e-01
  1114 8.938205e-01
  1115 8.937249e-01
  1116 8.936293e-01
  1117 8.935327e-01
  1118 8.934375e-01
  1119 8.933413e-01
  1120 8.932457e-01
  1121 8.931505e-01
  1122 8.930538e-01
  1123 8.929581e-01
  1124 8.928629e-01
  1125 8.927662e-01
  1126 8.926709e-01
  1127 8.925747e-01
  1128 8.924794e-01
  1129 8.923837e-01
  1130 8.922874e-01
  1131 8.921916e-01
  1132 8.920958e-01
  1133 8.919995e-01
  1134 8.919042e-01
  1135 8.918084e-01
  1136 8.917120e-01
  1137 8.916167e-01
  1138 8.915208e-01
  1139 8.914245e-01
  1140 8.913291e-01
  1141 8.912332e-01
  1142 8.911368e-01
  1143 8.910414e-01
  1144 8.909454e-01
  1145 8.908490e-01
  1146 8.907531e-01
  1147 8.906576e-01
  1148 8.905617e-01
  1149 8.904652e-01
  1150 8.903692e-01
  1151 8.902737e-01
  1152 8.901777e-01
  1153 8.900817e-01
  1154 8.899852e-01
  1155 8.898896e-01
  1156 8.897941e-01
  1157 8.896975e-01
  1158 8.896015e-01
  1159 8.895054e-01
  1160 8.894098e-01
  1161 8.893137e-01
  1162 8.892176e-01
  1163 8.891215e-01
  1164 8.890254e-01
  1165 8.889287e-01
  1166 8.888336e-01
  1167 8.887374e-01
  1168 8.886412e-01
  1169 8.885451e-01
  1170 8.884489e-01
  1171 8.883527e-01
  1172 8.882565e-01
  1173 8.881602e-01
  1174 8.880640e-01
  1175 8.879688e-01
  1176 8.878725e-01
  1177 8.877762e-01
  1178 8.876800e-01
  1179 8.875837e-01
  1180 8.874879e-01
  1181 8.873916e-01
  1182 8.872953e-01
  1183 8.871989e-01
  1184 8.871026e-01
  1185 8.870063e-01
  1186 8.869109e-01
  1187 8.868150e-01
  1188 8.867186e-01
  1189 8.866227e-01
  1190 8.865263e-01
  1191 8.864299e-01
  1192 8.863340e-01
  1193 8.862376e-01
  1194 8.861416e-01
  1195 8.860452e-01
  1196 8.859487e-01
  1197 8.858537e-01
  1198 8.857577e-01
  1199 8.856612e-01
  1200 8.855652e-01
  1201 8.854687e-01
  1202 8.853727e-01
  1203 8.852761e-01
  1204 8.851801e-01
  1205 8.850845e-01
  1206 8.849884e-01
  1207 8.848924e-01
  1208 8.847963e-01
  1209 8.846997e-01
  1210 8.846045e-01
  1211 8.845084e-01
  1212 8.844123e-01
  1213 8.843161e-01
  1214 8.842195e-01
  1215 8.841243e-01
  1216 8.840281e-01
  1217 8.839319e-01
  1218 8.838357e-01
  1219 8.837405e-01
  1220 8.836443e-01
  1221 8.835481e-01
  1222 8.834528e-01
  1223 8.833566e-01
  1224 8.832603e-01
  1225 8.831650e-01
  1226 8.830687e-01
  1227 8.829725e-01
  1228 8.828771e-01
  1229 8.827808e-01
  1230 8.826855e-01
  1231 8.825896e-01
  1232 8.824933e-01
  1233 8.823979e-01
  1234 8.823016e-01
  1235 8.822067e-01
  1236 8.821103e-01
  1237 8.820149e-01
  1238 8.819185e-01
  1239 8.818235e-01
  1240 8.817271e-01
  1241 8.816322e-01
  1242 8.815357e-01
  1243 8.814407e-01
  1244 8.813453e-01
  1245 8.812488e-01
  1246 8.811538e-01
  1247 8.810578e-01
  1248 8.809622e-01
  1249 8.808672e-01
  1250 8.807707e-01
  1251 8.806756e-01
  1252 8.805805e-01
  1253 8.804840e-01
  1254 8.803889e-01
  1255 8.802938e-01
  1256 8.801972e-01
  1257 8.801021e-01
  1258 8.800069e-01
  1259 8.799108e-01
  1260 8.798157e-01
  1261 8.797205e-01
  1262 8.796248e-01
  1263 8.795287e-01
  1264 8.794335e-01
  1265 8.793383e-01
  1266 8.792430e-01
  1267 8.791468e-01
  1268 8.790516e-01
  1269 8.789564e-01
  1270 8.788611e-01
  1271 8.787648e-01
  1272 8.786701e-01
  1273 8.785748e-01
  1274 8.784795e-01
  1275 8.783842e-01
  1276 8.782879e-01
  1277 8.781925e-01
  1278 8.780977e-01
  1279 8.780024e-01
  1280 8.779070e-01
  1281 8.778106e-01
  1282 8.777157e-01
  1283 8.776204e-01
  1284 8.775255e-01
  1285 8.774300e-01
  1286 8.773336e-01
  1287 8.772387e-01
  1288 8.771438e-01
  1289 8.770483e-01
  1290 8.769518e-01
  1291 8.768569e-01
  1292 8.767619e-01
  1293 8.766664e-01
  1294 8.765714e-01
  1295 8.764749e-01
  1296 8.763799e-01
  1297 8.762848e-01
  1298 8.761893e-01
  1299 8.760932e-01
  1300 8.759982e-01
  1301 8.759031e-01
  1302 8.758075e-01
  1303 8.757114e-01
  1304 8.756168e-01
  1305 8.755212e-01
  1306 8.754250e-01
  1307 8.753299e-01
  1308 8.752347e-01
  1309 8.751396e-01
  1310 8.750434e-01
  1311 8.749487e-01
  1312 8.748530e-01
  1313 8.747568e-01
  1314 8.746621e-01
  1315 8.745664e-01
  1316 8.744707e-01
  1317 8.743754e-01
  1318 8.742802e-01
  1319 8.741839e-01
  1320 8.740891e-01
  1321 8.739938e-01
  1322 8.738976e-01
  1323 8.738022e-01
  1324 8.737064e-01
  1325 8.736116e-01
  1326 8.735158e-01
  1327 8.734199e-01
  1328 8.733251e-01
  1329 8.732297e-01
  1330 8.731338e-01
  1331 8.730384e-01
  1332 8.729420e-01
  1333 8.728471e-01
  1334 8.727517e-01
  1335 8.726558e-01
  1336 8.725603e-01
  1337 8.724649e-01
  1338 8.723694e-01
  1339 8.722734e-01
  1340 8.721784e-01
  1341 8.720829e-01
  1342 8.719869e-01
  1343 8.718914e-01
  1344 8.717954e-01
  1345 8.717009e-01
  1346 8.716048e-01
  1347 8.715093e-01
  1348 8.714137e-01
  1349 8.713181e-01
  1350 8.712230e-01
  1351 8.711274e-01
  1352 8.710313e-01
  1353 8.709367e-01
  1354 8.708411e-01
  1355 8.707454e-01
  1356 8.706498e-01
  1357 8.705536e-01
  1358 8.704589e-01
  1359 8.703632e-01
  1360 8.702676e-01
  1361 8.701723e-01
  1362 8.700766e-01
  1363 8.699809e-01
  1364 8.698862e-01
  1365 8.697904e-01
  1366 8.696947e-01
  1367 8.695994e-01
  1368 8.695046e-01
  1369 8.694088e-01
  1370 8.693130e-01
  1371 8.692177e-01
  1372 8.691224e-01
  1373 8.690266e-01
  1374 8.689312e-01
  1375 8.688364e-01
  1376 8.687410e-01
  1377 8.686452e-01
  1378 8.685498e-01
  1379 8.684544e-01
  1380 8.683595e-01
  1381 8.682641e-01
  1382 8.681692e-01
  1383 8.680732e-01
  1384 8.679778e-01
  1385 8.678823e-01
  1386 8.677874e-01
  1387 8.676924e-01
  1388 8.675969e-01
  1389 8.675019e-01
  1390 8.674064e-01
  1391 8.673114e-01
  1392 8.672164e-01
  1393 8.671208e-01
  1394 8.670258e-01
  1395 8.669307e-01
  1396 8.668357e-01
  1397 8.667401e-01
  1398 8.666450e-01
  1399 8.665499e-01
  1400 8.664548e-01
  1401 8.663592e-01
  1402 8.662640e-01
  1403 8.661689e-01
  1404 8.660737e-01
  1405 8.659786e-01
  1406 8.658834e-01
  1407 8.657882e-01
  1408 8.656930e-01
  1409 8.655973e-01
  1410 8.655031e-01
  1411 8.654084e-01
  1412 8.653127e-01
  1413 8.652174e-01
  1414 8.651222e-01
  1415 8.650269e-01
  1416 8.649326e-01
  1417 8.648378e-01
  1418 8.647425e-01
  1419 8.646472e-01
  1420 8.645519e-01
  1421 8.644566e-01
  1422 8.643623e-01
  1423 8.642669e-01
  1424 8.641721e-01
  1425 8.640767e-01
  1426 8.639818e-01
  1427 8.638869e-01
  1428 8.637920e-01
  1429 8.636966e-01
  1430 8.636022e-01
  1431 8.635073e-01
  1432 8.634118e-01
  1433 8.633164e-01
  1434 8.632209e-01
  1435 8.631264e-01
  1436 8.630315e-01
  1437 8.629365e-01
  1438 8.628410e-01
  1439 8.627465e-01
  1440 8.626514e-01
  1441 8.625564e-01
  1442 8.624609e-01
  1443 8.623663e-01
  1444 8.622712e-01
  1445 8.621762e-01
  1446 8.620806e-01
  1447 8.619865e-01
  1448 8.618914e-01
  1449 8.617958e-01
  1450 8.617006e-01
  1451 8.616065e-01
  1452 8.615114e-01
  1453 8.614157e-01
  1454 8.613205e-01
  1455 8.612264e-01
  1456 8.611312e-01
  1457 8.610360e-01
  1458 8.609403e-01
  1459 8.608450e-01
  1460 8.607508e-01
  1461 8.606556e-01
  1462 8.605603e-01
  1463 8.604651e-01
  1464 8.603698e-01
  1465 8.602755e-01
  1466 8.601802e-01
  1467 8.600849e-01
  1468 8.599896e-01
  1469 8.598943e-01
  1470 8.597989e-01
  1471 8.597046e-01
  1472 8.596097e-01
  1473 8.595144e-01
  1474 8.594190e-01
  1475 8.593236e-01
  1476 8.592287e-01
  1477 8.591333e-01
  1478 8.590389e-01
  1479 8.589440e-01
  1480 8.588485e-01
  1481 8.587531e-01
  1482 8.586581e-01
  1483 8.585626e-01
  1484 8.584672e-01
  1485 8.583732e-01
  1486 8.582777e-01
  1487 8.581827e-01
  1488 8.580876e-01
  1489 8.579921e-01
  1490 8.578971e-01
  1491 8.578015e-01
  1492 8.577064e-01
  1493 8.576114e-01
  1494 8.575168e-01
  1495 8.574217e-01
  1496 8.573266e-01
  1497 8.572315e-01
  1498 8.571358e-01
  1499 8.570407e-01
  1500 8.569456e-01
  1501 8.568504e-01
  1502 8.567552e-01
  1503 8.566611e-01
  1504 8.565659e-01
  1505 8.564707e-01
  1506 8.563750e-01
  1507 8.562803e-01
  1508 8.561850e-01
  1509 8.560898e-01
  1510 8.559956e-01
  1511 8.559003e-01
  1512 8.558050e-01
  1513 8.557097e-01
  1514 8.556144e-01
  1515 8.555197e-01
  1516 8.554254e-01
  1517 8.553300e-01
  1518 8.552347e-01
  1519 8.551393e-01
  1520 8.550445e-01
  1521 8.549501e-01
  1522 8.548553e-01
  1523 8.547599e-01
  1524 8.546645e-01
  1525 8.545696e-01
  1526 8.544752e-01
  1527 8.543803e-01
  1528 8.542848e-01
  1529 8.541899e-01
  1530 8.540954e-01
  1531 8.540005e-01
  1532 8.539055e-01
  1533 8.538110e-01
  1534 8.537160e-01
  1535 8.536210e-01
  1536 8.535265e-01
  1537 8.534315e-01
  1538 8.533365e-01
  1539 8.532419e-01
  1540 8.531469e-01
  1541 8.530518e-01
  1542 8.529577e-01
  1543 8.528626e-01
  1544 8.527680e-01
  1545 8.526729e-01
  1546 8.525778e-01
  1547 8.524837e-01
  1548 8.523886e-01
  1549 8.522944e-01
  1550 8.521993e-01
  1551 8.521051e-01
  1552 8.520099e-01
  1553 8.519158e-01
  1554 8.518205e-01
  1555 8.517264e-01
  1556 8.516311e-01
  1557 8.515369e-01
  1558 8.514422e-01
  1559 8.513474e-01
  1560 8.512527e-01
  1561 8.511584e-01
  1562 8.510641e-01
  1563 8.509688e-01
  1564 8.508746e-01
  1565 8.507797e-01
  1566 8.506854e-01
  1567 8.505911e-01
  1568 8.504963e-01
  1569 8.504019e-01
  1570 8.503066e-01
  1571 8.502127e-01
  1572 8.501183e-01
  1573 8.500234e-01
  1574 8.499291e-01
  1575 8.498346e-01
  1576 8.497397e-01
  1577 8.496458e-01
  1578 8.495509e-01
  1579 8.494559e-01
  1580 8.493620e-01
  1581 8.492680e-01
  1582 8.491735e-01
  1583 8.490785e-01
  1584 8.489845e-01
  1585 8.488895e-01
  1586 8.487945e-01
  1587 8.487005e-01
  1588 8.486064e-01
  1589 8.485119e-01
  1590 8.484168e-01
  1591 8.483228e-01
  1592 8.482282e-01
  1593 8.481331e-01
  1594 8.480390e-01
  1595 8.479449e-01
  1596 8.478503e-01
  1597 8.477551e-01
  1598 8.476610e-01
  1599 8.475668e-01
  1600 8.474722e-01
  1601 8.473775e-01
  1602 8.472833e-01
  1603 8.471891e-01
  1604 8.470944e-01
  1605 8.469992e-01
  1606 8.469055e-01
  1607 8.468108e-01
  1608 8.467155e-01
  1609 8.466218e-01
  1610 8.465275e-01
  1611 8.464327e-01
  1612 8.463379e-01
  1613 8.462436e-01
  1614 8.461493e-01
  1615 8.460545e-01
  1616 8.459597e-01
  1617 8.458654e-01
  1618 8.457705e-01
  1619 8.456756e-01
  1620 8.455818e-01
  1621 8.454869e-01
  1622 8.453920e-01
  1623 8.452976e-01
  1624 8.452037e-01
  1625 8.451088e-01
  1626 8.450138e-01
  1627 8.449199e-01
  1628 8.448250e-01
  1629 8.447300e-01
  1630 8.446360e-01
  1631 8.445410e-01
  1632 8.444460e-01
  1633 8.443520e-01
  1634 8.442570e-01
  1635 8.441620e-01
  1636 8.440680e-01
  1637 8.439729e-01
  1638 8.438784e-01
  1639 8.437843e-01
  1640 8.436892e-01
  1641 8.435946e-01
  1642 8.435006e-01
  1643 8.434054e-01
  1644 8.433108e-01
  1645 8.432157e-01
  1646 8.431210e-01
  1647 8.430269e-01
  1648 8.429317e-01
  1649 8.428371e-01
  1650 8.427429e-01
  1651 8.426477e-01
  1652 8.425530e-01
  1653 8.424588e-01
  1654 8.423641e-01
  1655 8.422693e-01
  1656 8.421751e-01
  1657 8.420798e-01
  1658 8.419851e-01
  1659 8.418913e-01
  1660 8.417960e-01
  1661 8.417012e-01
  1662 8.416069e-01
  1663 8.415121e-01
  1664 8.414173e-01
  1665 8.413235e-01
  1666 8.412281e-01
  1667 8.411333e-01
  1668 8.410394e-01
  1669 8.409451e-01
  1670 8.408496e-01
  1671 8.407553e-01
  1672 8.406609e-01
  1673 8.405659e-01
  1674 8.404715e-01
  1675 8.403771e-01
  1676 8.402826e-01
  1677 8.401877e-01
  1678 8.400932e-01
  1679 8.399988e-01
  1680 8.399048e-01
  1681 8.398093e-01
  1682 8.397148e-01
  1683 8.396208e-01
  1684 8.395262e-01
  1685 8.394322e-01
  1686 8.393372e-01
  1687 8.392426e-01
  1688 8.391480e-01
  1689 8.390540e-01
  1690 8.389594e-01
  1691 8.388653e-01
  1692 8.387702e-01
  1693 8.386756e-01
  1694 8.385815e-01
  1695 8.384873e-01
  1696 8.383932e-01
  1697 8.382985e-01
  1698 8.382044e-01
  1699 8.381102e-01
  1700 8.380161e-01
  1701 8.379219e-01
  1702 8.378272e-01
  1703 8.377329e-01
  1704 8.376387e-01
  1705 8.375445e-01
  1706 8.374492e-01
  1707 8.373550e-01
  1708 8.372607e-01
  1709 8.371675e-01
  1710 8.370732e-01
  1711 8.369789e-01
  1712 8.368846e-01
  1713 8.367903e-01
  1714 8.366965e-01
  1715 8.366022e-01
  1716 8.365078e-01
  1717 8.364135e-01
  1718 8.363191e-01
  1719 8.362253e-01
  1720 8.361309e-01
  1721 8.360365e-01
  1722 8.359421e-01
  1723 8.358492e-01
  1724 8.357548e-01
  1725 8.356609e-01
  1726 8.355664e-01
  1727 8.354720e-01
  1728 8.353780e-01
  1729 8.352846e-01
  1730 8.351906e-01
  1731 8.350961e-01
  1732 8.350021e-01
  1733 8.349076e-01
  1734 8.348136e-01
  1735 8.347206e-01
  1736 8.346260e-01
  1737 8.345320e-01
  1738 8.344379e-01
  1739 8.343433e-01
  1740 8.342503e-01
  1741 8.341562e-01
  1742 8.340616e-01
  1743 8.339675e-01
  1744 8.338744e-01
  1745 8.337803e-01
  1746 8.336862e-01
  1747 8.335920e-01
  1748 8.334984e-01
  1749 8.334042e-01
  1750 8.333100e-01
  1751 8.332158e-01
  1752 8.331227e-01
  1753 8.330285e-01
  1754 8.329342e-01
  1755 8.328400e-01
  1756 8.327468e-01
  1757 8.326525e-01
  1758 8.325583e-01
  1759 8.324645e-01
  1760 8.323713e-01
  1761 8.322770e-01
  1762 8.321827e-01
  1763 8.320883e-01
  1764 8.319951e-01
  1765 8.319012e-01
  1766 8.318069e-01
  1767 8.317125e-01
  1768 8.316192e-01
  1769 8.315253e-01
  1770 8.314310e-01
  1771 8.313371e-01
  1772 8.312437e-01
  1773 8.311493e-01
  1774 8.310554e-01
  1775 8.309609e-01
  1776 8.308680e-01
  1777 8.307736e-01
  1778 8.306796e-01
  1779 8.305851e-01
  1780 8.304911e-01
  1781 8.303977e-01
  1782 8.303037e-01
  1783 8.302091e-01
  1784 8.301151e-01
  1785 8.300221e-01
  1786 8.299276e-01
  1787 8.298335e-01
  1788 8.297395e-01
  1789 8.296454e-01
  1790 8.295518e-01
  1791 8.294577e-01
  1792 8.293636e-01
  1793 8.292690e-01
  1794 8.291754e-01
  1795 8.290818e-01
  1796 8.289876e-01
  1797 8.288935e-01
  1798 8.287993e-01
  1799 8.287062e-01
  1800 8.286115e-01
  1801 8.285178e-01
  1802 8.284231e-01
  1803 8.283294e-01
  1804 8.282362e-01
  1805 8.281414e-01
  1806 8.280477e-01
  1807 8.279534e-01
  1808 8.278591e-01
  1809 8.277659e-01
  1810 8.276716e-01
  1811 8.275773e-01
  1812 8.274830e-01
  1813 8.273892e-01
  1814 8.272959e-01
  1815 8.272015e-01
  1816 8.271072e-01
  1817 8.270133e-01
  1818 8.269200e-01
  1819 8.268256e-01
  1820 8.267312e-01
  1821 8.266373e-01
  1822 8.265440e-01
  1823 8.264495e-01
  1824 8.263551e-01
  1825 8.262617e-01
  1826 8.261683e-01
  1827 8.260738e-01
  1828 8.259793e-01
  1829 8.258853e-01
  1830 8.257919e-01
  1831 8.256979e-01
  1832 8.256039e-01
  1833 8.255104e-01
  1834 8.254158e-01
  1835 8.253223e-01
  1836 8.252288e-01
  1837 8.251342e-01
  1838 8.250407e-01
  1839 8.249471e-01
  1840 8.248525e-01
  1841 8.247589e-01
  1842 8.246653e-01
  1843 8.245707e-01
  1844 8.244771e-01
  1845 8.243835e-01
  1846 8.242893e-01
  1847 8.241962e-01
  1848 8.241015e-01
  1849 8.240078e-01
  1850 8.239142e-01
  1851 8.238205e-01
  1852 8.237268e-01
  1853 8.236331e-01
  1854 8.235394e-01
  1855 8.234457e-01
  1856 8.233519e-01
  1857 8.232582e-01
  1858 8.231644e-01
  1859 8.230707e-01
  1860 8.229769e-01
  1861 8.228831e-01
  1862 8.227893e-01
  1863 8.226955e-01
  1864 8.226017e-01
  1865 8.225079e-01
  1866 8.224145e-01
  1867 8.223207e-01
  1868 8.222274e-01
  1869 8.221335e-01
  1870 8.220396e-01
  1871 8.219462e-01
  1872 8.218523e-01
  1873 8.217595e-01
  1874 8.216656e-01
  1875 8.215716e-01
  1876 8.214787e-01
  1877 8.213848e-01
  1878 8.212908e-01
  1879 8.211979e-01
  1880 8.211039e-01
  1881 8.210099e-01
  1882 8.209170e-01
  1883 8.208229e-01
  1884 8.207294e-01
  1885 8.206365e-01
  1886 8.205424e-01
  1887 8.204489e-01
  1888 8.203553e-01
  1889 8.202623e-01
  1890 8.201682e-01
  1891 8.200746e-01
  1892 8.199816e-01
  1893 8.198885e-01
  1894 8.197944e-01
  1895 8.197008e-01
  1896 8.196077e-01
  1897 8.195146e-01
  1898 8.194204e-01
  1899 8.193267e-01
  1900 8.192336e-01
  1901 8.191404e-01
  1902 8.190462e-01
  1903 8.189530e-01
  1904 8.188598e-01
  1905 8.187661e-01
  1906 8.186735e-01
  1907 8.185792e-01
  1908 8.184854e-01
  1909 8.183922e-01
  1910 8.182989e-01
  1911 8.182062e-01
  1912 8.181119e-01
  1913 8.180186e-01
  1914 8.179253e-01
  1915 8.178320e-01
  1916 8.177387e-01
  1917 8.176448e-01
  1918 8.175510e-01
  1919 8.174582e-01
  1920 8.173648e-01
  1921 8.172715e-01
  1922 8.171776e-01
  1923 8.170842e-01
  1924 8.169908e-01
  1925 8.168974e-01
  1926 8.168045e-01
  1927 8.167105e-01
  1928 8.166166e-01
  1929 8.165236e-01
  1930 8.164302e-01
  1931 8.163372e-01
  1932 8.162432e-01
  1933 8.161497e-01
  1934 8.160562e-01
  1935 8.159633e-01
  1936 8.158697e-01
  1937 8.157757e-01
  1938 8.156821e-01
  1939 8.155891e-01
  1940 8.154961e-01
  1941 8.154020e-01
  1942 8.153084e-01
  1943 8.152153e-01
  1944 8.151217e-01
  1945 8.150286e-01
  1946 8.149344e-01
  1947 8.148413e-01
  1948 8.147477e-01
  1949 8.146546e-01
  1950 8.145614e-01
  1951 8.144672e-01
  1952 8.143740e-01
  1953 8.142809e-01
  1954 8.141877e-01
  1955 8.140934e-01
  1956 8.139997e-01
  1957 8.139065e-01
  1958 8.138133e-01
  1959 8.137200e-01
  1960 8.136262e-01
  1961 8.135324e-01
  1962 8.134397e-01
  1963 8.133464e-01
  1964 8.132531e-01
  1965 8.131588e-01
  1966 8.130655e-01
  1967 8.129721e-01
  1968 8.128788e-01
  1969 8.127855e-01
  1970 8.126916e-01
  1971 8.125982e-01
  1972 8.125048e-01
  1973 8.124115e-01
  1974 8.123186e-01
  1975 8.122241e-01
  1976 8.121307e-01
  1977 8.120378e-01
  1978 8.119444e-01
  1979 8.118509e-01
  1980 8.117580e-01
  1981 8.116635e-01
  1982 8.115705e-01
  1983 8.114770e-01
  1984 8.113841e-01
  1985 8.112905e-01
  1986 8.111976e-01
  1987 8.111040e-01
  1988 8.110099e-01
  1989 8.109164e-01
  1990 8.108234e-01
  1991 8.107298e-01
  1992 8.106367e-01
  1993 8.105437e-01
  1994 8.104500e-01
  1995 8.103570e-01
  1996 8.102639e-01
  1997 8.101702e-01
  1998 8.100771e-01
  1999 8.099840e-01
  2000 8.098903e-01
  2001 8.097961e-01
  2002 8.097029e-01
  2003 8.096098e-01
  2004 8.095166e-01
  2005 8.094234e-01
  2006 8.093302e-01
  2007 8.092364e-01
  2008 8.091432e-01
  2009 8.090511e-01
  2010 8.089578e-01
  2011 8.088646e-01
  2012 8.087713e-01
  2013 8.086780e-01
  2014 8.085847e-01
  2015 8.084914e-01
  2016 8.083981e-01
  2017 8.083048e-01
  2018 8.082115e-01
  2019 8.081181e-01
  2020 8.080253e-01
  2021 8.079330e-01
  2022 8.078397e-01
  2023 8.077463e-01
  2024 8.076529e-01
  2025 8.075595e-01
  2026 8.074666e-01
  2027 8.073732e-01
  2028 8.072808e-01
  2029 8.071874e-01
  2030 8.070944e-01
  2031 8.070010e-01
  2032 8.069080e-01
  2033 8.068156e-01
  2034 8.067221e-01
  2035 8.066286e-01
  2036 8.065356e-01
  2037 8.064432e-01
  2038 8.063502e-01
  2039 8.062566e-01
  2040 8.061636e-01
  2041 8.060711e-01
  2042 8.059780e-01
  2043 8.058844e-01
  2044 8.057914e-01
  2045 8.056994e-01
  2046 8.056057e-01
  2047 8.055126e-01
  2048 8.054206e-01
  2049 8.053269e-01
  2050 8.052338e-01
  2051 8.051417e-01
  2052 8.050480e-01
  2053 8.049549e-01
  2054 8.048628e-01
  2055 8.047691e-01
  2056 8.046764e-01
  2057 8.045837e-01
  2058 8.044905e-01
  2059 8.043973e-01
  2060 8.043051e-01
  2061 8.042119e-01
  2062 8.041186e-01
  2063 8.040264e-01
  2064 8.039326e-01
  2065 8.038398e-01
  2066 8.037476e-01
  2067 8.036543e-01
  2068 8.035621e-01
  2069 8.034687e-01
  2070 8.033754e-01
  2071 8.032831e-01
  2072 8.031897e-01
  2073 8.030969e-01
  2074 8.030046e-01
  2075 8.029112e-01
  2076 8.028188e-01
  2077 8.027254e-01
  2078 8.026325e-01
  2079 8.025402e-01
  2080 8.024467e-01
  2081 8.023538e-01
  2082 8.022614e-01
  2083 8.021684e-01
  2084 8.020760e-01
  2085 8.019825e-01
  2086 8.018895e-01
  2087 8.017971e-01
  2088 8.017035e-01
  2089 8.016111e-01
  2090 8.015186e-01
  2091 8.014256e-01
  2092 8.013331e-01
  2093 8.012395e-01
  2094 8.011469e-01
  2095 8.010544e-01
  2096 8.009613e-01
  2097 8.008688e-01
  2098 8.007751e-01
  2099 8.006825e-01
  2100 8.005900e-01
  2101 8.004968e-01
  2102 8.004042e-01
  2103 8.003116e-01
  2104 8.002184e-01
  2105 8.001263e-01
  2106 8.000326e-01
  2107 7.999399e-01
  2108 7.998473e-01
  2109 7.997540e-01
  2110 7.996613e-01
  2111 7.995686e-01
  2112 7.994759e-01
  2113 7.993832e-01
  2114 7.992899e-01
  2115 7.991972e-01
  2116 7.991044e-01
  2117 7.990116e-01
  2118 7.989194e-01
  2119 7.988261e-01
  2120 7.987333e-01
  2121 7.986410e-01
  2122 7.985471e-01
  2123 7.984548e-01
  2124 7.983620e-01
  2125 7.982691e-01
  2126 7.981768e-01
  2127 7.980839e-01
  2128 7.979916e-01
  2129 7.978981e-01
  2130 7.978052e-01
  2131 7.977129e-01
  2132 7.976199e-01
  2133 7.975275e-01
  2134 7.974340e-01
  2135 7.973416e-01
  2136 7.972486e-01
  2137 7.971562e-01
  2138 7.970632e-01
  2139 7.969708e-01
  2140 7.968777e-01
  2141 7.967853e-01
  2142 7.966928e-01
  2143 7.966003e-01
  2144 7.965072e-01
  2145 7.964147e-01
  2146 7.963216e-01
  2147 7.962291e-01
  2148 7.961365e-01
  2149 7.960439e-01
  2150 7.959508e-01
  2151 7.958588e-01
  2152 7.957656e-01
  2153 7.956730e-01
  2154 7.955804e-01
  2155 7.954878e-01
  2156 7.953951e-01
  2157 7.953025e-01
  2158 7.952104e-01
  2159 7.951171e-01
  2160 7.950250e-01
  2161 7.949318e-01
  2162 7.948396e-01
  2163 7.947474e-01
  2164 7.946541e-01
  2165 7.945620e-01
  2166 7.944698e-01
  2167 7.943770e-01
  2168 7.942842e-01
  2169 7.941914e-01
  2170 7.940987e-01
  2171 7.940069e-01
  2172 7.939147e-01
  2173 7.938219e-01
  2174 7.937290e-01
  2175 7.936373e-01
  2176 7.935439e-01
  2177 7.934515e-01
  2178 7.933592e-01
  2179 7.932674e-01
  2180 7.931740e-01
  2181 7.930816e-01
  2182 7.929898e-01
  2183 7.928974e-01
  2184 7.928045e-01
  2185 7.927121e-01
  2186 7.926196e-01
  2187 7.925278e-01
  2188 7.924353e-01
  2189 7.923423e-01
  2190 7.922499e-01
  2191 7.921579e-01
  2192 7.920655e-01
  2193 7.919730e-01
  2194 7.918810e-01
  2195 7.917880e-01
  2196 7.916954e-01
  2197 7.916035e-01
  2198 7.915109e-01
  2199 7.914189e-01
  2200 7.913269e-01
  2201 7.912343e-01
  2202 7.911412e-01
  2203 7.910491e-01
  2204 7.909565e-01
  2205 7.908644e-01
  2206 7.907724e-01
  2207 7.906803e-01
  2208 7.905876e-01
  2209 7.904955e-01
  2210 7.904034e-01
  2211 7.903112e-01
  2212 7.902185e-01
  2213 7.901264e-01
  2214 7.900342e-01
  2215 7.899409e-01
  2216 7.898488e-01
  2217 7.897566e-01
  2218 7.896643e-01
  2219 7.895721e-01
  2220 7.894799e-01
  2221 7.893877e-01
  2222 7.892954e-01
  2223 7.892031e-01
  2224 7.891109e-01
  2225 7.890186e-01
  2226 7.889263e-01
  2227 7.888340e-01
  2228 7.887417e-01
  2229 7.886493e-01
  2230 7.885570e-01
  2231 7.884646e-01
  2232 7.883723e-01
  2233 7.882799e-01
  2234 7.881881e-01
  2235 7.880957e-01
  2236 7.880033e-01
  2237 7.879109e-01
  2238 7.878184e-01
  2239 7.877266e-01
  2240 7.876341e-01
  2241 7.875417e-01
  2242 7.874497e-01
  2243 7.873573e-01
  2244 7.872648e-01
  2245 7.871728e-01
  2246 7.870803e-01
  2247 7.869883e-01
  2248 7.868958e-01
  2249 7.868033e-01
  2250 7.867113e-01
  2251 7.866187e-01
  2252 7.865267e-01
  2253 7.864341e-01
  2254 7.863420e-01
  2255 7.862494e-01
  2256 7.861574e-01
  2257 7.860653e-01
  2258 7.859726e-01
  2259 7.858805e-01
  2260 7.857879e-01
  2261 7.856958e-01
  2262 7.856036e-01
  2263 7.855115e-01
  2264 7.854188e-01
  2265 7.853266e-01
  2266 7.852344e-01
  2267 7.851423e-01
  2268 7.850495e-01
  2269 7.849573e-01
  2270 7.848651e-01
  2271 7.847728e-01
  2272 7.846806e-01
  2273 7.845884e-01
  2274 7.844955e-01
  2275 7.844033e-01
  2276 7.843110e-01
  2277 7.842187e-01
  2278 7.841264e-01
  2279 7.840341e-01
  2280 7.839417e-01
  2281 7.838494e-01
  2282 7.837571e-01
  2283 7.836647e-01
  2284 7.835723e-01
  2285 7.834805e-01
  2286 7.833881e-01
  2287 7.832957e-01
  2288 7.832033e-01
  2289 7.831109e-01
  2290 7.830184e-01
  2291 7.829265e-01
  2292 7.828341e-01
  2293 7.827416e-01
  2294 7.826497e-01
  2295 7.825583e-01
  2296 7.824658e-01
  2297 7.823733e-01
  2298 7.822813e-01
  2299 7.821888e-01
  2300 7.820963e-01
  2301 7.820043e-01
  2302 7.819117e-01
  2303 7.818197e-01
  2304 7.817282e-01
  2305 7.816356e-01
  2306 7.815436e-01
  2307 7.814509e-01
  2308 7.813589e-01
  2309 7.812668e-01
  2310 7.811752e-01
  2311 7.810831e-01
  2312 7.809905e-01
  2313 7.808983e-01
  2314 7.808056e-01
  2315 7.807140e-01
  2316 7.806224e-01
  2317 7.805297e-01
  2318 7.804375e-01
  2319 7.803453e-01
  2320 7.802543e-01
  2321 7.801615e-01
  2322 7.800693e-01
  2323 7.799776e-01
  2324 7.798859e-01
  2325 7.797931e-01
  2326 7.797014e-01
  2327 7.796096e-01
  2328 7.795173e-01
  2329 7.794250e-01
  2330 7.793333e-01
  2331 7.792415e-01
  2332 7.791492e-01
  2333 7.790574e-01
  2334 7.789656e-01
  2335 7.788732e-01
  2336 7.787820e-01
  2337 7.786896e-01
  2338 7.785978e-01
  2339 7.785059e-01
  2340 7.784135e-01
  2341 7.783216e-01
  2342 7.782297e-01
  2343 7.781378e-01
  2344 7.780465e-01
  2345 7.779546e-01
  2346 7.778626e-01
  2347 7.777701e-01
  2348 7.776788e-01
  2349 7.775868e-01
  2350 7.774948e-01
  2351 7.774034e-01
  2352 7.773114e-01
  2353 7.772194e-01
  2354 7.771274e-01
  2355 7.770359e-01
  2356 7.769439e-01
  2357 7.768524e-01
  2358 7.767604e-01
  2359 7.766688e-01
  2360 7.765768e-01
  2361 7.764852e-01
  2362 7.763931e-01
  2363 7.763016e-01
  2364 7.762095e-01
  2365 7.761179e-01
  2366 7.760257e-01
  2367 7.759347e-01
  2368 7.758431e-01
  2369 7.757509e-01
  2370 7.756593e-01
  2371 7.755677e-01
  2372 7.754760e-01
  2373 7.753838e-01
  2374 7.752921e-01
  2375 7.752005e-01
  2376 7.751093e-01
  2377 7.750171e-01
  2378 7.749253e-01
  2379 7.748336e-01
  2380 7.747419e-01
  2381 7.746507e-01
  2382 7.745590e-01
  2383 7.744672e-01
  2384 7.743754e-01
  2385 7.742836e-01
  2386 7.741924e-01
  2387 7.741006e-01
  2388 7.740088e-01
  2389 7.739169e-01
  2390 7.738251e-01
  2391 7.737338e-01
  2392 7.736419e-01
  2393 7.735506e-01
  2394 7.734587e-01
  2395 7.733668e-01
  2396 7.732755e-01
  2397 7.731836e-01
  2398 7.730916e-01
  2399 7.730008e-01
  2400 7.729089e-01
  2401 7.728169e-01
  2402 7.727255e-01
  2403 7.726335e-01
  2404 7.725426e-01
  2405 7.724506e-01
  2406 7.723586e-01
  2407 7.722677e-01
  2408 7.721757e-01
  2409 7.720842e-01
  2410 7.719921e-01
  2411 7.719006e-01
  2412 7.718097e-01
  2413 7.717176e-01
  2414 7.716255e-01
  2415 7.715345e-01
  2416 7.714424e-01
  2417 7.713508e-01
  2418 7.712598e-01
  2419 7.711676e-01
  2420 7.710766e-01
  2421 7.709844e-01
  2422 7.708928e-01
  2423 7.708017e-01
  2424 7.707095e-01
  2425 7.706178e-01
  2426 7.705267e-01
  2427 7.704350e-01
  2428 7.703433e-01
  2429 7.702522e-01
  2430 7.701599e-01
  2431 7.700682e-01
  2432 7.699776e-01
  2433 7.698853e-01
  2434 7.697935e-01
  2435 7.697029e-01
  2436 7.696105e-01
  2437 7.695193e-01
  2438 7.694281e-01
  2439 7.693357e-01
  2440 7.692444e-01
  2441 7.691532e-01
  2442 7.690613e-01
  2443 7.689695e-01
  2444 7.688782e-01
  2445 7.687874e-01
  2446 7.686950e-01
  2447 7.686036e-01
  2448 7.685129e-01
  2449 7.684204e-01
  2450 7.683290e-01
  2451 7.682376e-01
  2452 7.681468e-01
  2453 7.680543e-01
  2454 7.679629e-01
  2455 7.678720e-01
  2456 7.677806e-01
  2457 7.676886e-01
  2458 7.675971e-01
  2459 7.675057e-01
  2460 7.674148e-01
  2461 7.673227e-01
  2462 7.672312e-01
  2463 7.671403e-01
  2464 7.670488e-01
  2465 7.669578e-01
  2466 7.668663e-01
  2467 7.667741e-01
  2468 7.666826e-01
  2469 7.665916e-01
  2470 7.665006e-01
  2471 7.664090e-01
  2472 7.663179e-01
  2473 7.662257e-01
  2474 7.661347e-01
  2475 7.660431e-01
  2476 7.659520e-01
  2477 7.658609e-01
  2478 7.657698e-01
  2479 7.656781e-01
  2480 7.655870e-01
  2481 7.654958e-01
  2482 7.654047e-01
  2483 7.653135e-01
  2484 7.652212e-01
  2485 7.651301e-01
  2486 7.650389e-01
  2487 7.649477e-01
  2488 7.648565e-01
  2489 7.647652e-01
  2490 7.646740e-01
  2491 7.645828e-01
  2492 7.644915e-01
  2493 7.644002e-01
  2494 7.643090e-01
  2495 7.642177e-01
  2496 7.641264e-01
  2497 7.640351e-01
  2498 7.639449e-01
  2499 7.638536e-01
  2500 7.637622e-01
  2501 7.636709e-01
  2502 7.635801e-01
  2503 7.634887e-01
  2504 7.633973e-01
  2505 7.633059e-01
  2506 7.632151e-01
  2507 7.631237e-01
  2508 7.630323e-01
  2509 7.629425e-01
  2510 7.628511e-01
  2511 7.627596e-01
  2512 7.626687e-01
  2513 7.625772e-01
  2514 7.624857e-01
  2515 7.623948e-01
  2516 7.623044e-01
  2517 7.622135e-01
  2518 7.621220e-01
  2519 7.620310e-01
  2520 7.619394e-01
  2521 7.618484e-01
  2522 7.617580e-01
  2523 7.616670e-01
  2524 7.615754e-01
  2525 7.614843e-01
  2526 7.613933e-01
  2527 7.613028e-01
  2528 7.612117e-01
  2529 7.611200e-01
  2530 7.610290e-01
  2531 7.609378e-01
  2532 7.608479e-01
  2533 7.607562e-01
  2534 7.606650e-01
  2535 7.605739e-01
  2536 7.604839e-01
  2537 7.603921e-01
  2538 7.603009e-01
  2539 7.602097e-01
  2540 7.601197e-01
  2541 7.600285e-01
  2542 7.599367e-01
  2543 7.598460e-01
  2544 7.597553e-01
  2545 7.596641e-01
  2546 7.595728e-01
  2547 7.594821e-01
  2548 7.593914e-01
  2549 7.593001e-01
  2550 7.592088e-01
  2551 7.591180e-01
  2552 7.590273e-01
  2553 7.589359e-01
  2554 7.588451e-01
  2555 7.587549e-01
  2556 7.586635e-01
  2557 7.585721e-01
  2558 7.584813e-01
  2559 7.583905e-01
  2560 7.582996e-01
  2561 7.582082e-01
  2562 7.581173e-01
  2563 7.580264e-01
  2564 7.579350e-01
  2565 7.578441e-01
  2566 7.577537e-01
  2567 7.576628e-01
  2568 7.575713e-01
  2569 7.574803e-01
  2570 7.573900e-01
  2571 7.572984e-01
  2572 7.572074e-01
  2573 7.571170e-01
  2574 7.570254e-01
  2575 7.569350e-01
  2576 7.568446e-01
  2577 7.567529e-01
  2578 7.566613e-01
  2579 7.565708e-01
  2580 7.564804e-01
  2581 7.563887e-01
  2582 7.562982e-01
  2583 7.562077e-01
  2584 7.561160e-01
  2585 7.560254e-01
  2586 7.559349e-01
  2587 7.558432e-01
  2588 7.557526e-01
  2589 7.556620e-01
  2590 7.555702e-01
  2591 7.554796e-01
  2592 7.553890e-01
  2593 7.552978e-01
  2594 7.552066e-01
  2595 7.551165e-01
  2596 7.550247e-01
  2597 7.549340e-01
  2598 7.548433e-01
  2599 7.547526e-01
  2600 7.546619e-01
  2601 7.545706e-01
  2602 7.544799e-01
  2603 7.543891e-01
  2604 7.542978e-01
  2605 7.542070e-01
  2606 7.541163e-01
  2607 7.540255e-01
  2608 7.539347e-01
  2609 7.538433e-01
  2610 7.537525e-01
  2611 7.536617e-01
  2612 7.535714e-01
  2613 7.534805e-01
  2614 7.533897e-01
  2615 7.532988e-01
  2616 7.532079e-01
  2617 7.531176e-01
  2618 7.530261e-01
  2619 7.529352e-01
  2620 7.528443e-01
  2621 7.527539e-01
  2622 7.526630e-01
  2623 7.525720e-01
  2624 7.524816e-01
  2625 7.523906e-01
  2626 7.522996e-01
  2627 7.522092e-01
  2628 7.521182e-01
  2629 7.520278e-01
  2630 7.519373e-01
  2631 7.518463e-01
  2632 7.517558e-01
  2633 7.516653e-01
  2634 7.515742e-01
  2635 7.514837e-01
  2636 7.513926e-01
  2637 7.513026e-01
  2638 7.512115e-01
  2639 7.511210e-01
  2640 7.510304e-01
  2641 7.509392e-01
  2642 7.508492e-01
  2643 7.507586e-01
  2644 7.506674e-01
  2645 7.505774e-01
  2646 7.504868e-01
  2647 7.503955e-01
  2648 7.503060e-01
  2649 7.502148e-01
  2650 7.501241e-01
  2651 7.500340e-01
  2652 7.499427e-01
  2653 7.498520e-01
  2654 7.497619e-01
  2655 7.496717e-01
  2656 7.495810e-01
  2657 7.494902e-01
  2658 7.494001e-01
  2659 7.493093e-01
  2660 7.492185e-01
  2661 7.491283e-01
  2662 7.490381e-01
  2663 7.489478e-01
  2664 7.488564e-01
  2665 7.487662e-01
  2666 7.486759e-01
  2667 7.485856e-01
  2668 7.484947e-01
  2669 7.484038e-01
  2670 7.483135e-01
  2671 7.482232e-01
  2672 7.481335e-01
  2673 7.480431e-01
  2674 7.479522e-01
  2675 7.478612e-01
  2676 7.477714e-01
  2677 7.476810e-01
  2678 7.475906e-01
  2679 7.475002e-01
  2680 7.474104e-01
  2681 7.473188e-01
  2682 7.472283e-01
  2683 7.471385e-01
  2684 7.470480e-01
  2685 7.469575e-01
  2686 7.468676e-01
  2687 7.467771e-01
  2688 7.466872e-01
  2689 7.465961e-01
  2690 7.465056e-01
  2691 7.464150e-01
  2692 7.463251e-01
  2693 7.462345e-01
  2694 7.461445e-01
  2695 7.460539e-01
  2696 7.459639e-01
  2697 7.458733e-01
  2698 7.457833e-01
  2699 7.456926e-01
  2700 7.456026e-01
  2701 7.455113e-01
  2702 7.454213e-01
  2703 7.453306e-01
  2704 7.452405e-01
  2705 7.451504e-01
  2706 7.450602e-01
  2707 7.449695e-01
  2708 7.448794e-01
  2709 7.447892e-01
  2710 7.446991e-01
  2711 7.446089e-01
  2712 7.445181e-01
  2713 7.444279e-01
  2714 7.443377e-01
  2715 7.442475e-01
  2716 7.441573e-01
  2717 7.440670e-01
  2718 7.439768e-01
  2719 7.438865e-01
  2720 7.437950e-01
  2721 7.437048e-01
  2722 7.436145e-01
  2723 7.435242e-01
  2724 7.434338e-01
  2725 7.433435e-01
  2726 7.432537e-01
  2727 7.431634e-01
  2728 7.430730e-01
  2729 7.429827e-01
  2730 7.428923e-01
  2731 7.428019e-01
  2732 7.427121e-01
  2733 7.426216e-01
  2734 7.425312e-01
  2735 7.424408e-01
  2736 7.423509e-01
  2737 7.422604e-01
  2738 7.421700e-01
  2739 7.420801e-01
  2740 7.419896e-01
  2741 7.418991e-01
  2742 7.418091e-01
  2743 7.417186e-01
  2744 7.416287e-01
  2745 7.415381e-01
  2746 7.414481e-01
  2747 7.413576e-01
  2748 7.412676e-01
  2749 7.411770e-01
  2750 7.410870e-01
  2751 7.409964e-01
  2752 7.409063e-01
  2753 7.408163e-01
  2754 7.407268e-01
  2755 7.406361e-01
  2756 7.405460e-01
  2757 7.404560e-01
  2758 7.403658e-01
  2759 7.402751e-01
  2760 7.401850e-01
  2761 7.400949e-01
  2762 7.400041e-01
  2763 7.399140e-01
  2764 7.398238e-01
  2765 7.397336e-01
  2766 7.396434e-01
  2767 7.395538e-01
  2768 7.394636e-01
  2769 7.393734e-01
  2770 7.392831e-01
  2771 7.391929e-01
  2772 7.391026e-01
  2773 7.390124e-01
  2774 7.389233e-01
  2775 7.388330e-01
  2776 7.387427e-01
  2777 7.386524e-01
  2778 7.385620e-01
  2779 7.384717e-01
  2780 7.383825e-01
  2781 7.382922e-01
  2782 7.382018e-01
  2783 7.381114e-01
  2784 7.380210e-01
  2785 7.379318e-01
  2786 7.378414e-01
  2787 7.377516e-01
  2788 7.376611e-01
  2789 7.375719e-01
  2790 7.374814e-01
  2791 7.373910e-01
  2792 7.373011e-01
  2793 7.372118e-01
  2794 7.371213e-01
  2795 7.370307e-01
  2796 7.369408e-01
  2797 7.368515e-01
  2798 7.367609e-01
  2799 7.366710e-01
  2800 7.365816e-01
  2801 7.364910e-01
  2802 7.364010e-01
  2803 7.363116e-01
  2804 7.362216e-01
  2805 7.361315e-01
  2806 7.360421e-01
  2807 7.359520e-01
  2808 7.358626e-01
  2809 7.357719e-01
  2810 7.356818e-01
  2811 7.355923e-01
  2812 7.355022e-01
  2813 7.354127e-01
  2814 7.353225e-01
  2815 7.352324e-01
  2816 7.351428e-01
  2817 7.350527e-01
  2818 7.349637e-01
  2819 7.348735e-01
  2820 7.347839e-01
  2821 7.346937e-01
  2822 7.346041e-01
  2823 7.345144e-01
  2824 7.344248e-01
  2825 7.343345e-01
  2826 7.342449e-01
  2827 7.341552e-01
  2828 7.340655e-01
  2829 7.339752e-01
  2830 7.338861e-01
  2831 7.337958e-01
  2832 7.337060e-01
  2833 7.336163e-01
  2834 7.335265e-01
  2835 7.334368e-01
  2836 7.333470e-01
  2837 7.332572e-01
  2838 7.331680e-01
  2839 7.330782e-01
  2840 7.329884e-01
  2841 7.328985e-01
  2842 7.328087e-01
  2843 7.327188e-01
  2844 7.326290e-01
  2845 7.325397e-01
  2846 7.324504e-01
  2847 7.323605e-01
  2848 7.322706e-01
  2849 7.321807e-01
  2850 7.320913e-01
  2851 7.320014e-01
  2852 7.319120e-01
  2853 7.318221e-01
  2854 7.317321e-01
  2855 7.316433e-01
  2856 7.315533e-01
  2857 7.314633e-01
  2858 7.313739e-01
  2859 7.312838e-01
  2860 7.311944e-01
  2861 7.311049e-01
  2862 7.310149e-01
  2863 7.309260e-01
  2864 7.308359e-01
  2865 7.307458e-01
  2866 7.306569e-01
  2867 7.305668e-01
  2868 7.304772e-01
  2869 7.303871e-01
  2870 7.302975e-01
  2871 7.302086e-01
  2872 7.301184e-01
  2873 7.300288e-01
  2874 7.299398e-01
  2875 7.298496e-01
  2876 7.297600e-01
  2877 7.296709e-01
  2878 7.295807e-01
  2879 7.294910e-01
  2880 7.294020e-01
  2881 7.293117e-01
  2882 7.292220e-01
  2883 7.291329e-01
  2884 7.290426e-01
  2885 7.289529e-01
  2886 7.288638e-01
  2887 7.287740e-01
  2888 7.286843e-01
  2889 7.285951e-01
  2890 7.285059e-01
  2891 7.284155e-01
  2892 7.283257e-01
  2893 7.282371e-01
  2894 7.281467e-01
  2895 7.280569e-01
  2896 7.279682e-01
  2897 7.278778e-01
  2898 7.277885e-01
  2899 7.276992e-01
  2900 7.276099e-01
  2901 7.275200e-01
  2902 7.274301e-01
  2903 7.273408e-01
  2904 7.272515e-01
  2905 7.271615e-01
  2906 7.270722e-01
  2907 7.269828e-01
  2908 7.268929e-01
  2909 7.268029e-01
  2910 7.267141e-01
  2911 7.266247e-01
  2912 7.265352e-01
  2913 7.264452e-01
  2914 7.263558e-01
  2915 7.262663e-01
  2916 7.261775e-01
  2917 7.260868e-01
  2918 7.259973e-01
  2919 7.259084e-01
  2920 7.258189e-01
  2921 7.257300e-01
  2922 7.256398e-01
  2923 7.255497e-01
  2924 7.254607e-01
  2925 7.253712e-01
  2926 7.252822e-01
  2927 7.251926e-01
  2928 7.251030e-01
  2929 7.250134e-01
  2930 7.249238e-01
  2931 7.248348e-01
  2932 7.247451e-01
  2933 7.246561e-01
  2934 7.245664e-01
  2935 7.244774e-01
  2936 7.243871e-01
  2937 7.242980e-01
  2938 7.242083e-01
  2939 7.241192e-01
  2940 7.240300e-01
  2941 7.239409e-01
  2942 7.238511e-01
  2943 7.237620e-01
  2944 7.236728e-01
  2945 7.235836e-01
  2946 7.234944e-01
  2947 7.234046e-01
  2948 7.233154e-01
  2949 7.232262e-01
  2950 7.231370e-01
  2951 7.230477e-01
  2952 7.229585e-01
  2953 7.228692e-01
  2954 7.227799e-01
  2955 7.226906e-01
  2956 7.226013e-01
  2957 7.225120e-01
  2958 7.224227e-01
  2959 7.223333e-01
  2960 7.222440e-01
  2961 7.221546e-01
  2962 7.220653e-01
  2963 7.219759e-01
  2964 7.218865e-01
  2965 7.217977e-01
  2966 7.217083e-01
  2967 7.216195e-01
  2968 7.215306e-01
  2969 7.214412e-01
  2970 7.213517e-01
  2971 7.212623e-01
  2972 7.211734e-01
  2973 7.210839e-01
  2974 7.209944e-01
  2975 7.209061e-01
  2976 7.208172e-01
  2977 7.207276e-01
  2978 7.206381e-01
  2979 7.205491e-01
  2980 7.204608e-01
  2981 7.203712e-01
  2982 7.202822e-01
  2983 7.201926e-01
  2984 7.201036e-01
  2985 7.200152e-01
  2986 7.199262e-01
  2987 7.198365e-01
  2988 7.197475e-01
  2989 7.196578e-01
  2990 7.195693e-01
  2991 7.194802e-01
  2992 7.193912e-01
  2993 7.193014e-01
  2994 7.192135e-01
  2995 7.191238e-01
  2996 7.190347e-01
  2997 7.189461e-01
  2998 7.188570e-01
  2999 7.187678e-01
  3000 7.186786e-01
  3001 7.185900e-01
  3002 7.185008e-01
  3003 7.184116e-01
  3004 7.183230e-01
  3005 7.182337e-01
  3006 7.181445e-01
  3007 7.180552e-01
  3008 7.179666e-01
  3009 7.178773e-01
  3010 7.177880e-01
  3011 7.176999e-01
  3012 7.176106e-01
  3013 7.175213e-01
  3014 7.174331e-01
  3015 7.173432e-01
  3016 7.172544e-01
  3017 7.171657e-01
  3018 7.170763e-01
  3019 7.169875e-01
  3020 7.168987e-01
  3021 7.168093e-01
  3022 7.167205e-01
  3023 7.166316e-01
  3024 7.165428e-01
  3025 7.164545e-01
  3026 7.163651e-01
  3027 7.162756e-01
  3028 7.161873e-01
  3029 7.160978e-01
  3030 7.160089e-01
  3031 7.159200e-01
  3032 7.158311e-01
  3033 7.157415e-01
  3034 7.156532e-01
  3035 7.155642e-01
  3036 7.154758e-01
  3037 7.153862e-01
  3038 7.152972e-01
  3039 7.152089e-01
  3040 7.151192e-01
  3041 7.150308e-01
  3042 7.149418e-01
  3043 7.148527e-01
  3044 7.147637e-01
  3045 7.146746e-01
  3046 7.145861e-01
  3047 7.144970e-01
  3048 7.144079e-01
  3049 7.143194e-01
  3050 7.142303e-01
  3051 7.141417e-01
  3052 7.140526e-01
  3053 7.139640e-01
  3054 7.138749e-01
  3055 7.137857e-01
  3056 7.136971e-01
  3057 7.136079e-01
  3058 7.135193e-01
  3059 7.134301e-01
  3060 7.133420e-01
  3061 7.132528e-01
  3062 7.131641e-01
  3063 7.130749e-01
  3064 7.129856e-01
  3065 7.128969e-01
  3066 7.128082e-01
  3067 7.127195e-01
  3068 7.126302e-01
  3069 7.125421e-01
  3070 7.124527e-01
  3071 7.123646e-01
  3072 7.122752e-01
  3073 7.121864e-01
  3074 7.120976e-01
  3075 7.120089e-01
  3076 7.119200e-01
  3077 7.118312e-01
  3078 7.117424e-01
  3079 7.116542e-01
  3080 7.115653e-01
  3081 7.114765e-01
  3082 7.113882e-01
  3083 7.112987e-01
  3084 7.112104e-01
  3085 7.111215e-01
  3086 7.110332e-01
  3087 7.109443e-01
  3088 7.108554e-01
  3089 7.107670e-01
  3090 7.106781e-01
  3091 7.105897e-01
  3092 7.105007e-01
  3093 7.104123e-01
  3094 7.103233e-01
  3095 7.102343e-01
  3096 7.101465e-01
  3097 7.100575e-01
  3098 7.099684e-01
  3099 7.098806e-01
  3100 7.097915e-01
  3101 7.097025e-01
  3102 7.096146e-01
  3103 7.095261e-01
  3104 7.094370e-01
  3105 7.093491e-01
  3106 7.092599e-01
  3107 7.091714e-01
  3108 7.090829e-01
  3109 7.089949e-01
  3110 7.089057e-01
  3111 7.088172e-01
  3112 7.087292e-01
  3113 7.086406e-01
  3114 7.085520e-01
  3115 7.084634e-01
  3116 7.083747e-01
  3117 7.082867e-01
  3118 7.081987e-01
  3119 7.081100e-01
  3120 7.080207e-01
  3121 7.079326e-01
  3122 7.078445e-01
  3123 7.077564e-01
  3124 7.076677e-01
  3125 7.075784e-01
  3126 7.074902e-01
  3127 7.074021e-01
  3128 7.073139e-01
  3129 7.072258e-01
  3130 7.071376e-01
  3131 7.070494e-01
  3132 7.069606e-01
  3133 7.068718e-01
  3134 7.067836e-01
  3135 7.066954e-01
  3136 7.066071e-01
  3137 7.065189e-01
  3138 7.064306e-01
  3139 7.063423e-01
  3140 7.062540e-01
  3141 7.061658e-01
  3142 7.060775e-01
  3143 7.059898e-01
  3144 7.059002e-01
  3145 7.058119e-01
  3146 7.057235e-01
  3147 7.056351e-01
  3148 7.055474e-01
  3149 7.054590e-01
  3150 7.053706e-01
  3151 7.052822e-01
  3152 7.051944e-01
  3153 7.051060e-01
  3154 7.050175e-01
  3155 7.049297e-01
  3156 7.048413e-01
  3157 7.047528e-01
  3158 7.046649e-01
  3159 7.045764e-01
  3160 7.044885e-01
  3161 7.044000e-01
  3162 7.043115e-01
  3163 7.042236e-01
  3164 7.041350e-01
  3165 7.040471e-01
  3166 7.039598e-01
  3167 7.038718e-01
  3168 7.037832e-01
  3169 7.036952e-01
  3170 7.036066e-01
  3171 7.035186e-01
  3172 7.034300e-01
  3173 7.033419e-01
  3174 7.032539e-01
  3175 7.031652e-01
  3176 7.030772e-01
  3177 7.029891e-01
  3178 7.029004e-01
  3179 7.028123e-01
  3180 7.027242e-01
  3181 7.026367e-01
  3182 7.025486e-01
  3183 7.024604e-01
  3184 7.023723e-01
  3185 7.022841e-01
  3186 7.021953e-01
  3187 7.021071e-01
  3188 7.020190e-01
  3189 7.019307e-01
  3190 7.018425e-01
  3191 7.017549e-01
  3192 7.016667e-01
  3193 7.015784e-01
  3194 7.014902e-01
  3195 7.014019e-01
  3196 7.013136e-01
  3197 7.012253e-01
  3198 7.011370e-01
  3199 7.010499e-01
  3200 7.009616e-01
  3201 7.008733e-01
  3202 7.007849e-01
  3203 7.006966e-01
  3204 7.006082e-01
  3205 7.005198e-01
  3206 7.004327e-01
  3207 7.003443e-01
  3208 7.002558e-01
  3209 7.001680e-01
  3210 7.000796e-01
  3211 6.999912e-01
  3212 6.999039e-01
  3213 6.998155e-01
  3214 6.997270e-01
  3215 6.996391e-01
  3216 6.995506e-01
  3217 6.994621e-01
  3218 6.993748e-01
  3219 6.992869e-01
  3220 6.991983e-01
  3221 6.991098e-01
  3222 6.990218e-01
  3223 6.989345e-01
  3224 6.988459e-01
  3225 6.987573e-01
  3226 6.986693e-01
  3227 6.985819e-01
  3228 6.984933e-01
  3229 6.984053e-01
  3230 6.983166e-01
  3231 6.982298e-01
  3232 6.981411e-01
  3233 6.980530e-01
  3234 6.979643e-01
  3235 6.978769e-01
  3236 6.977888e-01
  3237 6.977007e-01
  3238 6.976119e-01
  3239 6.975250e-01
  3240 6.974362e-01
  3241 6.973481e-01
  3242 6.972605e-01
  3243 6.971724e-01
  3244 6.970842e-01
  3245 6.969966e-01
  3246 6.969084e-01
  3247 6.968201e-01
  3248 6.967325e-01
  3249 6.966443e-01
  3250 6.965560e-01
  3251 6.964684e-01
  3252 6.963801e-01
  3253 6.962931e-01
  3254 6.962047e-01
  3255 6.961164e-01
  3256 6.960287e-01
  3257 6.959404e-01
  3258 6.958533e-01
  3259 6.957649e-01
  3260 6.956766e-01
  3261 6.955888e-01
  3262 6.955010e-01
  3263 6.954133e-01
  3264 6.953248e-01
  3265 6.952377e-01
  3266 6.951492e-01
  3267 6.950620e-01
  3268 6.949736e-01
  3269 6.948864e-01
  3270 6.947979e-01
  3271 6.947106e-01
  3272 6.946221e-01
  3273 6.945349e-01
  3274 6.944463e-01
  3275 6.943591e-01
  3276 6.942711e-01
  3277 6.941832e-01
  3278 6.940953e-01
  3279 6.940079e-01
  3280 6.939193e-01
  3281 6.938320e-01
  3282 6.937446e-01
  3283 6.936566e-01
  3284 6.935692e-01
  3285 6.934806e-01
  3286 6.933938e-01
  3287 6.933058e-01
  3288 6.932177e-01
  3289 6.931303e-01
  3290 6.930422e-01
  3291 6.929547e-01
  3292 6.928673e-01
  3293 6.927792e-01
  3294 6.926917e-01
  3295 6.926042e-01
  3296 6.925160e-01
  3297 6.924291e-01
  3298 6.923416e-01
  3299 6.922534e-01
  3300 6.921658e-01
  3301 6.920783e-01
  3302 6.919901e-01
  3303 6.919031e-01
  3304 6.918155e-01
  3305 6.917272e-01
  3306 6.916403e-01
  3307 6.915526e-01
  3308 6.914650e-01
  3309 6.913773e-01
  3310 6.912896e-01
  3311 6.912026e-01
  3312 6.911143e-01
  3313 6.910272e-01
  3314 6.909395e-01
  3315 6.908524e-01
  3316 6.907640e-01
  3317 6.906769e-01
  3318 6.905891e-01
  3319 6.905020e-01
  3320 6.904148e-01
  3321 6.903264e-01
  3322 6.902392e-01
  3323 6.901521e-01
  3324 6.900642e-01
  3325 6.899764e-01
  3326 6.898892e-01
  3327 6.898020e-01
  3328 6.897147e-01
  3329 6.896268e-01
  3330 6.895389e-01
  3331 6.894517e-01
  3332 6.893644e-01
  3333 6.892771e-01
  3334 6.891898e-01
  3335 6.891012e-01
  3336 6.890145e-01
  3337 6.889272e-01
  3338 6.888398e-01
  3339 6.887525e-01
  3340 6.886651e-01
  3341 6.885771e-01
  3342 6.884897e-01
  3343 6.884023e-01
  3344 6.883149e-01
  3345 6.882281e-01
  3346 6.881406e-01
  3347 6.880532e-01
  3348 6.879651e-01
  3349 6.878776e-01
  3350 6.877908e-01
  3351 6.877033e-01
  3352 6.876158e-01
  3353 6.875289e-01
  3354 6.874407e-01
  3355 6.873532e-01
  3356 6.872656e-01
  3357 6.871787e-01
  3358 6.870911e-01
  3359 6.870042e-01
  3360 6.869166e-01
  3361 6.868296e-01
  3362 6.867426e-01
  3363 6.866544e-01
  3364 6.865667e-01
  3365 6.864797e-01
  3366 6.863921e-01
  3367 6.863050e-01
  3368 6.862180e-01
  3369 6.861303e-01
  3370 6.860432e-01
  3371 6.859561e-01
  3372 6.858684e-01
  3373 6.857813e-01
  3374 6.856942e-01
  3375 6.856071e-01
  3376 6.855193e-01
  3377 6.854315e-01
  3378 6.853443e-01
  3379 6.852565e-01
  3380 6.851694e-01
  3381 6.850822e-01
  3382 6.849950e-01
  3383 6.849077e-01
  3384 6.848205e-01
  3385 6.847333e-01
  3386 6.846460e-01
  3387 6.845588e-01
  3388 6.844715e-01
  3389 6.843842e-01
  3390 6.842969e-01
  3391 6.842096e-01
  3392 6.841223e-01
  3393 6.840350e-01
  3394 6.839476e-01
  3395 6.838603e-01
  3396 6.837729e-01
  3397 6.836868e-01
  3398 6.835995e-01
  3399 6.835121e-01
  3400 6.834253e-01
  3401 6.833379e-01
  3402 6.832505e-01
  3403 6.831630e-01
  3404 6.830762e-01
  3405 6.829888e-01
  3406 6.829013e-01
  3407 6.828138e-01
  3408 6.827276e-01
  3409 6.826407e-01
  3410 6.825532e-01
  3411 6.824663e-01
  3412 6.823788e-01
  3413 6.822919e-01
  3414 6.822043e-01
  3415 6.821180e-01
  3416 6.820311e-01
  3417 6.819435e-01
  3418 6.818559e-01
  3419 6.817689e-01
  3420 6.816826e-01
  3421 6.815956e-01
  3422 6.815079e-01
  3423 6.814209e-01
  3424 6.813332e-01
  3425 6.812468e-01
  3426 6.811598e-01
  3427 6.810727e-01
  3428 6.809850e-01
  3429 6.808985e-01
  3430 6.808121e-01
  3431 6.807243e-01
  3432 6.806372e-01
  3433 6.805507e-01
  3434 6.804636e-01
  3435 6.803764e-01
  3436 6.802899e-01
  3437 6.802027e-01
  3438 6.801155e-01
  3439 6.800290e-01
  3440 6.799418e-01
  3441 6.798545e-01
  3442 6.797679e-01
  3443 6.796813e-01
  3444 6.795934e-01
  3445 6.795075e-01
  3446 6.794202e-01
  3447 6.793329e-01
  3448 6.792462e-01
  3449 6.791589e-01
  3450 6.790729e-01
  3451 6.789856e-01
  3452 6.788982e-01
  3453 6.788121e-01
  3454 6.787248e-01
  3455 6.786380e-01
  3456 6.785513e-01
  3457 6.784645e-01
  3458 6.783778e-01
  3459 6.782903e-01
  3460 6.782042e-01
  3461 6.781168e-01
  3462 6.780306e-01
  3463 6.779431e-01
  3464 6.778569e-01
  3465 6.777694e-01
  3466 6.776832e-01
  3467 6.775957e-01
  3468 6.775095e-01
  3469 6.774226e-01
  3470 6.773357e-01
  3471 6.772488e-01
  3472 6.771625e-01
  3473 6.770749e-01
  3474 6.769886e-01
  3475 6.769016e-01
  3476 6.768153e-01
  3477 6.767277e-01
  3478 6.766413e-01
  3479 6.765543e-01
  3480 6.764680e-01
  3481 6.763810e-01
  3482 6.762946e-01
  3483 6.762069e-01
  3484 6.761211e-01
  3485 6.760334e-01
  3486 6.759470e-01
  3487 6.758611e-01
  3488 6.757734e-01
  3489 6.756876e-01
  3490 6.755998e-01
  3491 6.755140e-01
  3492 6.754262e-01
  3493 6.753403e-01
  3494 6.752538e-01
  3495 6.751666e-01
  3496 6.750800e-01
  3497 6.749928e-01
  3498 6.749069e-01
  3499 6.748191e-01
  3500 6.747331e-01
  3501 6.746465e-01
  3502 6.745592e-01
  3503 6.744733e-01
  3504 6.743860e-01
  3505 6.742993e-01
  3506 6.742133e-01
  3507 6.741260e-01
  3508 6.740400e-01
  3509 6.739533e-01
  3510 6.738659e-01
  3511 6.737799e-01
  3512 6.736925e-01
  3513 6.736064e-01
  3514 6.735197e-01
  3515 6.734323e-01
  3516 6.733461e-01
  3517 6.732600e-01
  3518 6.731726e-01
  3519 6.730864e-01
  3520 6.730002e-01
  3521 6.729128e-01
  3522 6.728266e-01
  3523 6.727404e-01
  3524 6.726529e-01
  3525 6.725667e-01
  3526 6.724804e-01
  3527 6.723929e-01
  3528 6.723066e-01
  3529 6.722204e-01
  3530 6.721328e-01
  3531 6.720471e-01
  3532 6.719602e-01
  3533 6.718732e-01
  3534 6.717869e-01
  3535 6.717006e-01
  3536 6.716142e-01
  3537 6.715272e-01
  3538 6.714409e-01
  3539 6.713545e-01
  3540 6.712668e-01
  3541 6.711811e-01
  3542 6.710946e-01
  3543 6.710082e-01
  3544 6.709211e-01
  3545 6.708347e-01
  3546 6.707482e-01
  3547 6.706624e-01
  3548 6.705753e-01
  3549 6.704882e-01
  3550 6.704023e-01
  3551 6.703158e-01
  3552 6.702299e-01
  3553 6.701427e-01
  3554 6.700562e-01
  3555 6.699696e-01
  3556 6.698831e-01
  3557 6.697971e-01
  3558 6.697106e-01
  3559 6.696240e-01
  3560 6.695373e-01
  3561 6.694507e-01
  3562 6.693647e-01
  3563 6.692781e-01
  3564 6.691921e-01
  3565 6.691054e-01
  3566 6.690194e-01
  3567 6.689321e-01
  3568 6.688460e-01
  3569 6.687593e-01
  3570 6.686732e-01
  3571 6.685871e-01
  3572 6.685004e-01
  3573 6.684143e-01
  3574 6.683282e-01
  3575 6.682414e-01
  3576 6.681552e-01
  3577 6.680691e-01
  3578 6.679829e-01
  3579 6.678968e-01
  3580 6.678099e-01
  3581 6.677237e-01
  3582 6.676375e-01
  3583 6.675513e-01
  3584 6.674651e-01
  3585 6.673789e-01
  3586 6.672926e-01
  3587 6.672063e-01
  3588 6.671194e-01
  3589 6.670331e-01
  3590 6.669468e-01
  3591 6.668605e-01
  3592 6.667742e-01
  3593 6.666879e-01
  3594 6.666022e-01
  3595 6.665159e-01
  3596 6.664295e-01
  3597 6.663431e-01
  3598 6.662567e-01
  3599 6.661710e-01
  3600 6.660852e-01
  3601 6.659988e-01
  3602 6.659124e-01
  3603 6.658260e-01
  3604 6.657395e-01
  3605 6.656537e-01
  3606 6.655672e-01
  3607 6.654814e-01
  3608 6.653956e-01
  3609 6.653091e-01
  3610 6.652232e-01
  3611 6.651367e-01
  3612 6.650501e-01
  3613 6.649649e-01
  3614 6.648790e-01
  3615 6.647924e-01
  3616 6.647065e-01
  3617 6.646199e-01
  3618 6.645339e-01
  3619 6.644486e-01
  3620 6.643620e-01
  3621 6.642753e-01
  3622 6.641900e-01
  3623 6.641040e-01
  3624 6.640180e-01
  3625 6.639313e-01
  3626 6.638459e-01
  3627 6.637599e-01
  3628 6.636731e-01
  3629 6.635871e-01
  3630 6.635016e-01
  3631 6.634155e-01
  3632 6.633294e-01
  3633 6.632427e-01
  3634 6.631572e-01
  3635 6.630717e-01
  3636 6.629849e-01
  3637 6.628994e-01
  3638 6.628132e-01
  3639 6.627270e-01
  3640 6.626408e-01
  3641 6.625553e-01
  3642 6.624691e-01
  3643 6.623828e-01
  3644 6.622972e-01
  3645 6.622110e-01
  3646 6.621247e-01
  3647 6.620391e-01
  3648 6.619535e-01
  3649 6.618665e-01
  3650 6.617815e-01
  3651 6.616952e-01
  3652 6.616089e-01
  3653 6.615232e-01
  3654 6.614375e-01
  3655 6.613511e-01
  3656 6.612654e-01
  3657 6.611797e-01
  3658 6.610926e-01
  3659 6.610075e-01
  3660 6.609218e-01
  3661 6.608347e-01
  3662 6.607496e-01
  3663 6.606638e-01
  3664 6.605780e-01
  3665 6.604921e-01
  3666 6.604057e-01
  3667 6.603198e-01
  3668 6.602340e-01
  3669 6.601481e-01
  3670 6.600622e-01
  3671 6.599757e-01
  3672 6.598904e-01
  3673 6.598045e-01
  3674 6.597186e-01
  3675 6.596327e-01
  3676 6.595461e-01
  3677 6.594608e-01
  3678 6.593748e-01
  3679 6.592895e-01
  3680 6.592029e-01
  3681 6.591175e-01
  3682 6.590315e-01
  3683 6.589449e-01
  3684 6.588595e-01
  3685 6.587734e-01
  3686 6.586881e-01
  3687 6.586020e-01
  3688 6.585166e-01
  3689 6.584305e-01
  3690 6.583451e-01
  3691 6.582590e-01
  3692 6.581735e-01
  3693 6.580867e-01
  3694 6.580019e-01
  3695 6.579151e-01
  3696 6.578302e-01
  3697 6.577441e-01
  3698 6.576585e-01
  3699 6.575723e-01
  3700 6.574868e-01
  3701 6.574006e-01
  3702 6.573150e-01
  3703 6.572287e-01
  3704 6.571438e-01
  3705 6.570576e-01
  3706 6.569719e-01
  3707 6.568857e-01
  3708 6.568000e-01
  3709 6.567150e-01
  3710 6.566287e-01
  3711 6.565430e-01
  3712 6.564574e-01
  3713 6.563717e-01
  3714 6.562853e-01
  3715 6.562003e-01
  3716 6.561145e-01
  3717 6.560288e-01
  3718 6.559430e-01
  3719 6.558579e-01
  3720 6.557715e-01
  3721 6.556864e-01
  3722 6.555999e-01
  3723 6.555148e-01
  3724 6.554290e-01
  3725 6.553432e-01
  3726 6.552573e-01
  3727 6.551721e-01
  3728 6.550863e-01
  3729 6.550004e-01
  3730 6.549152e-01
  3731 6.548300e-01
  3732 6.547441e-01
  3733 6.546581e-01
  3734 6.545729e-01
  3735 6.544869e-01
  3736 6.544017e-01
  3737 6.543164e-01
  3738 6.542311e-01
  3739 6.541444e-01
  3740 6.540591e-01
  3741 6.539737e-01
  3742 6.538884e-01
  3743 6.538030e-01
  3744 6.537170e-01
  3745 6.536316e-01
  3746 6.535462e-01
  3747 6.534608e-01
  3748 6.533754e-01
  3749 6.532893e-01
  3750 6.532039e-01
  3751 6.531184e-01
  3752 6.530336e-01
  3753 6.529481e-01
  3754 6.528626e-01
  3755 6.527765e-01
  3756 6.526910e-01
  3757 6.526055e-01
  3758 6.525206e-01
  3759 6.524351e-01
  3760 6.523495e-01
  3761 6.522646e-01
  3762 6.521790e-01
  3763 6.520941e-01
  3764 6.520072e-01
  3765 6.519222e-01
  3766 6.518366e-01
  3767 6.517517e-01
  3768 6.516660e-01
  3769 6.515810e-01
  3770 6.514954e-01
  3771 6.514104e-01
  3772 6.513247e-01
  3773 6.512397e-01
  3774 6.511546e-01
  3775 6.510689e-01
  3776 6.509838e-01
  3777 6.508981e-01
  3778 6.508130e-01
  3779 6.507279e-01
  3780 6.506421e-01
  3781 6.505570e-01
  3782 6.504719e-01
  3783 6.503861e-01
  3784 6.503009e-01
  3785 6.502158e-01
  3786 6.501306e-01
  3787 6.500447e-01
  3788 6.499595e-01
  3789 6.498743e-01
  3790 6.497891e-01
  3791 6.497039e-01
  3792 6.496187e-01
  3793 6.495327e-01
  3794 6.494475e-01
  3795 6.493622e-01
  3796 6.492769e-01
  3797 6.491916e-01
  3798 6.491063e-01
  3799 6.490210e-01
  3800 6.489370e-01
  3801 6.488517e-01
  3802 6.487663e-01
  3803 6.486809e-01
  3804 6.485956e-01
  3805 6.485102e-01
  3806 6.484248e-01
  3807 6.483394e-01
  3808 6.482540e-01
  3809 6.481685e-01
  3810 6.480838e-01
  3811 6.479990e-01
  3812 6.479135e-01
  3813 6.478280e-01
  3814 6.477432e-01
  3815 6.476577e-01
  3816 6.475722e-01
  3817 6.474867e-01
  3818 6.474018e-01
  3819 6.473176e-01
  3820 6.472321e-01
  3821 6.471465e-01
  3822 6.470609e-01
  3823 6.469760e-01
  3824 6.468904e-01
  3825 6.468055e-01
  3826 6.467212e-01
  3827 6.466356e-01
  3828 6.465499e-01
  3829 6.464650e-01
  3830 6.463793e-01
  3831 6.462943e-01
  3832 6.462099e-01
  3833 6.461242e-01
  3834 6.460392e-01
  3835 6.459535e-01
  3836 6.458684e-01
  3837 6.457840e-01
  3838 6.456989e-01
  3839 6.456132e-01
  3840 6.455281e-01
  3841 6.454430e-01
  3842 6.453585e-01
  3843 6.452727e-01
  3844 6.451875e-01
  3845 6.451024e-01
  3846 6.450179e-01
  3847 6.449327e-01
  3848 6.448475e-01
  3849 6.447623e-01
  3850 6.446778e-01
  3851 6.445925e-01
  3852 6.445066e-01
  3853 6.444220e-01
  3854 6.443375e-01
  3855 6.442522e-01
  3856 6.441662e-01
  3857 6.440816e-01
  3858 6.439970e-01
  3859 6.439117e-01
  3860 6.438270e-01
  3861 6.437423e-01
  3862 6.436563e-01
  3863 6.435716e-01
  3864 6.434869e-01
  3865 6.434015e-01
  3866 6.433168e-01
  3867 6.432321e-01
  3868 6.431467e-01
  3869 6.430619e-01
  3870 6.429771e-01
  3871 6.428917e-01
  3872 6.428069e-01
  3873 6.427221e-01
  3874 6.426373e-01
  3875 6.425525e-01
  3876 6.424670e-01
  3877 6.423821e-01
  3878 6.422973e-01
  3879 6.422124e-01
  3880 6.421275e-01
  3881 6.420420e-01
  3882 6.419577e-01
  3883 6.418728e-01
  3884 6.417879e-01
  3885 6.417030e-01
  3886 6.416187e-01
  3887 6.415338e-01
  3888 6.414488e-01
  3889 6.413638e-01
  3890 6.412795e-01
  3891 6.411945e-01
  3892 6.411095e-01
  3893 6.410245e-01
  3894 6.409401e-01
  3895 6.408551e-01
  3896 6.407707e-01
  3897 6.406856e-01
  3898 6.406006e-01
  3899 6.405161e-01
  3900 6.404310e-01
  3901 6.403466e-01
  3902 6.402615e-01
  3903 6.401777e-01
  3904 6.400926e-01
  3905 6.400081e-01
  3906 6.399229e-01
  3907 6.398384e-01
  3908 6.397539e-01
  3909 6.396687e-01
  3910 6.395842e-01
  3911 6.394996e-01
  3912 6.394144e-01
  3913 6.393305e-01
  3914 6.392453e-01
  3915 6.391607e-01
  3916 6.390767e-01
  3917 6.389915e-01
  3918 6.389068e-01
  3919 6.388229e-01
  3920 6.387376e-01
  3921 6.386536e-01
  3922 6.385689e-01
  3923 6.384842e-01
  3924 6.383995e-01
  3925 6.383155e-01
  3926 6.382301e-01
  3927 6.381454e-01
  3928 6.380614e-01
  3929 6.379773e-01
  3930 6.378919e-01
  3931 6.378078e-01
  3932 6.377237e-01
  3933 6.376396e-01
  3934 6.375541e-01
  3935 6.374693e-01
  3936 6.373851e-01
  3937 6.373010e-01
  3938 6.372161e-01
  3939 6.371313e-01
  3940 6.370471e-01
  3941 6.369629e-01
  3942 6.368780e-01
  3943 6.367938e-01
  3944 6.367096e-01
  3945 6.366253e-01
  3946 6.365411e-01
  3947 6.364554e-01
  3948 6.363712e-01
  3949 6.362869e-01
  3950 6.362026e-01
  3951 6.361183e-01
  3952 6.360333e-01
  3953 6.359489e-01
  3954 6.358646e-01
  3955 6.357802e-01
  3956 6.356959e-01
  3957 6.356122e-01
  3958 6.355264e-01
  3959 6.354420e-01
  3960 6.353583e-01
  3961 6.352739e-01
  3962 6.351895e-01
  3963 6.351050e-01
  3964 6.350213e-01
  3965 6.349361e-01
  3966 6.348516e-01
  3967 6.347671e-01
  3968 6.346826e-01
  3969 6.345988e-01
  3970 6.345143e-01
  3971 6.344305e-01
  3972 6.343459e-01
  3973 6.342614e-01
  3974 6.341761e-01
  3975 6.340922e-01
  3976 6.340076e-01
  3977 6.339237e-01
  3978 6.338391e-01
  3979 6.337552e-01
  3980 6.336705e-01
  3981 6.335866e-01
  3982 6.335019e-01
  3983 6.334180e-01
  3984 6.333333e-01
  3985 6.332493e-01
  3986 6.331639e-01
  3987 6.330799e-01
  3988 6.329951e-01
  3989 6.329111e-01
  3990 6.328270e-01
  3991 6.327423e-01
  3992 6.326582e-01
  3993 6.325741e-01
  3994 6.324893e-01
  3995 6.324052e-01
  3996 6.323211e-01
  3997 6.322369e-01
  3998 6.321521e-01
  3999 6.320679e-01
  4000 6.319838e-01
