     0 1.000000e+00
     1 1.000000e+00
     2 1.000000e+00
     3 9.999960e-01
     4 9.999920e-01
     5 9.999840e-01
     6 9.999759e-01
     7 9.999679e-01
     8 9.999559e-01
     9 9.999439e-01
    10 9.999318e-01
    11 9.999158e-01
    12 9.998998e-01
    13 9.998837e-01
    14 9.998637e-01
    15 9.998436e-01
    16 9.998236e-01
    17 9.997995e-01
    18 9.997755e-01
    19 9.997474e-01
    20 9.997233e-01
    21 9.996952e-01
    22 9.996632e-01
    23 9.996351e-01
    24 9.996030e-01
    25 9.995669e-01
    26 9.995348e-01
    27 9.994987e-01
    28 9.994626e-01
    29 9.994225e-01
    30 9.993824e-01
    31 9.993422e-01
    32 9.993021e-01
    33 9.992580e-01
    34 9.992139e-01
    35 9.991697e-01
    36 9.991216e-01
    37 9.990734e-01
    38 9.990293e-01
    39 9.989771e-01
    40 9.989289e-01
    41 9.988767e-01
    42 9.988246e-01
    43 9.987684e-01
    44 9.987162e-01
    45 9.986600e-01
    46 9.986038e-01
    47 9.985476e-01
    48 9.984873e-01
    49 9.984311e-01
    50 9.983709e-01
    51 9.983106e-01
    52 9.982504e-01
    53 9.981861e-01
    54 9.981259e-01
    55 9.980616e-01
    56 9.979973e-01
    57 9.979290e-01
    58 9.978647e-01
    59 9.978004e-01
    60 9.977321e-01
    61 9.976638e-01
    62 9.975955e-01
    63 9.975272e-01
    64 9.974588e-01
    65 9.973865e-01
    66 9.973181e-01
    67 9.972458e-01
    68 9.971774e-01
    69 9.971051e-01
    70 9.970327e-01
    71 9.969603e-01
    72 9.968879e-01
    73 9.968115e-01
    74 9.967391e-01
    75 9.966667e-01
    76 9.965902e-01
    77 9.965178e-01
    78 9.964414e-01
    79 9.963649e-01
    80 9.962925e-01
    81 9.962160e-01
    82 9.961395e-01
    83 9.960631e-01
    84 9.959866e-01
    85 9.959101e-01
    86 9.958336e-01
    87 9.957571e-01
    88 9.956806e-01
    89 9.956041e-01
    90 9.955276e-01
    91 9.954511e-01
    92 9.953745e-01
    93 9.952940e-01
    94 9.952174e-01
    95 9.951409e-01
    96 9.950643e-01
    97 9.949878e-01
    98 9.949112e-01
    99 9.948306e-01
   100 9.947540e-01
   101 9.946774e-01
   102 9.946008e-01
   103 9.945243e-01
   104 9.944477e-01
   105 9.943710e-01
   106 9.942944e-01
   107 9.942178e-01
   108 9.941412e-01
   109 9.940646e-01
   110 9.939879e-01
   111 9.939113e-01
   112 9.938346e-01
   113 9.937620e-01
   114 9.936854e-01
   115 9.936087e-01
   116 9.935361e-01
   117 9.934594e-01
   118 9.933827e-01
   119 9.933100e-01
   120 9.932334e-01
   121 9.931607e-01
   122 9.930840e-01
   123 9.930113e-01
   124 9.929386e-01
   125 9.928659e-01
   126 9.927892e-01
   127 9.927165e-01
   128 9.926438e-01
   129 9.925711e-01
   130 9.924984e-01
   131 9.924257e-01
   132 9.923530e-01
   133 9.922802e-01
   134 9.922075e-01
   135 9.921388e-01
   136 9.920661e-01
   137 9.919933e-01
   138 9.919246e-01
   139 9.918518e-01
   140 9.917791e-01
   141 9.917104e-01
   142 9.916376e-01
   143 9.915688e-01
   144 9.915001e-01
   145 9.914273e-01
   146 9.913586e-01
   147 9.912898e-01
   148 9.912170e-01
   149 9.911482e-01
   150 9.910795e-01
   151 9.910107e-01
   152 9.909419e-01
   153 9.908731e-01
   154 9.908043e-01
   155 9.907355e-01
   156 9.906667e-01
   157 9.905979e-01
   158 9.905291e-01
   159 9.904603e-01
   160 9.903915e-01
   161 9.903227e-01
   162 9.902539e-01
   163 9.901891e-01
   164 9.901202e-01
   165 9.900514e-01
   166 9.899825e-01
   167 9.899137e-01
   168 9.898489e-01
   169 9.897800e-01
   170 9.897112e-01
   171 9.896423e-01
   172 9.895775e-01
   173 9.895086e-01
   174 9.894397e-01
   175 9.893708e-01
   176 9.893060e-01
   177 9.892371e-01
   178 9.891682e-01
   179 9.891033e-01
   180 9.890344e-01
   181 9.889655e-01
   182 9.888966e-01
   183 9.888317e-01
   184 9.887628e-01
   185 9.886938e-01
   186 9.886289e-01
   187 9.885600e-01
   188 9.884910e-01
   189 9.884221e-01
   190 9.883531e-01
   191 9.882842e-01
   192 9.882192e-01
   193 9.881503e-01
   194 9.880813e-01
   195 9.880123e-01
   196 9.879433e-01
   197 9.878743e-01
   198 9.878053e-01
   199 9.877404e-01
   200 9.876714e-01
   201 9.875983e-01
   202 9.875293e-01
   203 9.874603e-01
   204 9.873912e-01
   205 9.873222e-01
   206 9.872532e-01
   207 9.871841e-01
   208 9.871151e-01
   209 9.870460e-01
   210 9.869770e-01
   211 9.869039e-01
   212 9.868348e-01
   213 9.867657e-01
   214 9.866966e-01
   215 9.866235e-01
   216 9.865544e-01
   217 9.864853e-01
   218 9.864122e-01
   219 9.863431e-01
   220 9.862740e-01
   221 9.862008e-01
   222 9.861317e-01
   223 9.860585e-01
   224 9.859894e-01
   225 9.859162e-01
   226 9.858470e-01
   227 9.857738e-01
   228 9.857047e-01
   229 9.856314e-01
   230 9.855623e-01
   231 9.854891e-01
   232 9.854158e-01
   233 9.853467e-01
   234 9.852734e-01
   235 9.852002e-01
   236 9.851310e-01
   237 9.850577e-01
   238 9.849885e-01
   239 9.849153e-01
   240 9.848420e-01
   241 9.847728e-01
   242 9.846995e-01
   243 9.846262e-01
   244 9.845529e-01
   245 9.844837e-01
   246 9.844103e-01
   247 9.843370e-01
   248 9.842637e-01
   249 9.841945e-01
   250 9.841211e-01
   251 9.840478e-01
   252 9.839745e-01
   253 9.839052e-01
   254 9.838318e-01
   255 9.837585e-01
   256 9.836851e-01
   257 9.836158e-01
   258 9.835424e-01
   259 9.834691e-01
   260 9.833957e-01
   261 9.833264e-01
   262 9.832530e-01
   263 9.831796e-01
   264 9.831102e-01
   265 9.830368e-01
   266 9.829634e-01
   267 9.828900e-01
   268 9.828206e-01
   269 9.827472e-01
   270 9.826738e-01
   271 9.826044e-01
   272 9.825310e-01
   273 9.824575e-01
   274 9.823881e-01
   275 9.823147e-01
   276 9.822453e-01
   277 9.821718e-01
   278 9.820983e-01
   279 9.820289e-01
   280 9.819554e-01
   281 9.818860e-01
   282 9.818125e-01
   283 9.817431e-01
   284 9.816696e-01
   285 9.816001e-01
   286 9.815266e-01
   287 9.814572e-01
   288 9.813836e-01
   289 9.813142e-01
   290 9.812447e-01
   291 9.811712e-01
   292 9.811017e-01
   293 9.810281e-01
   294 9.809587e-01
   295 9.808892e-01
   296 9.808156e-01
   297 9.807461e-01
   298 9.806766e-01
   299 9.806071e-01
   300 9.805335e-01
   301 9.804640e-01
   302 9.803945e-01
   303 9.803208e-01
   304 9.802513e-01
   305 9.801818e-01
   306 9.801122e-01
   307 9.800427e-01
   308 9.799731e-01
   309 9.798995e-01
   310 9.798299e-01
   311 9.797604e-01
   312 9.796908e-01
   313 9.796212e-01
   314 9.795517e-01
   315 9.794821e-01
   316 9.794125e-01
   317 9.793429e-01
   318 9.792692e-01
   319 9.791996e-01
   320 9.791300e-01
   321 9.790604e-01
   322 9.789907e-01
   323 9.789211e-01
   324 9.788515e-01
   325 9.787819e-01
   326 9.787122e-01
   327 9.786426e-01
   328 9.785729e-01
   329 9.785033e-01
   330 9.784336e-01
   331 9.783639e-01
   332 9.782943e-01
   333 9.782246e-01
   334 9.781549e-01
   335 9.780852e-01
   336 9.780156e-01
   337 9.779459e-01
   338 9.778762e-01
   339 9.778065e-01
   340 9.777367e-01
   341 9.776670e-01
   342 9.775973e-01
   343 9.775276e-01
   344 9.774579e-01
   345 9.773881e-01
   346 9.773184e-01
   347 9.772486e-01
   348 9.771789e-01
   349 9.771091e-01
   350 9.770394e-01
   351 9.769696e-01
   352 9.768999e-01
   353 9.768301e-01
   354 9.767603e-01
   355 9.766905e-01
   356 9.766207e-01
   357 9.765468e-01
   358 9.764770e-01
   359 9.764072e-01
   360 9.763374e-01
   361 9.762676e-01
   362 9.761978e-01
   363 9.761280e-01
   364 9.760581e-01
   365 9.759883e-01
   366 9.759144e-01
   367 9.758445e-01
   368 9.757747e-01
   369 9.757048e-01
   370 9.756349e-01
   371 9.755610e-01
   372 9.754911e-01
   373 9.754212e-01
   374 9.753514e-01
   375 9.752774e-01
   376 9.752075e-01
   377 9.751376e-01
   378 9.750677e-01
   379 9.749978e-01
   380 9.749237e-01
   381 9.748538e-01
   382 9.747839e-01
   383 9.747099e-01
   384 9.746399e-01
   385 9.745700e-01
   386 9.744960e-01
   387 9.744260e-01
   388 9.743561e-01
   389 9.742820e-01
   390 9.742120e-01
   391 9.741421e-01
   392 9.740680e-01
   393 9.739980e-01
   394 9.739280e-01
   395 9.738539e-01
   396 9.737839e-01
   397 9.737139e-01
   398 9.736398e-01
   399 9.735698e-01
   400 9.734957e-01
   401 9.734256e-01
   402 9.733556e-01
   403 9.732815e-01
   404 9.732114e-01
   405 9.731414e-01
   406 9.730672e-01
   407 9.729972e-01
   408 9.729271e-01
   409 9.728530e-01
   410 9.727829e-01
   411 9.727087e-01
   412 9.726386e-01
   413 9.725686e-01
   414 9.724944e-01
   415 9.724243e-01
   416 9.723500e-01
   417 9.722799e-01
   418 9.722098e-01
   419 9.721356e-01
   420 9.720655e-01
   421 9.719954e-01
   422 9.719211e-01
   423 9.718510e-01
   424 9.717808e-01
   425 9.717066e-01
   426 9.716364e-01
   427 9.715663e-01
   428 9.714961e-01
   429 9.714218e-01
   430 9.713517e-01
   431 9.712774e-01
   432 9.712072e-01
   433 9.711370e-01
   434 9.710668e-01
   435 9.709925e-01
   436 9.709223e-01
   437 9.708521e-01
   438 9.707819e-01
   439 9.707076e-01
   440 9.706373e-01
   441 9.705671e-01
   442 9.704969e-01
   443 9.704266e-01
   444 9.703523e-01
   445 9.702820e-01
   446 9.702118e-01
   447 9.701415e-01
   448 9.700713e-01
   449 9.700010e-01
   450 9.699266e-01
   451 9.698563e-01
   452 9.697860e-01
   453 9.697158e-01
   454 9.696455e-01
   455 9.695752e-01
   456 9.695049e-01
   457 9.694346e-01
   458 9.693601e-01
   459 9.692939e-01
   460 9.692195e-01
   461 9.691492e-01
   462 9.690788e-01
   463 9.690085e-01
   464 9.689381e-01
   465 9.688678e-01
   466 9.687974e-01
   467 9.687271e-01
   468 9.686567e-01
   469 9.685864e-01
   470 9.685160e-01
   471 9.684456e-01
   472 9.683752e-01
   473 9.683048e-01
   474 9.682344e-01
   475 9.681682e-01
   476 9.680936e-01
   477 9.680232e-01
   478 9.679570e-01
   479 9.678866e-01
   480 9.678161e-01
   481 9.677457e-01
   482 9.676753e-01
   483 9.676048e-01
   484 9.675344e-01
   485 9.674639e-01
   486 9.673935e-01
   487 9.673230e-01
   488 9.672526e-01
   489 9.671821e-01
   490 9.671116e-01
   491 9.670453e-01
   492 9.669748e-01
   493 9.669043e-01
   494 9.668338e-01
   495 9.667633e-01
   496 9.666928e-01
   497 9.666223e-01
   498 9.665518e-01
   499 9.664813e-01
   500 9.664107e-01
   501 9.663444e-01
   502 9.662697e-01
   503 9.661991e-01
   504 9.661327e-01
   505 9.660622e-01
   506 9.659916e-01
   507 9.659211e-01
   508 9.658505e-01
   509 9.657799e-01
   510 9.657093e-01
   511 9.656388e-01
   512 9.655682e-01
   513 9.654976e-01
   514 9.654270e-01
   515 9.653564e-01
   516 9.652858e-01
   517 9.652152e-01
   518 9.651445e-01
   519 9.650739e-01
   520 9.650033e-01
   521 9.649368e-01
   522 9.648662e-01
   523 9.647955e-01
   524 9.647249e-01
   525 9.646501e-01
   526 9.645836e-01
   527 9.645129e-01
   528 9.644381e-01
   529 9.643716e-01
   530 9.643009e-01
   531 9.642260e-01
   532 9.641553e-01
   533 9.640847e-01
   534 9.640140e-01
   535 9.639432e-01
   536 9.638725e-01
   537 9.638018e-01
   538 9.637311e-01
   539 9.636604e-01
   540 9.635896e-01
   541 9.635189e-01
   542 9.634482e-01
   543 9.633774e-01
   544 9.633067e-01
   545 9.632359e-01
   546 9.631651e-01
   547 9.630902e-01
   548 9.630194e-01
   549 9.629487e-01
   550 9.628779e-01
   551 9.628071e-01
   552 9.627363e-01
   553 9.626655e-01
   554 9.625947e-01
   555 9.625239e-01
   556 9.624531e-01
   557 9.623781e-01
   558 9.623072e-01
   559 9.622364e-01
   560 9.621656e-01
   561 9.620947e-01
   562 9.620239e-01
   563 9.619530e-01
   564 9.618822e-01
   565 9.618071e-01
   566 9.617363e-01
   567 9.616654e-01
   568 9.615945e-01
   569 9.615236e-01
   570 9.614527e-01
   571 9.613818e-01
   572 9.613109e-01
   573 9.612400e-01
   574 9.611691e-01
   575 9.610982e-01
   576 9.610231e-01
   577 9.609522e-01
   578 9.608813e-01
   579 9.608103e-01
   580 9.607394e-01
   581 9.606684e-01
   582 9.605975e-01
   583 9.605265e-01
   584 9.604556e-01
   585 9.603846e-01
   586 9.603095e-01
   587 9.602385e-01
   588 9.601675e-01
   589 9.600965e-01
   590 9.600255e-01
   591 9.599545e-01
   592 9.598835e-01
   593 9.598125e-01
   594 9.597415e-01
   595 9.596705e-01
   596 9.595994e-01
   597 9.595284e-01
   598 9.594574e-01
   599 9.593863e-01
   600 9.593153e-01
   601 9.592442e-01
   602 9.591732e-01
   603 9.591021e-01
   604 9.590310e-01
   605 9.589600e-01
   606 9.588889e-01
   607 9.588178e-01
   608 9.587467e-01
   609 9.586756e-01
   610 9.586045e-01
   611 9.585334e-01
   612 9.584623e-01
   613 9.583954e-01
   614 9.583242e-01
   615 9.582531e-01
   616 9.581820e-01
   617 9.581108e-01
   618 9.580397e-01
   619 9.579686e-01
   620 9.578974e-01
   621 9.578262e-01
   622 9.577551e-01
   623 9.576881e-01
   624 9.576169e-01
   625 9.575458e-01
   626 9.574746e-01
   627 9.574034e-01
   628 9.573322e-01
   629 9.572610e-01
   630 9.571940e-01
   631 9.571228e-01
   632 9.570515e-01
   633 9.569803e-01
   634 9.569091e-01
   635 9.568421e-01
   636 9.567708e-01
   637 9.566996e-01
   638 9.566283e-01
   639 9.565571e-01
   640 9.564858e-01
   641 9.564146e-01
   642 9.563475e-01
   643 9.562762e-01
   644 9.562049e-01
   645 9.561336e-01
   646 9.560666e-01
   647 9.559953e-01
   648 9.559240e-01
   649 9.558527e-01
   650 9.557813e-01
   651 9.557100e-01
   652 9.556429e-01
   653 9.555716e-01
   654 9.555002e-01
   655 9.554289e-01
   656 9.553618e-01
   657 9.552904e-01
   658 9.552191e-01
   659 9.551477e-01
   660 9.550763e-01
   661 9.550092e-01
   662 9.549378e-01
   663 9.548664e-01
   664 9.547950e-01
   665 9.547237e-01
   666 9.546565e-01
   667 9.545851e-01
   668 9.545137e-01
   669 9.544422e-01
   670 9.543708e-01
   671 9.543036e-01
   672 9.542322e-01
   673 9.541608e-01
   674 9.540893e-01
   675 9.540179e-01
   676 9.539506e-01
   677 9.538792e-01
   678 9.538077e-01
   679 9.537363e-01
   680 9.536648e-01
   681 9.535933e-01
   682 9.535260e-01
   683 9.534546e-01
   684 9.533831e-01
   685 9.533116e-01
   686 9.532401e-01
   687 9.531728e-01
   688 9.531013e-01
   689 9.530298e-01
   690 9.529582e-01
   691 9.528867e-01
   692 9.528152e-01
   693 9.527436e-01
   694 9.526721e-01
   695 9.526048e-01
   696 9.525332e-01
   697 9.524616e-01
   698 9.523901e-01
   699 9.523185e-01
   700 9.522469e-01
   701 9.521754e-01
   702 9.521080e-01
   703 9.520364e-01
   704 9.519648e-01
   705 9.518932e-01
   706 9.518216e-01
   707 9.517500e-01
   708 9.516784e-01
   709 9.516067e-01
   710 9.515393e-01
   711 9.514677e-01
   712 9.513960e-01
   713 9.513244e-01
   714 9.512528e-01
   715 9.511811e-01
   716 9.511094e-01
   717 9.510420e-01
   718 9.509703e-01
   719 9.508986e-01
   720 9.508270e-01
   721 9.507553e-01
   722 9.506836e-01
   723 9.506119e-01
   724 9.505402e-01
   725 9.504727e-01
   726 9.504010e-01
   727 9.503293e-01
   728 9.502575e-01
   729 9.501858e-01
   730 9.501141e-01
   731 9.500423e-01
   732 9.499748e-01
   733 9.499031e-01
   734 9.498313e-01
   735 9.497595e-01
   736 9.496878e-01
   737 9.496160e-01
   738 9.495442e-01
   739 9.494767e-01
   740 9.494049e-01
   741 9.493331e-01
   742 9.492613e-01
   743 9.491895e-01
   744 9.491177e-01
   745 9.490501e-01
   746 9.489782e-01
   747 9.489064e-01
   748 9.488346e-01
   749 9.487627e-01
   750 9.486951e-01
   751 9.486233e-01
   752 9.485514e-01
   753 9.484796e-01
   754 9.484119e-01
   755 9.483401e-01
   756 9.482682e-01
   757 9.481963e-01
   758 9.481244e-01
   759 9.480568e-01
   760 9.479849e-01
   761 9.479130e-01
   762 9.478411e-01
   763 9.477734e-01
   764 9.477015e-01
   765 9.476295e-01
   766 9.475576e-01
   767 9.474899e-01
   768 9.474180e-01
   769 9.473460e-01
   770 9.472741e-01
   771 9.472063e-01
   772 9.471344e-01
   773 9.470624e-01
   774 9.469947e-01
   775 9.469227e-01
   776 9.468507e-01
   777 9.467830e-01
   778 9.467110e-01
   779 9.466390e-01
   780 9.465670e-01
   781 9.464992e-01
   782 9.464272e-01
   783 9.463594e-01
   784 9.462874e-01
   785 9.462153e-01
   786 9.461433e-01
   787 9.460755e-01
   788 9.460035e-01
   789 9.459356e-01
   790 9.458636e-01
   791 9.457915e-01
   792 9.457237e-01
   793 9.456516e-01
   794 9.455795e-01
   795 9.455117e-01
   796 9.454396e-01
   797 9.453675e-01
   798 9.452997e-01
   799 9.452275e-01
   800 9.451554e-01
   801 9.450876e-01
   802 9.450154e-01
   803 9.449433e-01
   804 9.448754e-01
   805 9.448033e-01
   806 9.447354e-01
   807 9.446632e-01
   808 9.445911e-01
   809 9.445232e-01
   810 9.444510e-01
   811 9.443788e-01
   812 9.443109e-01
   813 9.442387e-01
   814 9.441665e-01
   815 9.440986e-01
   816 9.440264e-01
   817 9.439584e-01
   818 9.438862e-01
   819 9.438140e-01
   820 9.437460e-01
   821 9.436738e-01
   822 9.436016e-01
   823 9.435336e-01
   824 9.434613e-01
   825 9.433891e-01
   826 9.433211e-01
   827 9.432488e-01
   828 9.431808e-01
   829 9.431086e-01
   830 9.430363e-01
   831 9.429683e-01
   832 9.428960e-01
   833 9.428237e-01
   834 9.427556e-01
   835 9.426833e-01
   836 9.426110e-01
   837 9.425430e-01
   838 9.424707e-01
   839 9.423983e-01
   840 9.423303e-01
   841 9.422579e-01
   842 9.421856e-01
   843 9.421175e-01
   844 9.420452e-01
   845 9.419728e-01
   846 9.419047e-01
   847 9.418323e-01
   848 9.417600e-01
   849 9.416918e-01
   850 9.416195e-01
   851 9.415471e-01
   852 9.414789e-01
   853 9.414065e-01
   854 9.413341e-01
   855 9.412617e-01
   856 9.411936e-01
   857 9.411211e-01
   858 9.410487e-01
   859 9.409806e-01
   860 9.409081e-01
   861 9.408357e-01
   862 9.407632e-01
   863 9.406950e-01
   864 9.406226e-01
   865 9.405544e-01
   866 9.404819e-01
   867 9.404094e-01
   868 9.403369e-01
   869 9.402687e-01
   870 9.401962e-01
   871 9.401237e-01
   872 9.400555e-01
   873 9.399830e-01
   874 9.399105e-01
   875 9.398380e-01
   876 9.397697e-01
   877 9.396972e-01
   878 9.396246e-01
   879 9.395564e-01
   880 9.394838e-01
   881 9.394113e-01
   882 9.393430e-01
   883 9.392704e-01
   884 9.391978e-01
   885 9.391295e-01
   886 9.390569e-01
   887 9.389844e-01
   888 9.389160e-01
   889 9.388434e-01
   890 9.387708e-01
   891 9.387025e-01
   892 9.386299e-01
   893 9.385573e-01
   894 9.384889e-01
   895 9.384163e-01
   896 9.383437e-01
   897 9.382753e-01
   898 9.382026e-01
   899 9.381300e-01
   900 9.380616e-01
   901 9.379889e-01
   902 9.379163e-01
   903 9.378479e-01
   904 9.377752e-01
   905 9.377068e-01
   906 9.376341e-01
   907 9.375614e-01
   908 9.374930e-01
   909 9.374203e-01
   910 9.373518e-01
   911 9.372791e-01
   912 9.372064e-01
   913 9.371380e-01
   914 9.370652e-01
   915 9.369968e-01
   916 9.369240e-01
   917 9.368513e-01
   918 9.367828e-01
   919 9.367100e-01
   920 9.366415e-01
   921 9.365688e-01
   922 9.365003e-01
   923 9.364275e-01
   924 9.363547e-01
   925 9.362862e-01
   926 9.362134e-01
   927 9.361449e-01
   928 9.360720e-01
   929 9.360035e-01
   930 9.359307e-01
   931 9.358621e-01
   932 9.357893e-01
   933 9.357208e-01
   934 9.356479e-01
   935 9.355794e-01
   936 9.355065e-01
   937 9.354379e-01
   938 9.353651e-01
   939 9.352965e-01
   940 9.352236e-01
   941 9.351550e-01
   942 9.350821e-01
   943 9.350135e-01
   944 9.349406e-01
   945 9.348720e-01
   946 9.347991e-01
   947 9.347304e-01
   948 9.346575e-01
   949 9.345889e-01
   950 9.345160e-01
   951 9.344473e-01
   952 9.343744e-01
   953 9.343057e-01
   954 9.342328e-01
   955 9.341641e-01
   956 9.340954e-01
   957 9.340224e-01
   958 9.339538e-01
   959 9.338808e-01
   960 9.338121e-01
   961 9.337391e-01
   962 9.336704e-01
   963 9.335974e-01
   964 9.335287e-01
   965 9.334599e-01
   966 9.333869e-01
   967 9.333182e-01
   968 9.332452e-01
   969 9.331764e-01
   970 9.331034e-01
   971 9.330346e-01
   972 9.329616e-01
   973 9.328928e-01
   974 9.328197e-01
   975 9.327510e-01
   976 9.326822e-01
   977 9.326091e-01
   978 9.325403e-01
   979 9.324672e-01
   980 9.323984e-01
   981 9.323253e-01
   982 9.322565e-01
   983 9.321834e-01
   984 9.321146e-01
   985 9.320415e-01
   986 9.319726e-01
   987 9.319038e-01
   988 9.318307e-01
   989 9.317618e-01
   990 9.316887e-01
   991 9.316198e-01
   992 9.315466e-01
   993 9.314778e-01
   994 9.314046e-01
   995 9.313357e-01
   996 9.312625e-01
   997 9.311936e-01
   998 9.311247e-01
   999 9.310515e-01
  1000 9.309826e-01
  1001 9.309094e-01
  1002 9.308405e-01
  1003 9.307673e-01
  1004 9.306984e-01
  1005 9.306251e-01
  1006 9.305562e-01
  1007 9.304829e-01
  1008 9.304140e-01
  1009 9.303407e-01
  1010 9.302718e-01
  1011 9.301985e-01
  1012 9.301295e-01
  1013 9.300563e-01
  1014 9.299873e-01
  1015 9.299140e-01
  1016 9.298450e-01
  1017 9.297717e-01
  1018 9.297027e-01
  1019 9.296294e-01
  1020 9.295604e-01
  1021 9.294871e-01
  1022 9.294180e-01
  1023 9.293447e-01
  1024 9.292757e-01
  1025 9.292023e-01
  1026 9.291333e-01
  1027 9.290599e-01
  1028 9.289909e-01
  1029 9.289175e-01
  1030 9.288484e-01
  1031 9.287750e-01
  1032 9.287060e-01
  1033 9.286326e-01
  1034 9.285635e-01
  1035 9.284901e-01
  1036 9.284210e-01
  1037 9.283476e-01
  1038 9.282785e-01
  1039 9.282051e-01
  1040 9.281359e-01
  1041 9.280625e-01
  1042 9.279934e-01
  1043 9.279199e-01
  1044 9.278508e-01
  1045 9.277773e-01
  1046 9.277082e-01
  1047 9.276347e-01
  1048 9.275655e-01
  1049 9.274921e-01
  1050 9.274229e-01
  1051 9.273537e-01
  1052 9.272802e-01
  1053 9.272110e-01
  1054 9.271375e-01
  1055 9.270683e-01
  1056 9.269948e-01
  1057 9.269256e-01
  1058 9.268521e-01
  1059 9.267829e-01
  1060 9.267093e-01
  1061 9.266401e-01
  1062 9.265665e-01
  1063 9.264973e-01
  1064 9.264280e-01
  1065 9.263545e-01
  1066 9.262852e-01
  1067 9.262116e-01
  1068 9.261424e-01
  1069 9.260688e-01
  1070 9.259995e-01
  1071 9.259302e-01
  1072 9.258566e-01
  1073 9.257873e-01
  1074 9.257137e-01
  1075 9.256444e-01
  1076 9.255707e-01
  1077 9.255014e-01
  1078 9.254321e-01
  1079 9.253585e-01
  1080 9.252891e-01
  1081 9.252198e-01
  1082 9.251461e-01
  1083 9.250768e-01
  1084 9.250031e-01
  1085 9.249338e-01
  1086 9.248644e-01
  1087 9.247907e-01
  1088 9.247213e-01
  1089 9.246520e-01
  1090 9.245782e-01
  1091 9.245089e-01
  1092 9.244351e-01
  1093 9.243657e-01
  1094 9.242963e-01
  1095 9.242226e-01
  1096 9.241532e-01
  1097 9.240838e-01
  1098 9.240100e-01
  1099 9.239406e-01
  1100 9.238711e-01
  1101 9.237974e-01
  1102 9.237279e-01
  1103 9.236585e-01
  1104 9.235847e-01
  1105 9.235152e-01
  1106 9.234457e-01
  1107 9.233719e-01
  1108 9.233024e-01
  1109 9.232330e-01
  1110 9.231635e-01
  1111 9.230896e-01
  1112 9.230201e-01
  1113 9.229506e-01
  1114 9.228768e-01
  1115 9.228073e-01
  1116 9.227378e-01
  1117 9.226682e-01
  1118 9.225944e-01
  1119 9.225248e-01
  1120 9.224553e-01
  1121 9.223814e-01
  1122 9.223118e-01
  1123 9.222423e-01
  1124 9.221684e-01
  1125 9.220988e-01
  1126 9.220292e-01
  1127 9.219597e-01
  1128 9.218857e-01
  1129 9.218161e-01
  1130 9.217466e-01
  1131 9.216726e-01
  1132 9.216030e-01
  1133 9.215334e-01
  1134 9.214638e-01
  1135 9.213898e-01
  1136 9.213202e-01
  1137 9.212505e-01
  1138 9.211809e-01
  1139 9.211069e-01
  1140 9.210373e-01
  1141 9.209676e-01
  1142 9.208980e-01
  1143 9.208239e-01
  1144 9.207543e-01
  1145 9.206846e-01
  1146 9.206106e-01
  1147 9.205409e-01
  1148 9.204712e-01
  1149 9.204015e-01
  1150 9.203274e-01
  1151 9.202577e-01
  1152 9.201880e-01
  1153 9.201183e-01
  1154 9.200442e-01
  1155 9.199745e-01
  1156 9.199048e-01
  1157 9.198307e-01
  1158 9.197609e-01
  1159 9.196912e-01
  1160 9.196214e-01
  1161 9.195473e-01
  1162 9.194775e-01
  1163 9.194078e-01
  1164 9.193336e-01
  1165 9.192639e-01
  1166 9.191941e-01
  1167 9.191243e-01
  1168 9.190501e-01
  1169 9.189803e-01
  1170 9.189105e-01
  1171 9.188363e-01
  1172 9.187665e-01
  1173 9.186967e-01
  1174 9.186269e-01
  1175 9.185527e-01
  1176 9.184828e-01
  1177 9.184130e-01
  1178 9.183431e-01
  1179 9.182689e-01
  1180 9.181990e-01
  1181 9.181292e-01
  1182 9.180549e-01
  1183 9.179850e-01
  1184 9.179152e-01
  1185 9.178453e-01
  1186 9.177710e-01
  1187 9.177011e-01
  1188 9.176312e-01
  1189 9.175613e-01
  1190 9.174870e-01
  1191 9.174171e-01
  1192 9.173472e-01
  1193 9.172729e-01
  1194 9.172029e-01
  1195 9.171330e-01
  1196 9.170630e-01
  1197 9.169887e-01
  1198 9.169187e-01
  1199 9.168488e-01
  1200 9.167788e-01
  1201 9.167045e-01
  1202 9.166345e-01
  1203 9.165645e-01
  1204 9.164945e-01
  1205 9.164201e-01
  1206 9.163501e-01
  1207 9.162801e-01
  1208 9.162057e-01
  1209 9.161357e-01
  1210 9.160657e-01
  1211 9.159956e-01
  1212 9.159212e-01
  1213 9.158512e-01
  1214 9.157811e-01
  1215 9.157111e-01
  1216 9.156367e-01
  1217 9.155666e-01
  1218 9.154965e-01
  1219 9.154264e-01
  1220 9.153564e-01
  1221 9.152819e-01
  1222 9.152118e-01
  1223 9.151417e-01
  1224 9.150716e-01
  1225 9.150015e-01
  1226 9.149270e-01
  1227 9.148569e-01
  1228 9.147868e-01
  1229 9.147166e-01
  1230 9.146421e-01
  1231 9.145720e-01
  1232 9.145018e-01
  1233 9.144317e-01
  1234 9.143615e-01
  1235 9.142870e-01
  1236 9.142168e-01
  1237 9.141467e-01
  1238 9.140765e-01
  1239 9.140063e-01
  1240 9.139361e-01
  1241 9.138615e-01
  1242 9.137913e-01
  1243 9.137211e-01
  1244 9.136509e-01
  1245 9.135807e-01
  1246 9.135105e-01
  1247 9.134359e-01
  1248 9.133656e-01
  1249 9.132954e-01
  1250 9.132252e-01
  1251 9.131549e-01
  1252 9.130847e-01
  1253 9.130144e-01
  1254 9.129397e-01
  1255 9.128695e-01
  1256 9.127992e-01
  1257 9.127289e-01
  1258 9.126586e-01
  1259 9.125883e-01
  1260 9.125180e-01
  1261 9.124433e-01
  1262 9.123730e-01
  1263 9.123027e-01
  1264 9.122324e-01
  1265 9.121621e-01
  1266 9.120917e-01
  1267 9.120214e-01
  1268 9.119511e-01
  1269 9.118763e-01
  1270 9.118060e-01
  1271 9.117356e-01
  1272 9.116652e-01
  1273 9.115949e-01
  1274 9.115245e-01
  1275 9.114541e-01
  1276 9.113837e-01
  1277 9.113134e-01
  1278 9.112386e-01
  1279 9.111682e-01
  1280 9.110978e-01
  1281 9.110273e-01
  1282 9.109569e-01
  1283 9.108865e-01
  1284 9.108161e-01
  1285 9.107456e-01
  1286 9.106752e-01
  1287 9.106048e-01
  1288 9.105299e-01
  1289 9.104594e-01
  1290 9.103890e-01
  1291 9.103185e-01
  1292 9.102480e-01
  1293 9.101776e-01
  1294 9.101071e-01
  1295 9.100366e-01
  1296 9.099661e-01
  1297 9.098956e-01
  1298 9.098251e-01
  1299 9.097546e-01
  1300 9.096797e-01
  1301 9.096091e-01
  1302 9.095386e-01
  1303 9.094681e-01
  1304 9.093975e-01
  1305 9.093270e-01
  1306 9.092564e-01
  1307 9.091859e-01
  1308 9.091153e-01
  1309 9.090448e-01
  1310 9.089742e-01
  1311 9.088992e-01
  1312 9.088286e-01
  1313 9.087580e-01
  1314 9.086874e-01
  1315 9.086168e-01
  1316 9.085462e-01
  1317 9.084756e-01
  1318 9.084050e-01
  1319 9.083344e-01
  1320 9.082638e-01
  1321 9.081887e-01
  1322 9.081181e-01
  1323 9.080474e-01
  1324 9.079768e-01
  1325 9.079061e-01
  1326 9.078355e-01
  1327 9.077648e-01
  1328 9.076941e-01
  1329 9.076235e-01
  1330 9.075528e-01
  1331 9.074821e-01
  1332 9.074070e-01
  1333 9.073363e-01
  1334 9.072656e-01
  1335 9.071949e-01
  1336 9.071242e-01
  1337 9.070534e-01
  1338 9.069827e-01
  1339 9.069120e-01
  1340 9.068412e-01
  1341 9.067705e-01
  1342 9.066997e-01
  1343 9.066246e-01
  1344 9.065538e-01
  1345 9.064830e-01
  1346 9.064123e-01
  1347 9.063415e-01
  1348 9.062707e-01
  1349 9.061999e-01
  1350 9.061291e-01
  1351 9.060583e-01
  1352 9.059875e-01
  1353 9.059167e-01
  1354 9.058415e-01
  1355 9.057707e-01
  1356 9.056998e-01
  1357 9.056290e-01
  1358 9.055582e-01
  1359 9.054873e-01
  1360 9.054165e-01
  1361 9.053456e-01
  1362 9.052748e-01
  1363 9.052039e-01
  1364 9.051330e-01
  1365 9.050622e-01
  1366 9.049913e-01
  1367 9.049204e-01
  1368 9.048495e-01
  1369 9.047742e-01
  1370 9.047077e-01
  1371 9.046323e-01
  1372 9.045614e-01
  1373 9.044905e-01
  1374 9.044196e-01
  1375 9.043487e-01
  1376 9.042777e-01
  1377 9.042068e-01
  1378 9.041358e-01
  1379 9.040649e-01
  1380 9.039939e-01
  1381 9.039229e-01
  1382 9.038520e-01
  1383 9.037810e-01
  1384 9.037100e-01
  1385 9.036390e-01
  1386 9.035680e-01
  1387 9.034970e-01
  1388 9.034260e-01
  1389 9.033550e-01
  1390 9.032840e-01
  1391 9.032130e-01
  1392 9.031420e-01
  1393 9.030709e-01
  1394 9.029999e-01
  1395 9.029288e-01
  1396 9.028578e-01
  1397 9.027867e-01
  1398 9.027157e-01
  1399 9.026446e-01
  1400 9.025735e-01
  1401 9.025025e-01
  1402 9.024314e-01
  1403 9.023603e-01
  1404 9.022892e-01
  1405 9.022181e-01
  1406 9.021470e-01
  1407 9.020759e-01
  1408 9.020048e-01
  1409 9.019336e-01
  1410 9.018625e-01
  1411 9.017914e-01
  1412 9.017202e-01
  1413 9.016491e-01
  1414 9.015780e-01
  1415 9.015068e-01
  1416 9.014401e-01
  1417 9.013645e-01
  1418 9.012977e-01
  1419 9.012266e-01
  1420 9.011554e-01
  1421 9.010842e-01
  1422 9.010130e-01
  1423 9.009418e-01
  1424 9.008706e-01
  1425 9.007994e-01
  1426 9.007282e-01
  1427 9.006569e-01
  1428 9.005857e-01
  1429 9.005145e-01
  1430 9.004477e-01
  1431 9.003720e-01
  1432 9.003052e-01
  1433 9.002339e-01
  1434 9.001627e-01
  1435 9.000914e-01
  1436 9.000201e-01
  1437 8.999489e-01
  1438 8.998776e-01
  1439 8.998063e-01
  1440 8.997350e-01
  1441 8.996637e-01
  1442 8.995924e-01
  1443 8.995255e-01
  1444 8.994542e-01
  1445 8.993829e-01
  1446 8.993116e-01
  1447 8.992402e-01
  1448 8.991689e-01
  1449 8.990975e-01
  1450 8.990262e-01
  1451 8.989548e-01
  1452 8.988835e-01
  1453 8.988121e-01
  1454 8.987452e-01
  1455 8.986738e-01
  1456 8.986024e-01
  1457 8.985310e-01
  1458 8.984596e-01
  1459 8.983882e-01
  1460 8.983168e-01
  1461 8.982454e-01
  1462 8.981740e-01
  1463 8.981025e-01
  1464 8.980356e-01
  1465 8.979641e-01
  1466 8.978927e-01
  1467 8.978213e-01
  1468 8.977498e-01
  1469 8.976783e-01
  1470 8.976069e-01
  1471 8.975354e-01
  1472 8.974639e-01
  1473 8.973925e-01
  1474 8.973210e-01
  1475 8.972539e-01
  1476 8.971824e-01
  1477 8.971109e-01
  1478 8.970394e-01
  1479 8.969679e-01
  1480 8.968964e-01
  1481 8.968249e-01
  1482 8.967533e-01
  1483 8.966818e-01
  1484 8.966102e-01
  1485 8.965432e-01
  1486 8.964716e-01
  1487 8.964001e-01
  1488 8.963285e-01
  1489 8.962569e-01
  1490 8.961853e-01
  1491 8.961138e-01
  1492 8.960422e-01
  1493 8.959706e-01
  1494 8.958990e-01
  1495 8.958274e-01
  1496 8.957602e-01
  1497 8.956886e-01
  1498 8.956170e-01
  1499 8.955454e-01
  1500 8.954737e-01
  1501 8.954021e-01
  1502 8.953318e-01
  1503 8.952601e-01
  1504 8.951889e-01
  1505 8.951181e-01
  1506 8.950469e-01
  1507 8.949752e-01
  1508 8.949049e-01
  1509 8.948332e-01
  1510 8.947620e-01
  1511 8.946912e-01
  1512 8.946199e-01
  1513 8.945482e-01
  1514 8.944778e-01
  1515 8.944061e-01
  1516 8.943348e-01
  1517 8.942640e-01
  1518 8.941927e-01
  1519 8.941223e-01
  1520 8.940506e-01
  1521 8.939793e-01
  1522 8.939089e-01
  1523 8.938371e-01
  1524 8.937658e-01
  1525 8.936953e-01
  1526 8.936235e-01
  1527 8.935522e-01
  1528 8.934818e-01
  1529 8.934100e-01
  1530 8.933386e-01
  1531 8.932681e-01
  1532 8.931968e-01
  1533 8.931263e-01
  1534 8.930545e-01
  1535 8.929831e-01
  1536 8.929126e-01
  1537 8.928412e-01
  1538 8.927707e-01
  1539 8.926988e-01
  1540 8.926274e-01
  1541 8.925569e-01
  1542 8.924855e-01
  1543 8.924149e-01
  1544 8.923435e-01
  1545 8.922729e-01
  1546 8.922015e-01
  1547 8.921300e-01
  1548 8.920595e-01
  1549 8.919880e-01
  1550 8.919174e-01
  1551 8.918460e-01
  1552 8.917754e-01
  1553 8.917039e-01
  1554 8.916333e-01
  1555 8.915618e-01
  1556 8.914912e-01
  1557 8.914197e-01
  1558 8.913491e-01
  1559 8.912775e-01
  1560 8.912069e-01
  1561 8.911354e-01
  1562 8.910647e-01
  1563 8.909936e-01
  1564 8.909230e-01
  1565 8.908514e-01
  1566 8.907808e-01
  1567 8.907101e-01
  1568 8.906390e-01
  1569 8.905683e-01
  1570 8.904967e-01
  1571 8.904260e-01
  1572 8.903544e-01
  1573 8.902842e-01
  1574 8.902126e-01
  1575 8.901419e-01
  1576 8.900711e-01
  1577 8.900000e-01
  1578 8.899292e-01
  1579 8.898576e-01
  1580 8.897873e-01
  1581 8.897157e-01
  1582 8.896454e-01
  1583 8.895746e-01
  1584 8.895029e-01
  1585 8.894326e-01
  1586 8.893609e-01
  1587 8.892906e-01
  1588 8.892198e-01
  1589 8.891481e-01
  1590 8.890778e-01
  1591 8.890061e-01
  1592 8.889357e-01
  1593 8.888649e-01
  1594 8.887936e-01
  1595 8.887228e-01
  1596 8.886515e-01
  1597 8.885807e-01
  1598 8.885094e-01
  1599 8.884390e-01
  1600 8.883681e-01
  1601 8.882964e-01
  1602 8.882260e-01
  1603 8.881542e-01
  1604 8.880838e-01
  1605 8.880120e-01
  1606 8.879420e-01
  1607 8.878711e-01
  1608 8.877998e-01
  1609 8.877289e-01
  1610 8.876575e-01
  1611 8.875866e-01
  1612 8.875152e-01
  1613 8.874447e-01
  1614 8.873738e-01
  1615 8.873024e-01
  1616 8.872319e-01
  1617 8.871605e-01
  1618 8.870895e-01
  1619 8.870181e-01
  1620 8.869476e-01
  1621 8.868762e-01
  1622 8.868052e-01
  1623 8.867338e-01
  1624 8.866632e-01
  1625 8.865918e-01
  1626 8.865208e-01
  1627 8.864493e-01
  1628 8.863788e-01
  1629 8.863073e-01
  1630 8.862367e-01
  1631 8.861652e-01
  1632 8.860947e-01
  1633 8.860232e-01
  1634 8.859521e-01
  1635 8.858806e-01
  1636 8.858100e-01
  1637 8.857385e-01
  1638 8.856679e-01
  1639 8.855963e-01
  1640 8.855248e-01
  1641 8.854542e-01
  1642 8.853826e-01
  1643 8.853120e-01
  1644 8.852404e-01
  1645 8.851698e-01
  1646 8.850982e-01
  1647 8.850266e-01
  1648 8.849559e-01
  1649 8.848848e-01
  1650 8.848137e-01
  1651 8.847425e-01
  1652 8.846718e-01
  1653 8.845998e-01
  1654 8.845286e-01
  1655 8.844579e-01
  1656 8.843863e-01
  1657 8.843160e-01
  1658 8.842439e-01
  1659 8.841727e-01
  1660 8.841020e-01
  1661 8.840308e-01
  1662 8.839600e-01
  1663 8.838879e-01
  1664 8.838167e-01
  1665 8.837459e-01
  1666 8.836747e-01
  1667 8.836039e-01
  1668 8.835322e-01
  1669 8.834610e-01
  1670 8.833902e-01
  1671 8.833189e-01
  1672 8.832481e-01
  1673 8.831764e-01
  1674 8.831051e-01
  1675 8.830343e-01
  1676 8.829630e-01
  1677 8.828921e-01
  1678 8.828208e-01
  1679 8.827500e-01
  1680 8.826782e-01
  1681 8.826073e-01
  1682 8.825365e-01
  1683 8.824652e-01
  1684 8.823943e-01
  1685 8.823229e-01
  1686 8.822520e-01
  1687 8.821802e-01
  1688 8.821093e-01
  1689 8.820384e-01
  1690 8.819671e-01
  1691 8.818961e-01
  1692 8.818248e-01
  1693 8.817543e-01
  1694 8.816829e-01
  1695 8.816120e-01
  1696 8.815405e-01
  1697 8.814700e-01
  1698 8.813986e-01
  1699 8.813277e-01
  1700 8.812567e-01
  1701 8.811857e-01
  1702 8.811143e-01
  1703 8.810428e-01
  1704 8.809728e-01
  1705 8.809018e-01
  1706 8.808303e-01
  1707 8.807597e-01
  1708 8.806883e-01
  1709 8.806177e-01
  1710 8.805462e-01
  1711 8.804756e-01
  1712 8.804041e-01
  1713 8.803336e-01
  1714 8.802620e-01
  1715 8.801914e-01
  1716 8.801199e-01
  1717 8.800498e-01
  1718 8.799787e-01
  1719 8.799076e-01
  1720 8.798365e-01
  1721 8.797654e-01
  1722 8.796948e-01
  1723 8.796232e-01
  1724 8.795530e-01
  1725 8.794819e-01
  1726 8.794108e-01
  1727 8.793401e-01
  1728 8.792686e-01
  1729 8.791983e-01
  1730 8.791276e-01
  1731 8.790565e-01
  1732 8.789853e-01
  1733 8.789142e-01
  1734 8.788439e-01
  1735 8.787728e-01
  1736 8.787016e-01
  1737 8.786309e-01
  1738 8.785597e-01
  1739 8.784894e-01
  1740 8.784182e-01
  1741 8.783470e-01
  1742 8.782767e-01
  1743 8.782059e-01
  1744 8.781347e-01
  1745 8.780644e-01
  1746 8.779931e-01
  1747 8.779219e-01
  1748 8.778511e-01
  1749 8.777799e-01
  1750 8.777095e-01
  1751 8.776387e-01
  1752 8.775674e-01
  1753 8.774971e-01
  1754 8.774263e-01
  1755 8.773550e-01
  1756 8.772841e-01
  1757 8.772128e-01
  1758 8.771424e-01
  1759 8.770716e-01
  1760 8.770003e-01
  1761 8.769299e-01
  1762 8.768590e-01
  1763 8.767877e-01
  1764 8.767168e-01
  1765 8.766454e-01
  1766 8.765755e-01
  1767 8.765041e-01
  1768 8.764332e-01
  1769 8.763623e-01
  1770 8.762909e-01
  1771 8.762205e-01
  1772 8.761495e-01
  1773 8.760786e-01
  1774 8.760077e-01
  1775 8.759363e-01
  1776 8.758653e-01
  1777 8.757939e-01
  1778 8.757238e-01
  1779 8.756524e-01
  1780 8.755815e-01
  1781 8.755105e-01
  1782 8.754395e-01
  1783 8.753685e-01
  1784 8.752975e-01
  1785 8.752265e-01
  1786 8.751550e-01
  1787 8.750849e-01
  1788 8.750135e-01
  1789 8.749424e-01
  1790 8.748714e-01
  1791 8.748004e-01
  1792 8.747293e-01
  1793 8.746583e-01
  1794 8.745872e-01
  1795 8.745162e-01
  1796 8.744451e-01
  1797 8.743736e-01
  1798 8.743025e-01
  1799 8.742314e-01
  1800 8.741603e-01
  1801 8.740892e-01
  1802 8.740181e-01
  1803 8.739470e-01
  1804 8.738759e-01
  1805 8.738048e-01
  1806 8.737337e-01
  1807 8.736625e-01
  1808 8.735914e-01
  1809 8.735203e-01
  1810 8.734491e-01
  1811 8.733780e-01
  1812 8.733073e-01
  1813 8.732361e-01
  1814 8.731649e-01
  1815 8.730938e-01
  1816 8.730226e-01
  1817 8.729509e-01
  1818 8.728797e-01
  1819 8.728085e-01
  1820 8.727373e-01
  1821 8.726661e-01
  1822 8.725949e-01
  1823 8.725242e-01
  1824 8.724529e-01
  1825 8.723817e-01
  1826 8.723105e-01
  1827 8.722392e-01
  1828 8.721680e-01
  1829 8.720972e-01
  1830 8.720259e-01
  1831 8.719546e-01
  1832 8.718834e-01
  1833 8.718121e-01
  1834 8.717412e-01
  1835 8.716700e-01
  1836 8.715987e-01
  1837 8.715274e-01
  1838 8.714565e-01
  1839 8.713852e-01
  1840 8.713139e-01
  1841 8.712430e-01
  1842 8.711717e-01
  1843 8.711003e-01
  1844 8.710295e-01
  1845 8.709581e-01
  1846 8.708867e-01
  1847 8.708158e-01
  1848 8.707445e-01
  1849 8.706736e-01
  1850 8.706022e-01
  1851 8.705308e-01
  1852 8.704599e-01
  1853 8.703885e-01
  1854 8.703175e-01
  1855 8.702461e-01
  1856 8.701752e-01
  1857 8.701038e-01
  1858 8.700323e-01
  1859 8.699623e-01
  1860 8.698908e-01
  1861 8.698199e-01
  1862 8.697484e-01
  1863 8.696774e-01
  1864 8.696060e-01
  1865 8.695345e-01
  1866 8.694644e-01
  1867 8.693929e-01
  1868 8.693219e-01
  1869 8.692504e-01
  1870 8.691794e-01
  1871 8.691088e-01
  1872 8.690373e-01
  1873 8.689662e-01
  1874 8.688952e-01
  1875 8.688237e-01
  1876 8.687535e-01
  1877 8.686820e-01
  1878 8.686109e-01
  1879 8.685403e-01
  1880 8.684687e-01
  1881 8.683976e-01
  1882 8.683265e-01
  1883 8.682554e-01
  1884 8.681847e-01
  1885 8.681136e-01
  1886 8.680420e-01
  1887 8.679718e-01
  1888 8.679002e-01
  1889 8.678291e-01
  1890 8.677588e-01
  1891 8.676872e-01
  1892 8.676161e-01
  1893 8.675458e-01
  1894 8.674742e-01
  1895 8.674030e-01
  1896 8.673327e-01
  1897 8.672616e-01
  1898 8.671904e-01
  1899 8.671196e-01
  1900 8.670484e-01
  1901 8.669772e-01
  1902 8.669069e-01
  1903 8.668352e-01
  1904 8.667640e-01
  1905 8.666937e-01
  1906 8.666224e-01
  1907 8.665512e-01
  1908 8.664808e-01
  1909 8.664100e-01
  1910 8.663388e-01
  1911 8.662675e-01
  1912 8.661971e-01
  1913 8.661259e-01
  1914 8.660546e-01
  1915 8.659842e-01
  1916 8.659129e-01
  1917 8.658416e-01
  1918 8.657712e-01
  1919 8.656999e-01
  1920 8.656290e-01
  1921 8.655586e-01
  1922 8.654868e-01
  1923 8.654159e-01
  1924 8.653455e-01
  1925 8.652742e-01
  1926 8.652028e-01
  1927 8.651328e-01
  1928 8.650610e-01
  1929 8.649901e-01
  1930 8.649191e-01
  1931 8.648478e-01
  1932 8.647773e-01
  1933 8.647059e-01
  1934 8.646349e-01
  1935 8.645645e-01
  1936 8.644930e-01
  1937 8.644221e-01
  1938 8.643511e-01
  1939 8.642797e-01
  1940 8.642096e-01
  1941 8.641382e-01
  1942 8.640672e-01
  1943 8.639966e-01
  1944 8.639252e-01
  1945 8.638542e-01
  1946 8.637827e-01
  1947 8.637117e-01
  1948 8.636416e-01
  1949 8.635701e-01
  1950 8.634990e-01
  1951 8.634280e-01
  1952 8.633569e-01
  1953 8.632854e-01
  1954 8.632144e-01
  1955 8.631442e-01
  1956 8.630727e-01
  1957 8.630016e-01
  1958 8.629305e-01
  1959 8.628594e-01
  1960 8.627883e-01
  1961 8.627172e-01
  1962 8.626466e-01
  1963 8.625755e-01
  1964 8.625044e-01
  1965 8.624332e-01
  1966 8.623621e-01
  1967 8.622910e-01
  1968 8.622198e-01
  1969 8.621487e-01
  1970 8.620775e-01
  1971 8.620064e-01
  1972 8.619352e-01
  1973 8.618650e-01
  1974 8.617933e-01
  1975 8.617226e-01
  1976 8.616514e-01
  1977 8.615802e-01
  1978 8.615090e-01
  1979 8.614383e-01
  1980 8.613666e-01
  1981 8.612958e-01
  1982 8.612246e-01
  1983 8.611534e-01
  1984 8.610831e-01
  1985 8.610118e-01
  1986 8.609406e-01
  1987 8.608693e-01
  1988 8.607985e-01
  1989 8.607273e-01
  1990 8.606565e-01
  1991 8.605847e-01
  1992 8.605139e-01
  1993 8.604435e-01
  1994 8.603718e-01
  1995 8.603009e-01
  1996 8.602296e-01
  1997 8.601588e-01
  1998 8.600875e-01
  1999 8.600166e-01
  2000 8.599462e-01
  2001 8.598744e-01
  2002 8.598035e-01
  2003 8.597322e-01
  2004 8.596613e-01
  2005 8.595899e-01
  2006 8.595190e-01
  2007 8.594486e-01
  2008 8.593768e-01
  2009 8.593063e-01
  2010 8.592349e-01
  2011 8.591640e-01
  2012 8.590935e-01
  2013 8.590216e-01
  2014 8.589507e-01
  2015 8.588802e-01
  2016 8.588088e-01
  2017 8.587378e-01
  2018 8.586664e-01
  2019 8.585954e-01
  2020 8.585249e-01
  2021 8.584534e-01
  2022 8.583824e-01
  2023 8.583119e-01
  2024 8.582404e-01
  2025 8.581694e-01
  2026 8.580993e-01
  2027 8.580274e-01
  2028 8.579568e-01
  2029 8.578863e-01
  2030 8.578147e-01
  2031 8.577437e-01
  2032 8.576731e-01
  2033 8.576016e-01
  2034 8.575305e-01
  2035 8.574599e-01
  2036 8.573884e-01
  2037 8.573178e-01
  2038 8.572471e-01
  2039 8.571765e-01
  2040 8.571049e-01
  2041 8.570338e-01
  2042 8.569637e-01
  2043 8.568921e-01
  2044 8.568210e-01
  2045 8.567503e-01
  2046 8.566796e-01
  2047 8.566080e-01
  2048 8.565373e-01
  2049 8.564667e-01
  2050 8.563950e-01
  2051 8.563243e-01
  2052 8.562536e-01
  2053 8.561829e-01
  2054 8.561113e-01
  2055 8.560406e-01
  2056 8.559698e-01
  2057 8.558991e-01
  2058 8.558279e-01
  2059 8.557567e-01
  2060 8.556864e-01
  2061 8.556147e-01
  2062 8.555439e-01
  2063 8.554732e-01
  2064 8.554024e-01
  2065 8.553307e-01
  2066 8.552599e-01
  2067 8.551891e-01
  2068 8.551188e-01
  2069 8.550471e-01
  2070 8.549762e-01
  2071 8.549054e-01
  2072 8.548351e-01
  2073 8.547633e-01
  2074 8.546925e-01
  2075 8.546221e-01
  2076 8.545503e-01
  2077 8.544795e-01
  2078 8.544086e-01
  2079 8.543382e-01
  2080 8.542664e-01
  2081 8.541956e-01
  2082 8.541252e-01
  2083 8.540543e-01
  2084 8.539829e-01
  2085 8.539120e-01
  2086 8.538411e-01
  2087 8.537697e-01
  2088 8.536988e-01
  2089 8.536284e-01
  2090 8.535565e-01
  2091 8.534856e-01
  2092 8.534151e-01
  2093 8.533442e-01
  2094 8.532727e-01
  2095 8.532018e-01
  2096 8.531313e-01
  2097 8.530594e-01
  2098 8.529889e-01
  2099 8.529184e-01
  2100 8.528465e-01
  2101 8.527755e-01
  2102 8.527049e-01
  2103 8.526335e-01
  2104 8.525625e-01
  2105 8.524919e-01
  2106 8.524204e-01
  2107 8.523494e-01
  2108 8.522788e-01
  2109 8.522073e-01
  2110 8.521363e-01
  2111 8.520657e-01
  2112 8.519942e-01
  2113 8.519231e-01
  2114 8.518516e-01
  2115 8.517810e-01
  2116 8.517104e-01
  2117 8.516383e-01
  2118 8.515677e-01
  2119 8.514971e-01
  2120 8.514255e-01
  2121 8.513544e-01
  2122 8.512838e-01
  2123 8.512122e-01
  2124 8.511415e-01
  2125 8.510699e-01
  2126 8.509993e-01
  2127 8.509286e-01
  2128 8.508565e-01
  2129 8.507858e-01
  2130 8.507151e-01
  2131 8.506435e-01
  2132 8.505728e-01
  2133 8.505011e-01
  2134 8.504304e-01
  2135 8.503597e-01
  2136 8.502880e-01
  2137 8.502173e-01
  2138 8.501465e-01
  2139 8.500749e-01
  2140 8.500041e-01
  2141 8.499324e-01
  2142 8.498616e-01
  2143 8.497909e-01
  2144 8.497192e-01
  2145 8.496484e-01
  2146 8.495781e-01
  2147 8.495063e-01
  2148 8.494355e-01
  2149 8.493647e-01
  2150 8.492930e-01
  2151 8.492222e-01
  2152 8.491504e-01
  2153 8.490796e-01
  2154 8.490092e-01
  2155 8.489374e-01
  2156 8.488666e-01
  2157 8.487957e-01
  2158 8.487244e-01
  2159 8.486535e-01
  2160 8.485827e-01
  2161 8.485108e-01
  2162 8.484404e-01
  2163 8.483695e-01
  2164 8.482977e-01
  2165 8.482273e-01
  2166 8.481564e-01
  2167 8.480845e-01
  2168 8.480141e-01
  2169 8.479432e-01
  2170 8.478713e-01
  2171 8.478008e-01
  2172 8.477299e-01
  2173 8.476594e-01
  2174 8.475875e-01
  2175 8.475170e-01
  2176 8.474461e-01
  2177 8.473746e-01
  2178 8.473036e-01
  2179 8.472331e-01
  2180 8.471622e-01
  2181 8.470907e-01
  2182 8.470197e-01
  2183 8.469492e-01
  2184 8.468772e-01
  2185 8.468066e-01
  2186 8.467356e-01
  2187 8.466651e-01
  2188 8.465936e-01
  2189 8.465225e-01
  2190 8.464519e-01
  2191 8.463814e-01
  2192 8.463094e-01
  2193 8.462388e-01
  2194 8.461677e-01
  2195 8.460971e-01
  2196 8.460255e-01
  2197 8.459549e-01
  2198 8.458838e-01
  2199 8.458132e-01
  2200 8.457426e-01
  2201 8.456705e-01
  2202 8.455999e-01
  2203 8.455292e-01
  2204 8.454586e-01
  2205 8.453879e-01
  2206 8.453158e-01
  2207 8.452451e-01
  2208 8.451745e-01
  2209 8.451038e-01
  2210 8.450321e-01
  2211 8.449614e-01
  2212 8.448907e-01
  2213 8.448200e-01
  2214 8.447493e-01
  2215 8.446772e-01
  2216 8.446064e-01
  2217 8.445357e-01
  2218 8.444649e-01
  2219 8.443942e-01
  2220 8.443225e-01
  2221 8.442517e-01
  2222 8.441810e-01
  2223 8.441102e-01
  2224 8.440394e-01
  2225 8.439677e-01
  2226 8.438969e-01
  2227 8.438261e-01
  2228 8.437558e-01
  2229 8.436850e-01
  2230 8.436132e-01
  2231 8.435424e-01
  2232 8.434716e-01
  2233 8.434008e-01
  2234 8.433299e-01
  2235 8.432581e-01
  2236 8.431878e-01
  2237 8.431169e-01
  2238 8.430461e-01
  2239 8.429752e-01
  2240 8.429034e-01
  2241 8.428330e-01
  2242 8.427621e-01
  2243 8.426912e-01
  2244 8.426203e-01
  2245 8.425485e-01
  2246 8.424780e-01
  2247 8.424071e-01
  2248 8.423362e-01
  2249 8.422648e-01
  2250 8.421939e-01
  2251 8.421229e-01
  2252 8.420525e-01
  2253 8.419806e-01
  2254 8.419101e-01
  2255 8.418391e-01
  2256 8.417682e-01
  2257 8.416967e-01
  2258 8.416257e-01
  2259 8.415552e-01
  2260 8.414842e-01
  2261 8.414123e-01
  2262 8.413418e-01
  2263 8.412707e-01
  2264 8.412002e-01
  2265 8.411282e-01
  2266 8.410577e-01
  2267 8.409867e-01
  2268 8.409161e-01
  2269 8.408441e-01
  2270 8.407735e-01
  2271 8.407029e-01
  2272 8.406309e-01
  2273 8.405603e-01
  2274 8.404897e-01
  2275 8.404187e-01
  2276 8.403471e-01
  2277 8.402760e-01
  2278 8.402054e-01
  2279 8.401348e-01
  2280 8.400627e-01
  2281 8.399921e-01
  2282 8.399214e-01
  2283 8.398493e-01
  2284 8.397787e-01
  2285 8.397080e-01
  2286 8.396364e-01
  2287 8.395652e-01
  2288 8.394945e-01
  2289 8.394239e-01
  2290 8.393522e-01
  2291 8.392815e-01
  2292 8.392103e-01
  2293 8.391387e-01
  2294 8.390680e-01
  2295 8.389972e-01
  2296 8.389265e-01
  2297 8.388548e-01
  2298 8.387841e-01
  2299 8.387128e-01
  2300 8.386411e-01
  2301 8.385704e-01
  2302 8.384996e-01
  2303 8.384288e-01
  2304 8.383571e-01
  2305 8.382863e-01
  2306 8.382155e-01
  2307 8.381438e-01
  2308 8.380730e-01
  2309 8.380022e-01
  2310 8.379314e-01
  2311 8.378596e-01
  2312 8.377888e-01
  2313 8.377184e-01
  2314 8.376471e-01
  2315 8.375758e-01
  2316 8.375049e-01
  2317 8.374341e-01
  2318 8.373632e-01
  2319 8.372914e-01
  2320 8.372205e-01
  2321 8.371501e-01
  2322 8.370792e-01
  2323 8.370074e-01
  2324 8.369365e-01
  2325 8.368656e-01
  2326 8.367947e-01
  2327 8.367233e-01
  2328 8.366524e-01
  2329 8.365814e-01
  2330 8.365105e-01
  2331 8.364391e-01
  2332 8.363681e-01
  2333 8.362977e-01
  2334 8.362267e-01
  2335 8.361557e-01
  2336 8.360838e-01
  2337 8.360133e-01
  2338 8.359423e-01
  2339 8.358718e-01
  2340 8.358008e-01
  2341 8.357289e-01
  2342 8.356584e-01
  2343 8.355873e-01
  2344 8.355168e-01
  2345 8.354458e-01
  2346 8.353748e-01
  2347 8.353032e-01
  2348 8.352327e-01
  2349 8.351616e-01
  2350 8.350911e-01
  2351 8.350200e-01
  2352 8.349489e-01
  2353 8.348774e-01
  2354 8.348068e-01
  2355 8.347357e-01
  2356 8.346651e-01
  2357 8.345945e-01
  2358 8.345234e-01
  2359 8.344527e-01
  2360 8.343807e-01
  2361 8.343100e-01
  2362 8.342394e-01
  2363 8.341687e-01
  2364 8.340976e-01
  2365 8.340269e-01
  2366 8.339563e-01
  2367 8.338851e-01
  2368 8.338135e-01
  2369 8.337428e-01
  2370 8.336716e-01
  2371 8.336009e-01
  2372 8.335302e-01
  2373 8.334595e-01
  2374 8.333888e-01
  2375 8.333176e-01
  2376 8.332459e-01
  2377 8.331751e-01
  2378 8.331044e-01
  2379 8.330336e-01
  2380 8.329629e-01
  2381 8.328917e-01
  2382 8.328209e-01
  2383 8.327501e-01
  2384 8.326784e-01
  2385 8.326076e-01
  2386 8.325368e-01
  2387 8.324660e-01
  2388 8.323952e-01
  2389 8.323244e-01
  2390 8.322536e-01
  2391 8.321823e-01
  2392 8.321105e-01
  2393 8.320401e-01
  2394 8.319693e-01
  2395 8.318985e-01
  2396 8.318276e-01
  2397 8.317567e-01
  2398 8.316854e-01
  2399 8.316141e-01
  2400 8.315432e-01
  2401 8.314723e-01
  2402 8.314014e-01
  2403 8.313305e-01
  2404 8.312596e-01
  2405 8.311887e-01
  2406 8.311168e-01
  2407 8.310464e-01
  2408 8.309755e-01
  2409 8.309046e-01
  2410 8.308336e-01
  2411 8.307627e-01
  2412 8.306917e-01
  2413 8.306198e-01
  2414 8.305493e-01
  2415 8.304784e-01
  2416 8.304074e-01
  2417 8.303369e-01
  2418 8.302654e-01
  2419 8.301940e-01
  2420 8.301235e-01
  2421 8.300525e-01
  2422 8.299814e-01
  2423 8.299104e-01
  2424 8.298384e-01
  2425 8.297679e-01
  2426 8.296969e-01
  2427 8.296263e-01
  2428 8.295553e-01
  2429 8.294842e-01
  2430 8.294127e-01
  2431 8.293416e-01
  2432 8.292710e-01
  2433 8.292000e-01
  2434 8.291289e-01
  2435 8.290573e-01
  2436 8.289867e-01
  2437 8.289156e-01
  2438 8.288450e-01
  2439 8.287739e-01
  2440 8.287018e-01
  2441 8.286311e-01
  2442 8.285605e-01
  2443 8.284898e-01
  2444 8.284182e-01
  2445 8.283466e-01
  2446 8.282759e-01
  2447 8.282052e-01
  2448 8.281346e-01
  2449 8.280629e-01
  2450 8.279912e-01
  2451 8.279205e-01
  2452 8.278498e-01
  2453 8.277791e-01
  2454 8.277079e-01
  2455 8.276362e-01
  2456 8.275655e-01
  2457 8.274948e-01
  2458 8.274240e-01
  2459 8.273528e-01
  2460 8.272811e-01
  2461 8.272103e-01
  2462 8.271395e-01
  2463 8.270688e-01
  2464 8.269975e-01
  2465 8.269257e-01
  2466 8.268549e-01
  2467 8.267841e-01
  2468 8.267133e-01
  2469 8.266425e-01
  2470 8.265712e-01
  2471 8.264999e-01
  2472 8.264291e-01
  2473 8.263583e-01
  2474 8.262874e-01
  2475 8.262166e-01
  2476 8.261452e-01
  2477 8.260739e-01
  2478 8.260030e-01
  2479 8.259322e-01
  2480 8.258613e-01
  2481 8.257904e-01
  2482 8.257195e-01
  2483 8.256486e-01
  2484 8.255767e-01
  2485 8.255063e-01
  2486 8.254354e-01
  2487 8.253645e-01
  2488 8.252936e-01
  2489 8.252226e-01
  2490 8.251522e-01
  2491 8.250808e-01
  2492 8.250093e-01
  2493 8.249384e-01
  2494 8.248679e-01
  2495 8.247969e-01
  2496 8.247259e-01
  2497 8.246555e-01
  2498 8.245845e-01
  2499 8.245140e-01
  2500 8.244425e-01
  2501 8.243710e-01
  2502 8.243005e-01
  2503 8.242294e-01
  2504 8.241584e-01
  2505 8.240879e-01
  2506 8.240168e-01
  2507 8.239463e-01
  2508 8.238752e-01
  2509 8.238047e-01
  2510 8.237336e-01
  2511 8.236630e-01
  2512 8.235924e-01
  2513 8.235214e-01
  2514 8.234503e-01
  2515 8.233787e-01
  2516 8.233081e-01
  2517 8.232375e-01
  2518 8.231664e-01
  2519 8.230957e-01
  2520 8.230251e-01
  2521 8.229540e-01
  2522 8.228833e-01
  2523 8.228127e-01
  2524 8.227420e-01
  2525 8.226709e-01
  2526 8.226002e-01
  2527 8.225295e-01
  2528 8.224589e-01
  2529 8.223877e-01
  2530 8.223170e-01
  2531 8.222463e-01
  2532 8.221756e-01
  2533 8.221049e-01
  2534 8.220341e-01
  2535 8.219634e-01
  2536 8.218922e-01
  2537 8.218205e-01
  2538 8.217497e-01
  2539 8.216790e-01
  2540 8.216082e-01
  2541 8.215375e-01
  2542 8.214667e-01
  2543 8.213959e-01
  2544 8.213252e-01
  2545 8.212544e-01
  2546 8.211836e-01
  2547 8.211128e-01
  2548 8.210420e-01
  2549 8.209712e-01
  2550 8.209003e-01
  2551 8.208295e-01
  2552 8.207592e-01
  2553 8.206883e-01
  2554 8.206175e-01
  2555 8.205467e-01
  2556 8.204758e-01
  2557 8.204049e-01
  2558 8.203346e-01
  2559 8.202627e-01
  2560 8.201914e-01
  2561 8.201210e-01
  2562 8.200501e-01
  2563 8.199792e-01
  2564 8.199083e-01
  2565 8.198379e-01
  2566 8.197669e-01
  2567 8.196960e-01
  2568 8.196251e-01
  2569 8.195546e-01
  2570 8.194837e-01
  2571 8.194128e-01
  2572 8.193423e-01
  2573 8.192713e-01
  2574 8.191999e-01
  2575 8.191284e-01
  2576 8.190579e-01
  2577 8.189870e-01
  2578 8.189165e-01
  2579 8.188455e-01
  2580 8.187745e-01
  2581 8.187040e-01
  2582 8.186329e-01
  2583 8.185619e-01
  2584 8.184914e-01
  2585 8.184208e-01
  2586 8.183493e-01
  2587 8.182778e-01
  2588 8.182072e-01
  2589 8.181362e-01
  2590 8.180656e-01
  2591 8.179945e-01
  2592 8.179235e-01
  2593 8.178529e-01
  2594 8.177818e-01
  2595 8.177112e-01
  2596 8.176396e-01
  2597 8.175685e-01
  2598 8.174979e-01
  2599 8.174267e-01
  2600 8.173561e-01
  2601 8.172850e-01
  2602 8.172143e-01
  2603 8.171432e-01
  2604 8.170725e-01
  2605 8.170019e-01
  2606 8.169302e-01
  2607 8.168586e-01
  2608 8.167879e-01
  2609 8.167172e-01
  2610 8.166460e-01
  2611 8.165753e-01
  2612 8.165046e-01
  2613 8.164334e-01
  2614 8.163627e-01
  2615 8.162920e-01
  2616 8.162202e-01
  2617 8.161490e-01
  2618 8.160783e-01
  2619 8.160070e-01
  2620 8.159363e-01
  2621 8.158655e-01
  2622 8.157942e-01
  2623 8.157235e-01
  2624 8.156527e-01
  2625 8.155819e-01
  2626 8.155106e-01
  2627 8.154398e-01
  2628 8.153690e-01
  2629 8.152972e-01
  2630 8.152259e-01
  2631 8.151551e-01
  2632 8.150843e-01
  2633 8.150134e-01
  2634 8.149426e-01
  2635 8.148717e-01
  2636 8.148004e-01
  2637 8.147295e-01
  2638 8.146587e-01
  2639 8.145878e-01
  2640 8.145169e-01
  2641 8.144460e-01
  2642 8.143751e-01
  2643 8.143042e-01
  2644 8.142333e-01
  2645 8.141624e-01
  2646 8.140915e-01
  2647 8.140206e-01
  2648 8.139497e-01
  2649 8.138787e-01
  2650 8.138078e-01
  2651 8.137368e-01
  2652 8.136659e-01
  2653 8.135949e-01
  2654 8.135239e-01
  2655 8.134530e-01
  2656 8.133820e-01
  2657 8.133110e-01
  2658 8.132400e-01
  2659 8.131690e-01
  2660 8.130980e-01
  2661 8.130275e-01
  2662 8.129565e-01
  2663 8.128855e-01
  2664 8.128144e-01
  2665 8.127434e-01
  2666 8.126724e-01
  2667 8.126018e-01
  2668 8.125308e-01
  2669 8.124597e-01
  2670 8.123886e-01
  2671 8.123181e-01
  2672 8.122470e-01
  2673 8.121759e-01
  2674 8.121053e-01
  2675 8.120342e-01
  2676 8.119631e-01
  2677 8.118925e-01
  2678 8.118214e-01
  2679 8.117503e-01
  2680 8.116796e-01
  2681 8.116085e-01
  2682 8.115378e-01
  2683 8.114667e-01
  2684 8.113955e-01
  2685 8.113254e-01
  2686 8.112552e-01
  2687 8.111840e-01
  2688 8.111129e-01
  2689 8.110422e-01
  2690 8.109710e-01
  2691 8.109003e-01
  2692 8.108296e-01
  2693 8.107584e-01
  2694 8.106876e-01
  2695 8.106164e-01
  2696 8.105457e-01
  2697 8.104750e-01
  2698 8.104037e-01
  2699 8.103330e-01
  2700 8.102622e-01
  2701 8.101909e-01
  2702 8.101202e-01
  2703 8.100499e-01
  2704 8.099796e-01
  2705 8.099083e-01
  2706 8.098375e-01
  2707 8.097667e-01
  2708 8.096959e-01
  2709 8.096251e-01
  2710 8.095538e-01
  2711 8.094830e-01
  2712 8.094121e-01
  2713 8.093413e-01
  2714 8.092705e-01
  2715 8.091996e-01
  2716 8.091288e-01
  2717 8.090579e-01
  2718 8.089870e-01
  2719 8.089162e-01
  2720 8.088453e-01
  2721 8.087744e-01
  2722 8.087035e-01
  2723 8.086326e-01
  2724 8.085617e-01
  2725 8.084913e-01
  2726 8.084209e-01
  2727 8.083499e-01
  2728 8.082790e-01
  2729 8.082081e-01
  2730 8.081371e-01
  2731 8.080662e-01
  2732 8.079957e-01
  2733 8.079248e-01
  2734 8.078538e-01
  2735 8.077828e-01
  2736 8.077118e-01
  2737 8.076413e-01
  2738 8.075703e-01
  2739 8.074994e-01
  2740 8.074283e-01
  2741 8.073578e-01
  2742 8.072868e-01
  2743 8.072158e-01
  2744 8.071453e-01
  2745 8.070742e-01
  2746 8.070032e-01
  2747 8.069326e-01
  2748 8.068616e-01
  2749 8.067910e-01
  2750 8.067199e-01
  2751 8.066489e-01
  2752 8.065783e-01
  2753 8.065072e-01
  2754 8.064366e-01
  2755 8.063655e-01
  2756 8.062949e-01
  2757 8.062238e-01
  2758 8.061532e-01
  2759 8.060820e-01
  2760 8.060114e-01
  2761 8.059403e-01
  2762 8.058696e-01
  2763 8.057985e-01
  2764 8.057278e-01
  2765 8.056572e-01
  2766 8.055860e-01
  2767 8.055153e-01
  2768 8.054441e-01
  2769 8.053734e-01
  2770 8.053028e-01
  2771 8.052316e-01
  2772 8.051608e-01
  2773 8.050901e-01
  2774 8.050194e-01
  2775 8.049482e-01
  2776 8.048775e-01
  2777 8.048067e-01
  2778 8.047355e-01
  2779 8.046647e-01
  2780 8.045940e-01
  2781 8.045232e-01
  2782 8.044524e-01
  2783 8.043812e-01
  2784 8.043104e-01
  2785 8.042396e-01
  2786 8.041688e-01
  2787 8.040990e-01
  2788 8.040282e-01
  2789 8.039574e-01
  2790 8.038866e-01
  2791 8.038152e-01
  2792 8.037444e-01
  2793 8.036736e-01
  2794 8.036027e-01
  2795 8.035319e-01
  2796 8.034610e-01
  2797 8.033902e-01
  2798 8.033193e-01
  2799 8.032484e-01
  2800 8.031775e-01
  2801 8.031066e-01
  2802 8.030357e-01
  2803 8.029658e-01
  2804 8.028949e-01
  2805 8.028240e-01
  2806 8.027531e-01
  2807 8.026822e-01
  2808 8.026117e-01
  2809 8.025408e-01
  2810 8.024699e-01
  2811 8.023989e-01
  2812 8.023280e-01
  2813 8.022570e-01
  2814 8.021870e-01
  2815 8.021166e-01
  2816 8.020456e-01
  2817 8.019746e-01
  2818 8.019036e-01
  2819 8.018326e-01
  2820 8.017621e-01
  2821 8.016911e-01
  2822 8.016210e-01
  2823 8.015500e-01
  2824 8.014795e-01
  2825 8.014085e-01
  2826 8.013374e-01
  2827 8.012664e-01
  2828 8.011958e-01
  2829 8.011247e-01
  2830 8.010547e-01
  2831 8.009841e-01
  2832 8.009130e-01
  2833 8.008419e-01
  2834 8.007713e-01
  2835 8.007002e-01
  2836 8.006301e-01
  2837 8.005595e-01
  2838 8.004884e-01
  2839 8.004178e-01
  2840 8.003466e-01
  2841 8.002760e-01
  2842 8.002049e-01
  2843 8.001352e-01
  2844 8.000640e-01
  2845 7.999934e-01
  2846 7.999222e-01
  2847 7.998515e-01
  2848 7.997804e-01
  2849 7.997107e-01
  2850 7.996395e-01
  2851 7.995688e-01
  2852 7.994981e-01
  2853 7.994269e-01
  2854 7.993561e-01
  2855 7.992859e-01
  2856 7.992152e-01
  2857 7.991444e-01
  2858 7.990732e-01
  2859 7.990024e-01
  2860 7.989317e-01
  2861 7.988614e-01
  2862 7.987907e-01
  2863 7.987199e-01
  2864 7.986491e-01
  2865 7.985778e-01
  2866 7.985070e-01
  2867 7.984362e-01
  2868 7.983659e-01
  2869 7.982951e-01
  2870 7.982243e-01
  2871 7.981535e-01
  2872 7.980826e-01
  2873 7.980113e-01
  2874 7.979414e-01
  2875 7.978706e-01
  2876 7.977997e-01
  2877 7.977289e-01
  2878 7.976580e-01
  2879 7.975871e-01
  2880 7.975163e-01
  2881 7.974464e-01
  2882 7.973755e-01
  2883 7.973041e-01
  2884 7.972332e-01
  2885 7.971622e-01
  2886 7.970913e-01
  2887 7.970204e-01
  2888 7.969505e-01
  2889 7.968795e-01
  2890 7.968086e-01
  2891 7.967376e-01
  2892 7.966672e-01
  2893 7.965962e-01
  2894 7.965253e-01
  2895 7.964543e-01
  2896 7.963843e-01
  2897 7.963133e-01
  2898 7.962423e-01
  2899 7.961713e-01
  2900 7.961003e-01
  2901 7.960298e-01
  2902 7.959588e-01
  2903 7.958877e-01
  2904 7.958177e-01
  2905 7.957467e-01
  2906 7.956761e-01
  2907 7.956051e-01
  2908 7.955340e-01
  2909 7.954630e-01
  2910 7.953924e-01
  2911 7.953213e-01
  2912 7.952512e-01
  2913 7.951802e-01
  2914 7.951096e-01
  2915 7.950385e-01
  2916 7.949674e-01
  2917 7.948967e-01
  2918 7.948256e-01
  2919 7.947550e-01
  2920 7.946849e-01
  2921 7.946137e-01
  2922 7.945431e-01
  2923 7.944719e-01
  2924 7.944013e-01
  2925 7.943301e-01
  2926 7.942594e-01
  2927 7.941883e-01
  2928 7.941181e-01
  2929 7.940474e-01
  2930 7.939767e-01
  2931 7.939055e-01
  2932 7.938348e-01
  2933 7.937636e-01
  2934 7.936929e-01
  2935 7.936226e-01
  2936 7.935519e-01
  2937 7.934807e-01
  2938 7.934099e-01
  2939 7.933392e-01
  2940 7.932679e-01
  2941 7.931972e-01
  2942 7.931274e-01
  2943 7.930561e-01
  2944 7.929853e-01
  2945 7.929145e-01
  2946 7.928432e-01
  2947 7.927724e-01
  2948 7.927026e-01
  2949 7.926313e-01
  2950 7.925605e-01
  2951 7.924897e-01
  2952 7.924189e-01
  2953 7.923480e-01
  2954 7.922777e-01
  2955 7.922068e-01
  2956 7.921360e-01
  2957 7.920651e-01
  2958 7.919942e-01
  2959 7.919234e-01
  2960 7.918530e-01
  2961 7.917821e-01
  2962 7.917112e-01
  2963 7.916403e-01
  2964 7.915704e-01
  2965 7.914995e-01
  2966 7.914286e-01
  2967 7.913576e-01
  2968 7.912867e-01
  2969 7.912168e-01
  2970 7.911458e-01
  2971 7.910749e-01
  2972 7.910039e-01
  2973 7.909330e-01
  2974 7.908630e-01
  2975 7.907920e-01
  2976 7.907210e-01
  2977 7.906500e-01
  2978 7.905801e-01
  2979 7.905091e-01
  2980 7.904381e-01
  2981 7.903670e-01
  2982 7.902975e-01
  2983 7.902265e-01
  2984 7.901555e-01
  2985 7.900844e-01
  2986 7.900144e-01
  2987 7.899433e-01
  2988 7.898723e-01
  2989 7.898017e-01
  2990 7.897317e-01
  2991 7.896606e-01
  2992 7.895895e-01
  2993 7.895189e-01
  2994 7.894488e-01
  2995 7.893777e-01
  2996 7.893071e-01
  2997 7.892370e-01
  2998 7.891659e-01
  2999 7.890948e-01
  3000 7.890241e-01
  3001 7.889540e-01
  3002 7.888829e-01
  3003 7.888122e-01
  3004 7.887411e-01
  3005 7.886714e-01
  3006 7.886002e-01
  3007 7.885296e-01
  3008 7.884594e-01
  3009 7.883882e-01
  3010 7.883175e-01
  3011 7.882463e-01
  3012 7.881766e-01
  3013 7.881054e-01
  3014 7.880347e-01
  3015 7.879634e-01
  3016 7.878937e-01
  3017 7.878225e-01
  3018 7.877517e-01
  3019 7.876820e-01
  3020 7.876107e-01
  3021 7.875400e-01
  3022 7.874687e-01
  3023 7.873990e-01
  3024 7.873277e-01
  3025 7.872569e-01
  3026 7.871861e-01
  3027 7.871158e-01
  3028 7.870450e-01
  3029 7.869742e-01
  3030 7.869039e-01
  3031 7.868330e-01
  3032 7.867622e-01
  3033 7.866914e-01
  3034 7.866210e-01
  3035 7.865502e-01
  3036 7.864793e-01
  3037 7.864085e-01
  3038 7.863381e-01
  3039 7.862672e-01
  3040 7.861963e-01
  3041 7.861255e-01
  3042 7.860556e-01
  3043 7.859842e-01
  3044 7.859138e-01
  3045 7.858434e-01
  3046 7.857724e-01
  3047 7.857015e-01
  3048 7.856306e-01
  3049 7.855607e-01
  3050 7.854897e-01
  3051 7.854188e-01
  3052 7.853478e-01
  3053 7.852779e-01
  3054 7.852064e-01
  3055 7.851354e-01
  3056 7.850649e-01
  3057 7.849950e-01
  3058 7.849234e-01
  3059 7.848524e-01
  3060 7.847819e-01
  3061 7.847120e-01
  3062 7.846409e-01
  3063 7.845699e-01
  3064 7.844989e-01
  3065 7.844288e-01
  3066 7.843578e-01
  3067 7.842867e-01
  3068 7.842162e-01
  3069 7.841461e-01
  3070 7.840751e-01
  3071 7.840040e-01
  3072 7.839329e-01
  3073 7.838628e-01
  3074 7.837917e-01
  3075 7.837211e-01
  3076 7.836500e-01
  3077 7.835799e-01
  3078 7.835088e-01
  3079 7.834382e-01
  3080 7.833670e-01
  3081 7.832969e-01
  3082 7.832263e-01
  3083 7.831551e-01
  3084 7.830845e-01
  3085 7.830143e-01
  3086 7.829431e-01
  3087 7.828720e-01
  3088 7.828013e-01
  3089 7.827311e-01
  3090 7.826599e-01
  3091 7.825892e-01
  3092 7.825185e-01
  3093 7.824483e-01
  3094 7.823771e-01
  3095 7.823064e-01
  3096 7.822356e-01
  3097 7.821654e-01
  3098 7.820942e-01
  3099 7.820234e-01
  3100 7.819532e-01
  3101 7.818824e-01
  3102 7.818111e-01
  3103 7.817403e-01
  3104 7.816706e-01
  3105 7.815993e-01
  3106 7.815285e-01
  3107 7.814582e-01
  3108 7.813874e-01
  3109 7.813166e-01
  3110 7.812463e-01
  3111 7.811755e-01
  3112 7.811041e-01
  3113 7.810333e-01
  3114 7.809635e-01
  3115 7.808921e-01
  3116 7.808212e-01
  3117 7.807514e-01
  3118 7.806800e-01
  3119 7.806097e-01
  3120 7.805393e-01
  3121 7.804684e-01
  3122 7.803975e-01
  3123 7.803271e-01
  3124 7.802562e-01
  3125 7.801853e-01
  3126 7.801154e-01
  3127 7.800440e-01
  3128 7.799735e-01
  3129 7.799031e-01
  3130 7.798322e-01
  3131 7.797617e-01
  3132 7.796913e-01
  3133 7.796203e-01
  3134 7.795504e-01
  3135 7.794789e-01
  3136 7.794084e-01
  3137 7.793384e-01
  3138 7.792669e-01
  3139 7.791964e-01
  3140 7.791265e-01
  3141 7.790549e-01
  3142 7.789844e-01
  3143 7.789144e-01
  3144 7.788434e-01
  3145 7.787734e-01
  3146 7.787018e-01
  3147 7.786313e-01
  3148 7.785612e-01
  3149 7.784902e-01
  3150 7.784201e-01
  3151 7.783490e-01
  3152 7.782785e-01
  3153 7.782079e-01
  3154 7.781373e-01
  3155 7.780672e-01
  3156 7.779961e-01
  3157 7.779255e-01
  3158 7.778549e-01
  3159 7.777843e-01
  3160 7.777142e-01
  3161 7.776430e-01
  3162 7.775724e-01
  3163 7.775017e-01
  3164 7.774311e-01
  3165 7.773609e-01
  3166 7.772898e-01
  3167 7.772191e-01
  3168 7.771489e-01
  3169 7.770782e-01
  3170 7.770081e-01
  3171 7.769369e-01
  3172 7.768662e-01
  3173 7.767960e-01
  3174 7.767252e-01
  3175 7.766550e-01
  3176 7.765838e-01
  3177 7.765131e-01
  3178 7.764428e-01
  3179 7.763721e-01
  3180 7.763019e-01
  3181 7.762306e-01
  3182 7.761598e-01
  3183 7.760896e-01
  3184 7.760188e-01
  3185 7.759485e-01
  3186 7.758772e-01
  3187 7.758069e-01
  3188 7.757366e-01
  3189 7.756658e-01
  3190 7.755955e-01
  3191 7.755242e-01
  3192 7.754539e-01
  3193 7.753835e-01
  3194 7.753127e-01
  3195 7.752424e-01
  3196 7.751710e-01
  3197 7.751007e-01
  3198 7.750303e-01
  3199 7.749589e-01
  3200 7.748885e-01
  3201 7.748182e-01
  3202 7.747473e-01
  3203 7.746774e-01
  3204 7.746060e-01
  3205 7.745356e-01
  3206 7.744652e-01
  3207 7.743943e-01
  3208 7.743244e-01
  3209 7.742529e-01
  3210 7.741825e-01
  3211 7.741120e-01
  3212 7.740406e-01
  3213 7.739701e-01
  3214 7.738997e-01
  3215 7.738292e-01
  3216 7.737587e-01
  3217 7.736877e-01
  3218 7.736173e-01
  3219 7.735468e-01
  3220 7.734763e-01
  3221 7.734058e-01
  3222 7.733348e-01
  3223 7.732642e-01
  3224 7.731937e-01
  3225 7.731227e-01
  3226 7.730521e-01
  3227 7.729816e-01
  3228 7.729111e-01
  3229 7.728405e-01
  3230 7.727694e-01
  3231 7.726989e-01
  3232 7.726283e-01
  3233 7.725572e-01
  3234 7.724866e-01
  3235 7.724160e-01
  3236 7.723454e-01
  3237 7.722753e-01
  3238 7.722042e-01
  3239 7.721336e-01
  3240 7.720630e-01
  3241 7.719924e-01
  3242 7.719222e-01
  3243 7.718511e-01
  3244 7.717804e-01
  3245 7.717098e-01
  3246 7.716391e-01
  3247 7.715690e-01
  3248 7.714978e-01
  3249 7.714271e-01
  3250 7.713569e-01
  3251 7.712862e-01
  3252 7.712155e-01
  3253 7.711443e-01
  3254 7.710741e-01
  3255 7.710034e-01
  3256 7.709327e-01
  3257 7.708625e-01
  3258 7.707917e-01
  3259 7.707215e-01
  3260 7.706502e-01
  3261 7.705800e-01
  3262 7.705092e-01
  3263 7.704384e-01
  3264 7.703682e-01
  3265 7.702974e-01
  3266 7.702271e-01
  3267 7.701558e-01
  3268 7.700855e-01
  3269 7.700147e-01
  3270 7.699444e-01
  3271 7.698736e-01
  3272 7.698033e-01
  3273 7.697325e-01
  3274 7.696621e-01
  3275 7.695918e-01
  3276 7.695209e-01
  3277 7.694506e-01
  3278 7.693792e-01
  3279 7.693089e-01
  3280 7.692385e-01
  3281 7.691676e-01
  3282 7.690972e-01
  3283 7.690269e-01
  3284 7.689560e-01
  3285 7.688856e-01
  3286 7.688152e-01
  3287 7.687442e-01
  3288 7.686738e-01
  3289 7.686034e-01
  3290 7.685330e-01
  3291 7.684620e-01
  3292 7.683916e-01
  3293 7.683211e-01
  3294 7.682507e-01
  3295 7.681802e-01
  3296 7.681093e-01
  3297 7.680388e-01
  3298 7.679683e-01
  3299 7.678978e-01
  3300 7.678273e-01
  3301 7.677568e-01
  3302 7.676858e-01
  3303 7.676153e-01
  3304 7.675448e-01
  3305 7.674743e-01
  3306 7.674037e-01
  3307 7.673332e-01
  3308 7.672627e-01
  3309 7.671921e-01
  3310 7.671221e-01
  3311 7.670515e-01
  3312 7.669809e-01
  3313 7.669104e-01
  3314 7.668398e-01
  3315 7.667692e-01
  3316 7.666986e-01
  3317 7.666280e-01
  3318 7.665574e-01
  3319 7.664868e-01
  3320 7.664162e-01
  3321 7.663455e-01
  3322 7.662749e-01
  3323 7.662053e-01
  3324 7.661347e-01
  3325 7.660640e-01
  3326 7.659934e-01
  3327 7.659227e-01
  3328 7.658520e-01
  3329 7.657819e-01
  3330 7.657112e-01
  3331 7.656405e-01
  3332 7.655698e-01
  3333 7.654991e-01
  3334 7.654289e-01
  3335 7.653582e-01
  3336 7.652880e-01
  3337 7.652173e-01
  3338 7.651471e-01
  3339 7.650763e-01
  3340 7.650061e-01
  3341 7.649353e-01
  3342 7.648646e-01
  3343 7.647938e-01
  3344 7.647235e-01
  3345 7.646528e-01
  3346 7.645825e-01
  3347 7.645117e-01
  3348 7.644409e-01
  3349 7.643711e-01
  3350 7.643003e-01
  3351 7.642300e-01
  3352 7.641592e-01
  3353 7.640889e-01
  3354 7.640180e-01
  3355 7.639477e-01
  3356 7.638769e-01
  3357 7.638065e-01
  3358 7.637357e-01
  3359 7.636653e-01
  3360 7.635950e-01
  3361 7.635241e-01
  3362 7.634537e-01
  3363 7.633833e-01
  3364 7.633124e-01
  3365 7.632420e-01
  3366 7.631722e-01
  3367 7.631012e-01
  3368 7.630308e-01
  3369 7.629599e-01
  3370 7.628895e-01
  3371 7.628190e-01
  3372 7.627486e-01
  3373 7.626777e-01
  3374 7.626072e-01
  3375 7.625368e-01
  3376 7.624663e-01
  3377 7.623953e-01
  3378 7.623254e-01
  3379 7.622543e-01
  3380 7.621839e-01
  3381 7.621134e-01
  3382 7.620429e-01
  3383 7.619724e-01
  3384 7.619013e-01
  3385 7.618319e-01
  3386 7.617608e-01
  3387 7.616908e-01
  3388 7.616197e-01
  3389 7.615492e-01
  3390 7.614786e-01
  3391 7.614081e-01
  3392 7.613375e-01
  3393 7.612670e-01
  3394 7.611964e-01
  3395 7.611263e-01
  3396 7.610552e-01
  3397 7.609851e-01
  3398 7.609145e-01
  3399 7.608439e-01
  3400 7.607738e-01
  3401 7.607032e-01
  3402 7.606326e-01
  3403 7.605619e-01
  3404 7.604918e-01
  3405 7.604207e-01
  3406 7.603505e-01
  3407 7.602799e-01
  3408 7.602097e-01
  3409 7.601385e-01
  3410 7.600684e-01
  3411 7.599987e-01
  3412 7.599275e-01
  3413 7.598573e-01
  3414 7.597866e-01
  3415 7.597164e-01
  3416 7.596457e-01
  3417 7.595750e-01
  3418 7.595053e-01
  3419 7.594346e-01
  3420 7.593638e-01
  3421 7.592931e-01
  3422 7.592228e-01
  3423 7.591521e-01
  3424 7.590818e-01
  3425 7.590121e-01
  3426 7.589413e-01
  3427 7.588710e-01
  3428 7.588002e-01
  3429 7.587294e-01
  3430 7.586597e-01
  3431 7.585889e-01
  3432 7.585186e-01
  3433 7.584477e-01
  3434 7.583774e-01
  3435 7.583076e-01
  3436 7.582368e-01
  3437 7.581665e-01
  3438 7.580966e-01
  3439 7.580258e-01
  3440 7.579554e-01
  3441 7.578845e-01
  3442 7.578142e-01
  3443 7.577443e-01
  3444 7.576734e-01
  3445 7.576030e-01
  3446 7.575337e-01
  3447 7.574628e-01
  3448 7.573924e-01
  3449 7.573225e-01
  3450 7.572516e-01
  3451 7.571811e-01
  3452 7.571112e-01
  3453 7.570403e-01
  3454 7.569704e-01
  3455 7.568994e-01
  3456 7.568289e-01
  3457 7.567595e-01
  3458 7.566885e-01
  3459 7.566181e-01
  3460 7.565481e-01
  3461 7.564776e-01
  3462 7.564071e-01
  3463 7.563372e-01
  3464 7.562661e-01
  3465 7.561961e-01
  3466 7.561261e-01
  3467 7.560551e-01
  3468 7.559851e-01
  3469 7.559151e-01
  3470 7.558451e-01
  3471 7.557740e-01
  3472 7.557040e-01
  3473 7.556339e-01
  3474 7.555633e-01
  3475 7.554928e-01
  3476 7.554232e-01
  3477 7.553521e-01
  3478 7.552820e-01
  3479 7.552120e-01
  3480 7.551414e-01
  3481 7.550707e-01
  3482 7.550012e-01
  3483 7.549300e-01
  3484 7.548599e-01
  3485 7.547898e-01
  3486 7.547191e-01
  3487 7.546490e-01
  3488 7.545789e-01
  3489 7.545087e-01
  3490 7.544381e-01
  3491 7.543679e-01
  3492 7.542978e-01
  3493 7.542271e-01
  3494 7.541569e-01
  3495 7.540867e-01
  3496 7.540160e-01
  3497 7.539458e-01
  3498 7.538756e-01
  3499 7.538049e-01
  3500 7.537346e-01
  3501 7.536650e-01
  3502 7.535937e-01
  3503 7.535234e-01
  3504 7.534537e-01
  3505 7.533835e-01
  3506 7.533127e-01
  3507 7.532424e-01
  3508 7.531727e-01
  3509 7.531019e-01
  3510 7.530316e-01
  3511 7.529614e-01
  3512 7.528905e-01
  3513 7.528202e-01
  3514 7.527505e-01
  3515 7.526796e-01
  3516 7.526093e-01
  3517 7.525395e-01
  3518 7.524686e-01
  3519 7.523983e-01
  3520 7.523285e-01
  3521 7.522576e-01
  3522 7.521873e-01
  3523 7.521174e-01
  3524 7.520476e-01
  3525 7.519762e-01
  3526 7.519063e-01
  3527 7.518364e-01
  3528 7.517655e-01
  3529 7.516951e-01
  3530 7.516252e-01
  3531 7.515543e-01
  3532 7.514839e-01
  3533 7.514140e-01
  3534 7.513430e-01
  3535 7.512731e-01
  3536 7.512032e-01
  3537 7.511322e-01
  3538 7.510617e-01
  3539 7.509918e-01
  3540 7.509208e-01
  3541 7.508508e-01
  3542 7.507809e-01
  3543 7.507099e-01
  3544 7.506399e-01
  3545 7.505694e-01
  3546 7.504994e-01
  3547 7.504289e-01
  3548 7.503584e-01
  3549 7.502884e-01
  3550 7.502178e-01
  3551 7.501473e-01
  3552 7.500772e-01
  3553 7.500061e-01
  3554 7.499361e-01
  3555 7.498661e-01
  3556 7.497955e-01
  3557 7.497249e-01
  3558 7.496548e-01
  3559 7.495853e-01
  3560 7.495142e-01
  3561 7.494441e-01
  3562 7.493740e-01
  3563 7.493028e-01
  3564 7.492327e-01
  3565 7.491626e-01
  3566 7.490925e-01
  3567 7.490219e-01
  3568 7.489512e-01
  3569 7.488816e-01
  3570 7.488104e-01
  3571 7.487403e-01
  3572 7.486701e-01
  3573 7.486000e-01
  3574 7.485293e-01
  3575 7.484591e-01
  3576 7.483889e-01
  3577 7.483187e-01
  3578 7.482480e-01
  3579 7.481778e-01
  3580 7.481076e-01
  3581 7.480369e-01
  3582 7.479666e-01
  3583 7.478964e-01
  3584 7.478262e-01
  3585 7.477554e-01
  3586 7.476852e-01
  3587 7.476149e-01
  3588 7.475447e-01
  3589 7.474749e-01
  3590 7.474036e-01
  3591 7.473338e-01
  3592 7.472636e-01
  3593 7.471933e-01
  3594 7.471224e-01
  3595 7.470521e-01
  3596 7.469824e-01
  3597 7.469120e-01
  3598 7.468417e-01
  3599 7.467709e-01
  3600 7.467005e-01
  3601 7.466307e-01
  3602 7.465604e-01
  3603 7.464895e-01
  3604 7.464191e-01
  3605 7.463493e-01
  3606 7.462789e-01
  3607 7.462091e-01
  3608 7.461376e-01
  3609 7.460677e-01
  3610 7.459973e-01
  3611 7.459275e-01
  3612 7.458570e-01
  3613 7.457872e-01
  3614 7.457162e-01
  3615 7.456458e-01
  3616 7.455758e-01
  3617 7.455054e-01
  3618 7.454355e-01
  3619 7.453645e-01
  3620 7.452940e-01
  3621 7.452241e-01
  3622 7.451536e-01
  3623 7.450836e-01
  3624 7.450137e-01
  3625 7.449426e-01
  3626 7.448721e-01
  3627 7.448022e-01
  3628 7.447322e-01
  3629 7.446616e-01
  3630 7.445916e-01
  3631 7.445206e-01
  3632 7.444506e-01
  3633 7.443800e-01
  3634 7.443100e-01
  3635 7.442399e-01
  3636 7.441699e-01
  3637 7.440993e-01
  3638 7.440282e-01
  3639 7.439581e-01
  3640 7.438881e-01
  3641 7.438180e-01
  3642 7.437479e-01
  3643 7.436778e-01
  3644 7.436067e-01
  3645 7.435360e-01
  3646 7.434659e-01
  3647 7.433958e-01
  3648 7.433257e-01
  3649 7.432556e-01
  3650 7.431855e-01
  3651 7.431142e-01
  3652 7.430441e-01
  3653 7.429740e-01
  3654 7.429038e-01
  3655 7.428336e-01
  3656 7.427635e-01
  3657 7.426933e-01
  3658 7.426220e-01
  3659 7.425518e-01
  3660 7.424816e-01
  3661 7.424114e-01
  3662 7.423418e-01
  3663 7.422716e-01
  3664 7.422003e-01
  3665 7.421300e-01
  3666 7.420598e-01
  3667 7.419895e-01
  3668 7.419193e-01
  3669 7.418496e-01
  3670 7.417793e-01
  3671 7.417080e-01
  3672 7.416377e-01
  3673 7.415679e-01
  3674 7.414977e-01
  3675 7.414274e-01
  3676 7.413571e-01
  3677 7.412862e-01
  3678 7.412159e-01
  3679 7.411456e-01
  3680 7.410758e-01
  3681 7.410054e-01
  3682 7.409351e-01
  3683 7.408653e-01
  3684 7.407939e-01
  3685 7.407240e-01
  3686 7.406537e-01
  3687 7.405838e-01
  3688 7.405134e-01
  3689 7.404431e-01
  3690 7.403721e-01
  3691 7.403017e-01
  3692 7.402319e-01
  3693 7.401614e-01
  3694 7.400916e-01
  3695 7.400217e-01
  3696 7.399512e-01
  3697 7.398802e-01
  3698 7.398098e-01
  3699 7.397399e-01
  3700 7.396700e-01
  3701 7.395995e-01
  3702 7.395296e-01
  3703 7.394591e-01
  3704 7.393880e-01
  3705 7.393181e-01
  3706 7.392481e-01
  3707 7.391776e-01
  3708 7.391076e-01
  3709 7.390377e-01
  3710 7.389671e-01
  3711 7.388961e-01
  3712 7.388261e-01
  3713 7.387560e-01
  3714 7.386860e-01
  3715 7.386160e-01
  3716 7.385460e-01
  3717 7.384754e-01
  3718 7.384054e-01
  3719 7.383342e-01
  3720 7.382642e-01
  3721 7.381941e-01
  3722 7.381241e-01
  3723 7.380540e-01
  3724 7.379839e-01
  3725 7.379138e-01
  3726 7.378437e-01
  3727 7.377725e-01
  3728 7.377024e-01
  3729 7.376323e-01
  3730 7.375622e-01
  3731 7.374921e-01
  3732 7.374219e-01
  3733 7.373518e-01
  3734 7.372816e-01
  3735 7.372115e-01
  3736 7.371413e-01
  3737 7.370706e-01
  3738 7.370004e-01
  3739 7.369303e-01
  3740 7.368601e-01
  3741 7.367899e-01
  3742 7.367202e-01
  3743 7.366500e-01
  3744 7.365798e-01
  3745 7.365096e-01
  3746 7.364399e-01
  3747 7.363697e-01
  3748 7.362994e-01
  3749 7.362292e-01
  3750 7.361589e-01
  3751 7.360881e-01
  3752 7.360178e-01
  3753 7.359481e-01
  3754 7.358778e-01
  3755 7.358075e-01
  3756 7.357378e-01
  3757 7.356675e-01
  3758 7.355977e-01
  3759 7.355274e-01
  3760 7.354571e-01
  3761 7.353873e-01
  3762 7.353170e-01
  3763 7.352472e-01
  3764 7.351768e-01
  3765 7.351070e-01
  3766 7.350367e-01
  3767 7.349668e-01
  3768 7.348965e-01
  3769 7.348266e-01
  3770 7.347562e-01
  3771 7.346864e-01
  3772 7.346165e-01
  3773 7.345461e-01
  3774 7.344763e-01
  3775 7.344058e-01
  3776 7.343359e-01
  3777 7.342661e-01
  3778 7.341956e-01
  3779 7.341257e-01
  3780 7.340553e-01
  3781 7.339853e-01
  3782 7.339154e-01
  3783 7.338455e-01
  3784 7.337750e-01
  3785 7.337051e-01
  3786 7.336351e-01
  3787 7.335646e-01
  3788 7.334947e-01
  3789 7.334247e-01
  3790 7.333547e-01
  3791 7.332847e-01
  3792 7.332142e-01
  3793 7.331442e-01
  3794 7.330742e-01
  3795 7.330042e-01
  3796 7.329342e-01
  3797 7.328641e-01
  3798 7.327936e-01
  3799 7.327235e-01
  3800 7.326535e-01
  3801 7.325834e-01
  3802 7.325134e-01
  3803 7.324433e-01
  3804 7.323732e-01
  3805 7.323032e-01
  3806 7.322331e-01
  3807 7.321630e-01
  3808 7.320929e-01
  3809 7.320228e-01
  3810 7.319527e-01
  3811 7.318826e-01
  3812 7.318124e-01
  3813 7.317423e-01
  3814 7.316722e-01
  3815 7.316020e-01
  3816 7.315319e-01
  3817 7.314617e-01
  3818 7.313916e-01
  3819 7.313214e-01
  3820 7.312518e-01
  3821 7.311827e-01
  3822 7.311119e-01
  3823 7.310423e-01
  3824 7.309721e-01
  3825 7.309019e-01
  3826 7.308316e-01
  3827 7.307614e-01
  3828 7.306917e-01
  3829 7.306215e-01
  3830 7.305513e-01
  3831 7.304810e-01
  3832 7.304107e-01
  3833 7.303410e-01
  3834 7.302708e-01
  3835 7.302005e-01
  3836 7.301307e-01
  3837 7.300604e-01
  3838 7.299902e-01
  3839 7.299204e-01
  3840 7.298501e-01
  3841 7.297798e-01
  3842 7.297100e-01
  3843 7.296397e-01
  3844 7.295693e-01
  3845 7.294995e-01
  3846 7.294292e-01
  3847 7.293594e-01
  3848 7.292890e-01
  3849 7.292186e-01
  3850 7.291488e-01
  3851 7.290784e-01
  3852 7.290086e-01
  3853 7.289382e-01
  3854 7.288683e-01
  3855 7.287979e-01
  3856 7.287280e-01
  3857 7.286576e-01
  3858 7.285877e-01
  3859 7.285173e-01
  3860 7.284479e-01
  3861 7.283786e-01
  3862 7.283081e-01
  3863 7.282382e-01
  3864 7.281677e-01
  3865 7.280978e-01
  3866 7.280278e-01
  3867 7.279573e-01
  3868 7.278874e-01
  3869 7.278174e-01
  3870 7.277469e-01
  3871 7.276770e-01
  3872 7.276070e-01
  3873 7.275370e-01
  3874 7.274664e-01
  3875 7.273964e-01
  3876 7.273264e-01
  3877 7.272564e-01
  3878 7.271859e-01
  3879 7.271158e-01
  3880 7.270458e-01
  3881 7.269769e-01
  3882 7.269063e-01
  3883 7.268362e-01
  3884 7.267662e-01
  3885 7.266961e-01
  3886 7.266260e-01
  3887 7.265559e-01
  3888 7.264859e-01
  3889 7.264158e-01
  3890 7.263457e-01
  3891 7.262756e-01
  3892 7.262049e-01
  3893 7.261353e-01
  3894 7.260657e-01
  3895 7.259956e-01
  3896 7.259255e-01
  3897 7.258553e-01
  3898 7.257852e-01
  3899 7.257150e-01
  3900 7.256448e-01
  3901 7.255747e-01
  3902 7.255050e-01
  3903 7.254360e-01
  3904 7.253652e-01
  3905 7.252956e-01
  3906 7.252254e-01
  3907 7.251551e-01
  3908 7.250849e-01
  3909 7.250147e-01
  3910 7.249450e-01
  3911 7.248759e-01
  3912 7.248056e-01
  3913 7.247354e-01
  3914 7.246651e-01
  3915 7.245948e-01
  3916 7.245251e-01
  3917 7.244548e-01
  3918 7.243851e-01
  3919 7.243154e-01
  3920 7.242451e-01
  3921 7.241753e-01
  3922 7.241050e-01
  3923 7.240347e-01
  3924 7.239649e-01
  3925 7.238957e-01
  3926 7.238253e-01
  3927 7.237555e-01
  3928 7.236852e-01
  3929 7.236148e-01
  3930 7.235455e-01
  3931 7.234757e-01
  3932 7.234059e-01
  3933 7.233355e-01
  3934 7.232656e-01
  3935 7.231952e-01
  3936 7.231254e-01
  3937 7.230561e-01
  3938 7.229856e-01
  3939 7.229158e-01
  3940 7.228453e-01
  3941 7.227760e-01
  3942 7.227061e-01
  3943 7.226362e-01
  3944 7.225657e-01
  3945 7.224958e-01
  3946 7.224259e-01
  3947 7.223565e-01
  3948 7.222866e-01
  3949 7.222161e-01
  3950 7.221461e-01
  3951 7.220762e-01
  3952 7.220067e-01
  3953 7.219368e-01
  3954 7.218662e-01
  3955 7.217963e-01
  3956 7.217268e-01
  3957 7.216574e-01
  3958 7.215868e-01
  3959 7.215168e-01
  3960 7.214468e-01
  3961 7.213768e-01
  3962 7.213073e-01
  3963 7.212372e-01
  3964 7.211672e-01
  3965 7.210966e-01
  3966 7.210271e-01
  3967 7.209576e-01
  3968 7.208875e-01
  3969 7.208174e-01
  3970 7.207468e-01
  3971 7.206772e-01
  3972 7.206077e-01
  3973 7.205376e-01
  3974 7.204675e-01
  3975 7.203973e-01
  3976 7.203278e-01
  3977 7.202582e-01
  3978 7.201880e-01
  3979 7.201173e-01
  3980 7.200477e-01
  3981 7.199787e-01
  3982 7.199080e-01
  3983 7.198383e-01
  3984 7.197676e-01
  3985 7.196980e-01
  3986 7.196289e-01
  3987 7.195581e-01
  3988 7.194885e-01
  3989 7.194177e-01
  3990 7.193486e-01
  3991 7.192789e-01
  3992 7.192087e-01
  3993 7.191384e-01
  3994 7.190682e-01
  3995 7.189985e-01
  3996 7.189288e-01
  3997 7.188585e-01
  3998 7.187882e-01
  3999 7.187191e-01
  4000 7.186493e-01
 