     0 1.000000e+00
     1 1.000000e+00
     2 9.999956e-01
     3 9.999913e-01
     4 9.999826e-01
     5 9.999738e-01
     6 9.999651e-01
     7 9.999520e-01
     8 9.999389e-01
     9 9.999215e-01
    10 9.999040e-01
    11 9.998822e-01
    12 9.998604e-01
    13 9.998342e-01
    14 9.998080e-01
    15 9.997819e-01
    16 9.997513e-01
    17 9.997208e-01
    18 9.996859e-01
    19 9.996510e-01
    20 9.996117e-01
    21 9.995724e-01
    22 9.995331e-01
    23 9.994895e-01
    24 9.994458e-01
    25 9.993978e-01
    26 9.993498e-01
    27 9.992974e-01
    28 9.992494e-01
    29 9.991970e-01
    30 9.991403e-01
    31 9.990835e-01
    32 9.990224e-01
    33 9.989656e-01
    34 9.989045e-01
    35 9.988390e-01
    36 9.987778e-01
    37 9.987080e-01
    38 9.986424e-01
    39 9.985725e-01
    40 9.985026e-01
    41 9.984284e-01
    42 9.983585e-01
    43 9.982842e-01
    44 9.982055e-01
    45 9.981312e-01
    46 9.980526e-01
    47 9.979695e-01
    48 9.978908e-01
    49 9.978078e-01
    50 9.977247e-01
    51 9.976416e-01
    52 9.975542e-01
    53 9.974711e-01
    54 9.973792e-01
    55 9.972918e-01
    56 9.972043e-01
    57 9.971124e-01
    58 9.970205e-01
    59 9.969287e-01
    60 9.968324e-01
    61 9.967405e-01
    62 9.966442e-01
    63 9.965479e-01
    64 9.964516e-01
    65 9.963553e-01
    66 9.962590e-01
    67 9.961582e-01
    68 9.960575e-01
    69 9.959568e-01
    70 9.958604e-01
    71 9.957553e-01
    72 9.956545e-01
    73 9.955538e-01
    74 9.954530e-01
    75 9.953478e-01
    76 9.952426e-01
    77 9.951418e-01
    78 9.950366e-01
    79 9.949314e-01
    80 9.948261e-01
    81 9.947209e-01
    82 9.946156e-01
    83 9.945060e-01
    84 9.944007e-01
    85 9.942954e-01
    86 9.941901e-01
    87 9.940804e-01
    88 9.939751e-01
    89 9.938654e-01
    90 9.937600e-01
    91 9.936547e-01
    92 9.935449e-01
    93 9.934395e-01
    94 9.933298e-01
    95 9.932244e-01
    96 9.931146e-01
    97 9.930091e-01
    98 9.928993e-01
    99 9.927939e-01
   100 9.926840e-01
   101 9.925785e-01
   102 9.924730e-01
   103 9.923632e-01
   104 9.922577e-01
   105 9.921521e-01
   106 9.920422e-01
   107 9.919367e-01
   108 9.918311e-01
   109 9.917256e-01
   110 9.916200e-01
   111 9.915100e-01
   112 9.914044e-01
   113 9.913032e-01
   114 9.911976e-01
   115 9.910920e-01
   116 9.909863e-01
   117 9.908807e-01
   118 9.907750e-01
   119 9.906737e-01
   120 9.905681e-01
   121 9.904668e-01
   122 9.903611e-01
   123 9.902598e-01
   124 9.901540e-01
   125 9.900527e-01
   126 9.899513e-01
   127 9.898500e-01
   128 9.897486e-01
   129 9.896473e-01
   130 9.895459e-01
   131 9.894445e-01
   132 9.893431e-01
   133 9.892416e-01
   134 9.891402e-01
   135 9.890432e-01
   136 9.889417e-01
   137 9.888447e-01
   138 9.887432e-01
   139 9.886462e-01
   140 9.885447e-01
   141 9.884476e-01
   142 9.883505e-01
   143 9.882534e-01
   144 9.881563e-01
   145 9.880547e-01
   146 9.879576e-01
   147 9.878605e-01
   148 9.877633e-01
   149 9.876706e-01
   150 9.875734e-01
   151 9.874762e-01
   152 9.873790e-01
   153 9.872818e-01
   154 9.871890e-01
   155 9.870918e-01
   156 9.869946e-01
   157 9.869018e-01
   158 9.868045e-01
   159 9.867117e-01
   160 9.866144e-01
   161 9.865216e-01
   162 9.864243e-01
   163 9.863314e-01
   164 9.862385e-01
   165 9.861412e-01
   166 9.860483e-01
   167 9.859554e-01
   168 9.858581e-01
   169 9.857651e-01
   170 9.856722e-01
   171 9.855748e-01
   172 9.854819e-01
   173 9.853889e-01
   174 9.852915e-01
   175 9.851986e-01
   176 9.851056e-01
   177 9.850126e-01
   178 9.849151e-01
   179 9.848221e-01
   180 9.847291e-01
   181 9.846361e-01
   182 9.845386e-01
   183 9.844456e-01
   184 9.843525e-01
   185 9.842550e-01
   186 9.841619e-01
   187 9.840688e-01
   188 9.839757e-01
   189 9.838782e-01
   190 9.837851e-01
   191 9.836875e-01
   192 9.835944e-01
   193 9.835013e-01
   194 9.834037e-01
   195 9.833105e-01
   196 9.832129e-01
   197 9.831198e-01
   198 9.830221e-01
   199 9.829289e-01
   200 9.828313e-01
   201 9.827381e-01
   202 9.826404e-01
   203 9.825428e-01
   204 9.824495e-01
   205 9.823518e-01
   206 9.822541e-01
   207 9.821564e-01
   208 9.820632e-01
   209 9.819654e-01
   210 9.818677e-01
   211 9.817700e-01
   212 9.816722e-01
   213 9.815789e-01
   214 9.814767e-01
   215 9.813833e-01
   216 9.812855e-01
   217 9.811877e-01
   218 9.810855e-01
   219 9.809876e-01
   220 9.808898e-01
   221 9.807920e-01
   222 9.806941e-01
   223 9.805962e-01
   224 9.804984e-01
   225 9.804005e-01
   226 9.802981e-01
   227 9.802002e-01
   228 9.801023e-01
   229 9.800044e-01
   230 9.799020e-01
   231 9.798041e-01
   232 9.797061e-01
   233 9.796082e-01
   234 9.795058e-01
   235 9.794078e-01
   236 9.793098e-01
   237 9.792073e-01
   238 9.791093e-01
   239 9.790068e-01
   240 9.789088e-01
   241 9.788108e-01
   242 9.787083e-01
   243 9.786102e-01
   244 9.785077e-01
   245 9.784096e-01
   246 9.783070e-01
   247 9.782089e-01
   248 9.781064e-01
   249 9.780082e-01
   250 9.779056e-01
   251 9.778075e-01
   252 9.777049e-01
   253 9.776067e-01
   254 9.775041e-01
   255 9.774059e-01
   256 9.773077e-01
   257 9.772051e-01
   258 9.771068e-01
   259 9.770042e-01
   260 9.769059e-01
   261 9.768032e-01
   262 9.767050e-01
   263 9.766022e-01
   264 9.765040e-01
   265 9.764057e-01
   266 9.763029e-01
   267 9.762046e-01
   268 9.761063e-01
   269 9.760035e-01
   270 9.759052e-01
   271 9.758068e-01
   272 9.757040e-01
   273 9.756057e-01
   274 9.755073e-01
   275 9.754089e-01
   276 9.753060e-01
   277 9.752076e-01
   278 9.751092e-01
   279 9.750108e-01
   280 9.749124e-01
   281 9.748139e-01
   282 9.747155e-01
   283 9.746125e-01
   284 9.745140e-01
   285 9.744156e-01
   286 9.743171e-01
   287 9.742186e-01
   288 9.741201e-01
   289 9.740215e-01
   290 9.739230e-01
   291 9.738245e-01
   292 9.737259e-01
   293 9.736273e-01
   294 9.735332e-01
   295 9.734347e-01
   296 9.733361e-01
   297 9.732375e-01
   298 9.731389e-01
   299 9.730447e-01
   300 9.729461e-01
   301 9.728474e-01
   302 9.727488e-01
   303 9.726546e-01
   304 9.725559e-01
   305 9.724573e-01
   306 9.723631e-01
   307 9.722644e-01
   308 9.721701e-01
   309 9.720714e-01
   310 9.719727e-01
   311 9.718784e-01
   312 9.717797e-01
   313 9.716854e-01
   314 9.715866e-01
   315 9.714923e-01
   316 9.713936e-01
   317 9.712993e-01
   318 9.712004e-01
   319 9.711061e-01
   320 9.710073e-01
   321 9.709129e-01
   322 9.708141e-01
   323 9.707197e-01
   324 9.706209e-01
   325 9.705265e-01
   326 9.704321e-01
   327 9.703332e-01
   328 9.702388e-01
   329 9.701399e-01
   330 9.700454e-01
   331 9.699465e-01
   332 9.698520e-01
   333 9.697576e-01
   334 9.696586e-01
   335 9.695641e-01
   336 9.694697e-01
   337 9.693707e-01
   338 9.692761e-01
   339 9.691771e-01
   340 9.690826e-01
   341 9.689881e-01
   342 9.688890e-01
   343 9.687945e-01
   344 9.686954e-01
   345 9.686008e-01
   346 9.685063e-01
   347 9.684072e-01
   348 9.683126e-01
   349 9.682135e-01
   350 9.681188e-01
   351 9.680242e-01
   352 9.679251e-01
   353 9.678304e-01
   354 9.677313e-01
   355 9.676366e-01
   356 9.675374e-01
   357 9.674427e-01
   358 9.673435e-01
   359 9.672488e-01
   360 9.671496e-01
   361 9.670549e-01
   362 9.669556e-01
   363 9.668609e-01
   364 9.667616e-01
   365 9.666669e-01
   366 9.665676e-01
   367 9.664683e-01
   368 9.663735e-01
   369 9.662742e-01
   370 9.661794e-01
   371 9.660800e-01
   372 9.659807e-01
   373 9.658859e-01
   374 9.657865e-01
   375 9.656871e-01
   376 9.655923e-01
   377 9.654929e-01
   378 9.653935e-01
   379 9.652986e-01
   380 9.651991e-01
   381 9.650997e-01
   382 9.650048e-01
   383 9.649053e-01
   384 9.648059e-01
   385 9.647064e-01
   386 9.646114e-01
   387 9.645119e-01
   388 9.644124e-01
   389 9.643129e-01
   390 9.642179e-01
   391 9.641184e-01
   392 9.640188e-01
   393 9.639193e-01
   394 9.638242e-01
   395 9.637247e-01
   396 9.636251e-01
   397 9.635255e-01
   398 9.634259e-01
   399 9.633308e-01
   400 9.632312e-01
   401 9.631315e-01
   402 9.630319e-01
   403 9.629322e-01
   404 9.628326e-01
   405 9.627374e-01
   406 9.626377e-01
   407 9.625380e-01
   408 9.624383e-01
   409 9.623386e-01
   410 9.622434e-01
   411 9.621437e-01
   412 9.620439e-01
   413 9.619441e-01
   414 9.618444e-01
   415 9.617491e-01
   416 9.616493e-01
   417 9.615495e-01
   418 9.614497e-01
   419 9.613544e-01
   420 9.612546e-01
   421 9.611548e-01
   422 9.610549e-01
   423 9.609596e-01
   424 9.608597e-01
   425 9.607598e-01
   426 9.606645e-01
   427 9.605646e-01
   428 9.604647e-01
   429 9.603647e-01
   430 9.602694e-01
   431 9.601694e-01
   432 9.600695e-01
   433 9.599740e-01
   434 9.598741e-01
   435 9.597741e-01
   436 9.596786e-01
   437 9.595786e-01
   438 9.594832e-01
   439 9.593831e-01
   440 9.592831e-01
   441 9.591876e-01
   442 9.590875e-01
   443 9.589920e-01
   444 9.588919e-01
   445 9.587964e-01
   446 9.586963e-01
   447 9.586007e-01
   448 9.585006e-01
   449 9.584050e-01
   450 9.583049e-01
   451 9.582093e-01
   452 9.581137e-01
   453 9.580135e-01
   454 9.579179e-01
   455 9.578177e-01
   456 9.577221e-01
   457 9.576264e-01
   458 9.575262e-01
   459 9.574305e-01
   460 9.573348e-01
   461 9.572346e-01
   462 9.571389e-01
   463 9.570432e-01
   464 9.569429e-01
   465 9.568472e-01
   466 9.567514e-01
   467 9.566557e-01
   468 9.565553e-01
   469 9.564596e-01
   470 9.563638e-01
   471 9.562680e-01
   472 9.561722e-01
   473 9.560718e-01
   474 9.559760e-01
   475 9.558802e-01
   476 9.557843e-01
   477 9.556885e-01
   478 9.555881e-01
   479 9.554922e-01
   480 9.553963e-01
   481 9.553004e-01
   482 9.552045e-01
   483 9.551086e-01
   484 9.550081e-01
   485 9.549122e-01
   486 9.548163e-01
   487 9.547203e-01
   488 9.546244e-01
   489 9.545284e-01
   490 9.544324e-01
   491 9.543365e-01
   492 9.542359e-01
   493 9.541399e-01
   494 9.540439e-01
   495 9.539478e-01
   496 9.538518e-01
   497 9.537558e-01
   498 9.536597e-01
   499 9.535637e-01
   500 9.534676e-01
   501 9.533715e-01
   502 9.532754e-01
   503 9.531747e-01
   504 9.530786e-01
   505 9.529825e-01
   506 9.528864e-01
   507 9.527902e-01
   508 9.526941e-01
   509 9.525979e-01
   510 9.525017e-01
   511 9.524056e-01
   512 9.523048e-01
   513 9.522086e-01
   514 9.521124e-01
   515 9.520162e-01
   516 9.519199e-01
   517 9.518237e-01
   518 9.517275e-01
   519 9.516266e-01
   520 9.515303e-01
   521 9.514341e-01
   522 9.513378e-01
   523 9.512415e-01
   524 9.511452e-01
   525 9.510489e-01
   526 9.509480e-01
   527 9.508516e-01
   528 9.507553e-01
   529 9.506589e-01
   530 9.505625e-01
   531 9.504616e-01
   532 9.503652e-01
   533 9.502688e-01
   534 9.501724e-01
   535 9.500760e-01
   536 9.499750e-01
   537 9.498785e-01
   538 9.497821e-01
   539 9.496856e-01
   540 9.495846e-01
   541 9.494881e-01
   542 9.493916e-01
   543 9.492951e-01
   544 9.491986e-01
   545 9.490975e-01
   546 9.490010e-01
   547 9.489044e-01
   548 9.488033e-01
   549 9.487067e-01
   550 9.486102e-01
   551 9.485136e-01
   552 9.484170e-01
   553 9.483158e-01
   554 9.482192e-01
   555 9.481226e-01
   556 9.480214e-01
   557 9.479248e-01
   558 9.478281e-01
   559 9.477315e-01
   560 9.476302e-01
   561 9.475335e-01
   562 9.474368e-01
   563 9.473401e-01
   564 9.472388e-01
   565 9.471421e-01
   566 9.470454e-01
   567 9.469487e-01
   568 9.468473e-01
   569 9.467506e-01
   570 9.466538e-01
   571 9.465570e-01
   572 9.464556e-01
   573 9.463588e-01
   574 9.462620e-01
   575 9.461652e-01
   576 9.460684e-01
   577 9.459670e-01
   578 9.458701e-01
   579 9.457733e-01
   580 9.456764e-01
   581 9.455749e-01
   582 9.454780e-01
   583 9.453811e-01
   584 9.452842e-01
   585 9.451873e-01
   586 9.450904e-01
   587 9.449935e-01
   588 9.448919e-01
   589 9.447949e-01
   590 9.446980e-01
   591 9.446010e-01
   592 9.445040e-01
   593 9.444070e-01
   594 9.443100e-01
   595 9.442130e-01
   596 9.441114e-01
   597 9.440143e-01
   598 9.439173e-01
   599 9.438202e-01
   600 9.437232e-01
   601 9.436261e-01
   602 9.435290e-01
   603 9.434319e-01
   604 9.433348e-01
   605 9.432377e-01
   606 9.431406e-01
   607 9.430434e-01
   608 9.429463e-01
   609 9.428491e-01
   610 9.427520e-01
   611 9.426548e-01
   612 9.425576e-01
   613 9.424604e-01
   614 9.423632e-01
   615 9.422660e-01
   616 9.421688e-01
   617 9.420715e-01
   618 9.419743e-01
   619 9.418817e-01
   620 9.417844e-01
   621 9.416871e-01
   622 9.415899e-01
   623 9.414926e-01
   624 9.413953e-01
   625 9.412979e-01
   626 9.412006e-01
   627 9.411033e-01
   628 9.410106e-01
   629 9.409132e-01
   630 9.408159e-01
   631 9.407185e-01
   632 9.406211e-01
   633 9.405237e-01
   634 9.404309e-01
   635 9.403335e-01
   636 9.402361e-01
   637 9.401387e-01
   638 9.400412e-01
   639 9.399438e-01
   640 9.398510e-01
   641 9.397535e-01
   642 9.396560e-01
   643 9.395585e-01
   644 9.394656e-01
   645 9.393681e-01
   646 9.392706e-01
   647 9.391731e-01
   648 9.390802e-01
   649 9.389826e-01
   650 9.388850e-01
   651 9.387875e-01
   652 9.386899e-01
   653 9.385969e-01
   654 9.384993e-01
   655 9.384017e-01
   656 9.383041e-01
   657 9.382111e-01
   658 9.381135e-01
   659 9.380158e-01
   660 9.379182e-01
   661 9.378251e-01
   662 9.377274e-01
   663 9.376297e-01
   664 9.375320e-01
   665 9.374390e-01
   666 9.373413e-01
   667 9.372435e-01
   668 9.371458e-01
   669 9.370527e-01
   670 9.369549e-01
   671 9.368571e-01
   672 9.367594e-01
   673 9.366616e-01
   674 9.365684e-01
   675 9.364706e-01
   676 9.363728e-01
   677 9.362749e-01
   678 9.361817e-01
   679 9.360839e-01
   680 9.359860e-01
   681 9.358881e-01
   682 9.357903e-01
   683 9.356970e-01
   684 9.355991e-01
   685 9.355012e-01
   686 9.354033e-01
   687 9.353053e-01
   688 9.352121e-01
   689 9.351141e-01
   690 9.350161e-01
   691 9.349181e-01
   692 9.348202e-01
   693 9.347268e-01
   694 9.346288e-01
   695 9.345308e-01
   696 9.344328e-01
   697 9.343347e-01
   698 9.342414e-01
   699 9.341433e-01
   700 9.340452e-01
   701 9.339481e-01
   702 9.338509e-01
   703 9.337538e-01
   704 9.336566e-01
   705 9.335589e-01
   706 9.334617e-01
   707 9.333645e-01
   708 9.332673e-01
   709 9.331701e-01
   710 9.330733e-01
   711 9.329761e-01
   712 9.328779e-01
   713 9.327806e-01
   714 9.326833e-01
   715 9.325860e-01
   716 9.324887e-01
   717 9.323919e-01
   718 9.322946e-01
   719 9.321973e-01
   720 9.321004e-01
   721 9.320021e-01
   722 9.319047e-01
   723 9.318074e-01
   724 9.317105e-01
   725 9.316131e-01
   726 9.315161e-01
   727 9.314187e-01
   728 9.313218e-01
   729 9.312243e-01
   730 9.311274e-01
   731 9.310290e-01
   732 9.309320e-01
   733 9.308350e-01
   734 9.307375e-01
   735 9.306405e-01
   736 9.305435e-01
   737 9.304459e-01
   738 9.303489e-01
   739 9.302518e-01
   740 9.301548e-01
   741 9.300572e-01
   742 9.299601e-01
   743 9.298630e-01
   744 9.297668e-01
   745 9.296697e-01
   746 9.295726e-01
   747 9.294754e-01
   748 9.293783e-01
   749 9.292811e-01
   750 9.291839e-01
   751 9.290877e-01
   752 9.289905e-01
   753 9.288933e-01
   754 9.287966e-01
   755 9.287003e-01
   756 9.286030e-01
   757 9.285058e-01
   758 9.284099e-01
   759 9.283127e-01
   760 9.282163e-01
   761 9.281191e-01
   762 9.280222e-01
   763 9.279259e-01
   764 9.278290e-01
   765 9.277326e-01
   766 9.276353e-01
   767 9.275394e-01
   768 9.274434e-01
   769 9.273460e-01
   770 9.272501e-01
   771 9.271527e-01
   772 9.270567e-01
   773 9.269602e-01
   774 9.268633e-01
   775 9.267673e-01
   776 9.266713e-01
   777 9.265747e-01
   778 9.264778e-01
   779 9.263817e-01
   780 9.262856e-01
   781 9.261896e-01
   782 9.260930e-01
   783 9.259960e-01
   784 9.258999e-01
   785 9.258037e-01
   786 9.257076e-01
   787 9.256115e-01
   788 9.255153e-01
   789 9.254192e-01
   790 9.253230e-01
   791 9.252268e-01
   792 9.251307e-01
   793 9.250345e-01
   794 9.249383e-01
   795 9.248420e-01
   796 9.247458e-01
   797 9.246500e-01
   798 9.245538e-01
   799 9.244575e-01
   800 9.243613e-01
   801 9.242650e-01
   802 9.241692e-01
   803 9.240729e-01
   804 9.239766e-01
   805 9.238807e-01
   806 9.237844e-01
   807 9.236881e-01
   808 9.235922e-01
   809 9.234959e-01
   810 9.233995e-01
   811 9.233036e-01
   812 9.232072e-01
   813 9.231113e-01
   814 9.230149e-01
   815 9.229189e-01
   816 9.228225e-01
   817 9.227265e-01
   818 9.226301e-01
   819 9.225341e-01
   820 9.224381e-01
   821 9.223416e-01
   822 9.222456e-01
   823 9.221496e-01
   824 9.220531e-01
   825 9.219570e-01
   826 9.218610e-01
   827 9.217645e-01
   828 9.216674e-01
   829 9.215714e-01
   830 9.214753e-01
   831 9.213792e-01
   832 9.212826e-01
   833 9.211869e-01
   834 9.210903e-01
   835 9.209932e-01
   836 9.208971e-01
   837 9.208009e-01
   838 9.207047e-01
   839 9.206081e-01
   840 9.205114e-01
   841 9.204152e-01
   842 9.203185e-01
   843 9.202218e-01
   844 9.201256e-01
   845 9.200289e-01
   846 9.199321e-01
   847 9.198359e-01
   848 9.197396e-01
   849 9.196424e-01
   850 9.195465e-01
   851 9.194498e-01
   852 9.193530e-01
   853 9.192566e-01
   854 9.191598e-01
   855 9.190630e-01
   856 9.189662e-01
   857 9.188703e-01
   858 9.187734e-01
   859 9.186766e-01
   860 9.185802e-01
   861 9.184833e-01
   862 9.183864e-01
   863 9.182900e-01
   864 9.181935e-01
   865 9.180957e-01
   866 9.179992e-01
   867 9.179027e-01
   868 9.178058e-01
   869 9.177093e-01
   870 9.176123e-01
   871 9.175158e-01
   872 9.174188e-01
   873 9.173223e-01
   874 9.172253e-01
   875 9.171287e-01
   876 9.170317e-01
   877 9.169351e-01
   878 9.168385e-01
   879 9.167415e-01
   880 9.166449e-01
   881 9.165483e-01
   882 9.164516e-01
   883 9.163541e-01
   884 9.162579e-01
   885 9.161608e-01
   886 9.160641e-01
   887 9.159674e-01
   888 9.158708e-01
   889 9.157741e-01
   890 9.156774e-01
   891 9.155806e-01
   892 9.154839e-01
   893 9.153872e-01
   894 9.152904e-01
   895 9.151937e-01
   896 9.150969e-01
   897 9.150011e-01
   898 9.149043e-01
   899 9.148075e-01
   900 9.147107e-01
   901 9.146139e-01
   902 9.145180e-01
   903 9.144212e-01
   904 9.143244e-01
   905 9.142285e-01
   906 9.141316e-01
   907 9.140347e-01
   908 9.139388e-01
   909 9.138419e-01
   910 9.137455e-01
   911 9.136490e-01
   912 9.135531e-01
   913 9.134571e-01
   914 9.133596e-01
   915 9.132632e-01
   916 9.131672e-01
   917 9.130711e-01
   918 9.129746e-01
   919 9.128786e-01
   920 9.127825e-01
   921 9.126860e-01
   922 9.125899e-01
   923 9.124938e-01
   924 9.123973e-01
   925 9.123011e-01
   926 9.122050e-01
   927 9.121089e-01
   928 9.120128e-01
   929 9.119166e-01
   930 9.118205e-01
   931 9.117238e-01
   932 9.116277e-01
   933 9.115315e-01
   934 9.114353e-01
   935 9.113400e-01
   936 9.112438e-01
   937 9.111476e-01
   938 9.110518e-01
   939 9.109551e-01
   940 9.108598e-01
   941 9.107640e-01
   942 9.106677e-01
   943 9.105715e-01
   944 9.104761e-01
   945 9.103803e-01
   946 9.102840e-01
   947 9.101877e-01
   948 9.100923e-01
   949 9.099964e-01
   950 9.099000e-01
   951 9.098046e-01
   952 9.097087e-01
   953 9.096124e-01
   954 9.095169e-01
   955 9.094210e-01
   956 9.093246e-01
   957 9.092296e-01
   958 9.091331e-01
   959 9.090381e-01
   960 9.089421e-01
   961 9.088457e-01
   962 9.087506e-01
   963 9.086542e-01
   964 9.085581e-01
   965 9.084626e-01
   966 9.083665e-01
   967 9.082715e-01
   968 9.081754e-01
   969 9.080788e-01
   970 9.079837e-01
   971 9.078876e-01
   972 9.077915e-01
   973 9.076959e-01
   974 9.075998e-01
   975 9.075036e-01
   976 9.074085e-01
   977 9.073123e-01
   978 9.072162e-01
   979 9.071209e-01
   980 9.070248e-01
   981 9.069286e-01
   982 9.068333e-01
   983 9.067371e-01
   984 9.066409e-01
   985 9.065447e-01
   986 9.064494e-01
   987 9.063531e-01
   988 9.062569e-01
   989 9.061606e-01
   990 9.060653e-01
   991 9.059695e-01
   992 9.058732e-01
   993 9.057768e-01
   994 9.056815e-01
   995 9.055856e-01
   996 9.054893e-01
   997 9.053929e-01
   998 9.052966e-01
   999 9.052007e-01
  1000 9.051043e-01
  1001 9.050093e-01
  1002 9.049129e-01
  1003 9.048165e-01
  1004 9.047206e-01
  1005 9.046241e-01
  1006 9.045282e-01
  1007 9.044317e-01
  1008 9.043357e-01
  1009 9.042392e-01
  1010 9.041432e-01
  1011 9.040467e-01
  1012 9.039507e-01
  1013 9.038542e-01
  1014 9.037581e-01
  1015 9.036621e-01
  1016 9.035655e-01
  1017 9.034695e-01
  1018 9.033734e-01
  1019 9.032773e-01
  1020 9.031807e-01
  1021 9.030846e-01
  1022 9.029884e-01
  1023 9.028923e-01
  1024 9.027961e-01
  1025 9.026995e-01
  1026 9.026033e-01
  1027 9.025071e-01
  1028 9.024110e-01
  1029 9.023148e-01
  1030 9.022185e-01
  1031 9.021223e-01
  1032 9.020261e-01
  1033 9.019299e-01
  1034 9.018336e-01
  1035 9.017373e-01
  1036 9.016411e-01
  1037 9.015448e-01
  1038 9.014485e-01
  1039 9.013527e-01
  1040 9.012564e-01
  1041 9.011600e-01
  1042 9.010637e-01
  1043 9.009674e-01
  1044 9.008715e-01
  1045 9.007751e-01
  1046 9.006787e-01
  1047 9.005824e-01
  1048 9.004864e-01
  1049 9.003900e-01
  1050 9.002941e-01
  1051 9.001977e-01
  1052 9.001012e-01
  1053 9.000053e-01
  1054 8.999088e-01
  1055 8.998128e-01
  1056 8.997164e-01
  1057 8.996204e-01
  1058 8.995253e-01
  1059 8.994288e-01
  1060 8.993328e-01
  1061 8.992362e-01
  1062 8.991402e-01
  1063 8.990441e-01
  1064 8.989485e-01
  1065 8.988524e-01
  1066 8.987559e-01
  1067 8.986602e-01
  1068 8.985646e-01
  1069 8.984685e-01
  1070 8.983723e-01
  1071 8.982762e-01
  1072 8.981810e-01
  1073 8.980844e-01
  1074 8.979887e-01
  1075 8.978930e-01
  1076 8.977968e-01
  1077 8.977010e-01
  1078 8.976053e-01
  1079 8.975096e-01
  1080 8.974138e-01
  1081 8.973176e-01
  1082 8.972218e-01
  1083 8.971260e-01
  1084 8.970302e-01
  1085 8.969349e-01
  1086 8.968386e-01
  1087 8.967432e-01
  1088 8.966474e-01
  1089 8.965516e-01
  1090 8.964557e-01
  1091 8.963608e-01
  1092 8.962649e-01
  1093 8.961691e-01
  1094 8.960736e-01
  1095 8.959777e-01
  1096 8.958823e-01
  1097 8.957869e-01
  1098 8.956909e-01
  1099 8.955960e-01
  1100 8.955000e-01
  1101 8.954040e-01
  1102 8.953090e-01
  1103 8.952135e-01
  1104 8.951175e-01
  1105 8.950225e-01
  1106 8.949265e-01
  1107 8.948309e-01
  1108 8.947354e-01
  1109 8.946403e-01
  1110 8.945447e-01
  1111 8.944486e-01
  1112 8.943535e-01
  1113 8.942584e-01
  1114 8.941628e-01
  1115 8.940667e-01
  1116 8.939716e-01
  1117 8.938764e-01
  1118 8.937807e-01
  1119 8.936851e-01
  1120 8.935899e-01
  1121 8.934947e-01
  1122 8.933990e-01
  1123 8.933028e-01
  1124 8.932076e-01
  1125 8.931128e-01
  1126 8.930166e-01
  1127 8.929209e-01
  1128 8.928261e-01
  1129 8.927308e-01
  1130 8.926350e-01
  1131 8.925392e-01
  1132 8.924439e-01
  1133 8.923486e-01
  1134 8.922528e-01
  1135 8.921570e-01
  1136 8.920621e-01
  1137 8.919667e-01
  1138 8.918709e-01
  1139 8.917750e-01
  1140 8.916801e-01
  1141 8.915842e-01
  1142 8.914883e-01
  1143 8.913934e-01
  1144 8.912975e-01
  1145 8.912015e-01
  1146 8.911066e-01
  1147 8.910106e-01
  1148 8.909151e-01
  1149 8.908201e-01
  1150 8.907237e-01
  1151 8.906282e-01
  1152 8.905331e-01
  1153 8.904371e-01
  1154 8.903416e-01
  1155 8.902456e-01
  1156 8.901500e-01
  1157 8.900549e-01
  1158 8.899589e-01
  1159 8.898633e-01
  1160 8.897672e-01
  1161 8.896716e-01
  1162 8.895760e-01
  1163 8.894803e-01
  1164 8.893852e-01
  1165 8.892890e-01
  1166 8.891934e-01
  1167 8.890977e-01
  1168 8.890020e-01
  1169 8.889059e-01
  1170 8.888107e-01
  1171 8.887145e-01
  1172 8.886192e-01
  1173 8.885230e-01
  1174 8.884278e-01
  1175 8.883315e-01
  1176 8.882362e-01
  1177 8.881400e-01
  1178 8.880447e-01
  1179 8.879484e-01
  1180 8.878531e-01
  1181 8.877568e-01
  1182 8.876615e-01
  1183 8.875656e-01
  1184 8.874688e-01
  1185 8.873734e-01
  1186 8.872776e-01
  1187 8.871822e-01
  1188 8.870858e-01
  1189 8.869904e-01
  1190 8.868945e-01
  1191 8.867991e-01
  1192 8.867032e-01
  1193 8.866077e-01
  1194 8.865113e-01
  1195 8.864158e-01
  1196 8.863198e-01
  1197 8.862244e-01
  1198 8.861284e-01
  1199 8.860329e-01
  1200 8.859368e-01
  1201 8.858413e-01
  1202 8.857453e-01
  1203 8.856497e-01
  1204 8.855537e-01
  1205 8.854581e-01
  1206 8.853620e-01
  1207 8.852665e-01
  1208 8.851714e-01
  1209 8.850752e-01
  1210 8.849796e-01
  1211 8.848835e-01
  1212 8.847884e-01
  1213 8.846932e-01
  1214 8.845966e-01
  1215 8.845014e-01
  1216 8.844062e-01
  1217 8.843100e-01
  1218 8.842148e-01
  1219 8.841186e-01
  1220 8.840229e-01
  1221 8.839276e-01
  1222 8.838324e-01
  1223 8.837361e-01
  1224 8.836408e-01
  1225 8.835456e-01
  1226 8.834503e-01
  1227 8.833540e-01
  1228 8.832587e-01
  1229 8.831633e-01
  1230 8.830680e-01
  1231 8.829727e-01
  1232 8.828768e-01
  1233 8.827815e-01
  1234 8.826861e-01
  1235 8.825907e-01
  1236 8.824953e-01
  1237 8.824004e-01
  1238 8.823050e-01
  1239 8.822086e-01
  1240 8.821131e-01
  1241 8.820182e-01
  1242 8.819227e-01
  1243 8.818272e-01
  1244 8.817323e-01
  1245 8.816368e-01
  1246 8.815418e-01
  1247 8.814463e-01
  1248 8.813512e-01
  1249 8.812557e-01
  1250 8.811607e-01
  1251 8.810651e-01
  1252 8.809700e-01
  1253 8.808745e-01
  1254 8.807794e-01
  1255 8.806853e-01
  1256 8.805897e-01
  1257 8.804946e-01
  1258 8.803994e-01
  1259 8.803038e-01
  1260 8.802087e-01
  1261 8.801135e-01
  1262 8.800183e-01
  1263 8.799232e-01
  1264 8.798285e-01
  1265 8.797333e-01
  1266 8.796380e-01
  1267 8.795428e-01
  1268 8.794476e-01
  1269 8.793524e-01
  1270 8.792571e-01
  1271 8.791628e-01
  1272 8.790676e-01
  1273 8.789723e-01
  1274 8.788770e-01
  1275 8.787817e-01
  1276 8.786874e-01
  1277 8.785921e-01
  1278 8.784972e-01
  1279 8.784019e-01
  1280 8.783065e-01
  1281 8.782112e-01
  1282 8.781173e-01
  1283 8.780219e-01
  1284 8.779265e-01
  1285 8.778311e-01
  1286 8.777362e-01
  1287 8.776417e-01
  1288 8.775463e-01
  1289 8.774513e-01
  1290 8.773559e-01
  1291 8.772609e-01
  1292 8.771654e-01
  1293 8.770714e-01
  1294 8.769759e-01
  1295 8.768809e-01
  1296 8.767854e-01
  1297 8.766904e-01
  1298 8.765953e-01
  1299 8.765008e-01
  1300 8.764057e-01
  1301 8.763107e-01
  1302 8.762151e-01
  1303 8.761200e-01
  1304 8.760249e-01
  1305 8.759298e-01
  1306 8.758346e-01
  1307 8.757400e-01
  1308 8.756449e-01
  1309 8.755497e-01
  1310 8.754545e-01
  1311 8.753594e-01
  1312 8.752642e-01
  1313 8.751690e-01
  1314 8.750738e-01
  1315 8.749785e-01
  1316 8.748833e-01
  1317 8.747881e-01
  1318 8.746928e-01
  1319 8.745976e-01
  1320 8.745023e-01
  1321 8.744070e-01
  1322 8.743122e-01
  1323 8.742179e-01
  1324 8.741226e-01
  1325 8.740273e-01
  1326 8.739325e-01
  1327 8.738371e-01
  1328 8.737418e-01
  1329 8.736469e-01
  1330 8.735515e-01
  1331 8.734561e-01
  1332 8.733613e-01
  1333 8.732658e-01
  1334 8.731709e-01
  1335 8.730755e-01
  1336 8.729806e-01
  1337 8.728851e-01
  1338 8.727902e-01
  1339 8.726947e-01
  1340 8.725992e-01
  1341 8.725032e-01
  1342 8.724082e-01
  1343 8.723132e-01
  1344 8.722177e-01
  1345 8.721227e-01
  1346 8.720276e-01
  1347 8.719321e-01
  1348 8.718370e-01
  1349 8.717420e-01
  1350 8.716469e-01
  1351 8.715518e-01
  1352 8.714562e-01
  1353 8.713611e-01
  1354 8.712664e-01
  1355 8.711718e-01
  1356 8.710767e-01
  1357 8.709815e-01
  1358 8.708864e-01
  1359 8.707912e-01
  1360 8.706960e-01
  1361 8.706008e-01
  1362 8.705056e-01
  1363 8.704104e-01
  1364 8.703152e-01
  1365 8.702199e-01
  1366 8.701247e-01
  1367 8.700294e-01
  1368 8.699341e-01
  1369 8.698399e-01
  1370 8.697451e-01
  1371 8.696498e-01
  1372 8.695545e-01
  1373 8.694591e-01
  1374 8.693643e-01
  1375 8.692690e-01
  1376 8.691741e-01
  1377 8.690798e-01
  1378 8.689844e-01
  1379 8.688890e-01
  1380 8.687946e-01
  1381 8.686997e-01
  1382 8.686043e-01
  1383 8.685094e-01
  1384 8.684144e-01
  1385 8.683200e-01
  1386 8.682246e-01
  1387 8.681291e-01
  1388 8.680346e-01
  1389 8.679401e-01
  1390 8.678446e-01
  1391 8.677501e-01
  1392 8.676556e-01
  1393 8.675601e-01
  1394 8.674656e-01
  1395 8.673705e-01
  1396 8.672760e-01
  1397 8.671814e-01
  1398 8.670858e-01
  1399 8.669912e-01
  1400 8.668966e-01
  1401 8.668020e-01
  1402 8.667069e-01
  1403 8.666123e-01
  1404 8.665176e-01
  1405 8.664230e-01
  1406 8.663278e-01
  1407 8.662332e-01
  1408 8.661385e-01
  1409 8.660438e-01
  1410 8.659491e-01
  1411 8.658544e-01
  1412 8.657592e-01
  1413 8.656649e-01
  1414 8.655697e-01
  1415 8.654749e-01
  1416 8.653812e-01
  1417 8.652859e-01
  1418 8.651916e-01
  1419 8.650963e-01
  1420 8.650020e-01
  1421 8.649067e-01
  1422 8.648124e-01
  1423 8.647181e-01
  1424 8.646232e-01
  1425 8.645284e-01
  1426 8.644345e-01
  1427 8.643391e-01
  1428 8.642447e-01
  1429 8.641498e-01
  1430 8.640549e-01
  1431 8.639610e-01
  1432 8.638656e-01
  1433 8.637712e-01
  1434 8.636772e-01
  1435 8.635818e-01
  1436 8.634873e-01
  1437 8.633933e-01
  1438 8.632978e-01
  1439 8.632033e-01
  1440 8.631083e-01
  1441 8.630138e-01
  1442 8.629198e-01
  1443 8.628242e-01
  1444 8.627297e-01
  1445 8.626356e-01
  1446 8.625406e-01
  1447 8.624460e-01
  1448 8.623519e-01
  1449 8.622568e-01
  1450 8.621622e-01
  1451 8.620671e-01
  1452 8.619724e-01
  1453 8.618783e-01
  1454 8.617831e-01
  1455 8.616885e-01
  1456 8.615943e-01
  1457 8.614991e-01
  1458 8.614044e-01
  1459 8.613092e-01
  1460 8.612150e-01
  1461 8.611208e-01
  1462 8.610256e-01
  1463 8.609308e-01
  1464 8.608356e-01
  1465 8.607413e-01
  1466 8.606470e-01
  1467 8.605517e-01
  1468 8.604574e-01
  1469 8.603621e-01
  1470 8.602678e-01
  1471 8.601725e-01
  1472 8.600782e-01
  1473 8.599838e-01
  1474 8.598884e-01
  1475 8.597941e-01
  1476 8.596987e-01
  1477 8.596043e-01
  1478 8.595089e-01
  1479 8.594145e-01
  1480 8.593196e-01
  1481 8.592251e-01
  1482 8.591297e-01
  1483 8.590353e-01
  1484 8.589403e-01
  1485 8.588458e-01
  1486 8.587503e-01
  1487 8.586558e-01
  1488 8.585608e-01
  1489 8.584663e-01
  1490 8.583718e-01
  1491 8.582768e-01
  1492 8.581822e-01
  1493 8.580872e-01
  1494 8.579926e-01
  1495 8.578975e-01
  1496 8.578029e-01
  1497 8.577078e-01
  1498 8.576132e-01
  1499 8.575181e-01
  1500 8.574235e-01
  1501 8.573284e-01
  1502 8.572337e-01
  1503 8.571385e-01
  1504 8.570444e-01
  1505 8.569487e-01
  1506 8.568545e-01
  1507 8.567593e-01
  1508 8.566646e-01
  1509 8.565694e-01
  1510 8.564752e-01
  1511 8.563799e-01
  1512 8.562857e-01
  1513 8.561909e-01
  1514 8.560956e-01
  1515 8.560014e-01
  1516 8.559061e-01
  1517 8.558118e-01
  1518 8.557164e-01
  1519 8.556221e-01
  1520 8.555278e-01
  1521 8.554325e-01
  1522 8.553381e-01
  1523 8.552438e-01
  1524 8.551484e-01
  1525 8.550540e-01
  1526 8.549586e-01
  1527 8.548647e-01
  1528 8.547698e-01
  1529 8.546749e-01
  1530 8.545804e-01
  1531 8.544860e-01
  1532 8.543905e-01
  1533 8.542966e-01
  1534 8.542021e-01
  1535 8.541076e-01
  1536 8.540121e-01
  1537 8.539181e-01
  1538 8.538236e-01
  1539 8.537291e-01
  1540 8.536340e-01
  1541 8.535400e-01
  1542 8.534455e-01
  1543 8.533509e-01
  1544 8.532568e-01
  1545 8.531612e-01
  1546 8.530671e-01
  1547 8.529725e-01
  1548 8.528784e-01
  1549 8.527843e-01
  1550 8.526897e-01
  1551 8.525945e-01
  1552 8.525004e-01
  1553 8.524057e-01
  1554 8.523115e-01
  1555 8.522174e-01
  1556 8.521227e-01
  1557 8.520285e-01
  1558 8.519342e-01
  1559 8.518400e-01
  1560 8.517453e-01
  1561 8.516510e-01
  1562 8.515568e-01
  1563 8.514625e-01
  1564 8.513683e-01
  1565 8.512740e-01
  1566 8.511797e-01
  1567 8.510854e-01
  1568 8.509911e-01
  1569 8.508967e-01
  1570 8.508024e-01
  1571 8.507081e-01
  1572 8.506137e-01
  1573 8.505193e-01
  1574 8.504250e-01
  1575 8.503306e-01
  1576 8.502367e-01
  1577 8.501423e-01
  1578 8.500479e-01
  1579 8.499534e-01
  1580 8.498590e-01
  1581 8.497651e-01
  1582 8.496716e-01
  1583 8.495772e-01
  1584 8.494832e-01
  1585 8.493887e-01
  1586 8.492942e-01
  1587 8.492002e-01
  1588 8.491057e-01
  1589 8.490117e-01
  1590 8.489176e-01
  1591 8.488241e-01
  1592 8.487295e-01
  1593 8.486355e-01
  1594 8.485409e-01
  1595 8.484468e-01
  1596 8.483522e-01
  1597 8.482586e-01
  1598 8.481650e-01
  1599 8.480704e-01
  1600 8.479762e-01
  1601 8.478821e-01
  1602 8.477879e-01
  1603 8.476933e-01
  1604 8.475991e-01
  1605 8.475054e-01
  1606 8.474117e-01
  1607 8.473175e-01
  1608 8.472233e-01
  1609 8.471286e-01
  1610 8.470343e-01
  1611 8.469401e-01
  1612 8.468458e-01
  1613 8.467520e-01
  1614 8.466583e-01
  1615 8.465640e-01
  1616 8.464697e-01
  1617 8.463754e-01
  1618 8.462816e-01
  1619 8.461872e-01
  1620 8.460929e-01
  1621 8.459985e-01
  1622 8.459042e-01
  1623 8.458103e-01
  1624 8.457170e-01
  1625 8.456226e-01
  1626 8.455282e-01
  1627 8.454337e-01
  1628 8.453398e-01
  1629 8.452454e-01
  1630 8.451509e-01
  1631 8.450570e-01
  1632 8.449625e-01
  1633 8.448686e-01
  1634 8.447741e-01
  1635 8.446801e-01
  1636 8.445856e-01
  1637 8.444921e-01
  1638 8.443981e-01
  1639 8.443040e-01
  1640 8.442095e-01
  1641 8.441154e-01
  1642 8.440209e-01
  1643 8.439268e-01
  1644 8.438327e-01
  1645 8.437381e-01
  1646 8.436440e-01
  1647 8.435499e-01
  1648 8.434558e-01
  1649 8.433611e-01
  1650 8.432670e-01
  1651 8.431728e-01
  1652 8.430787e-01
  1653 8.429845e-01
  1654 8.428903e-01
  1655 8.427961e-01
  1656 8.427014e-01
  1657 8.426082e-01
  1658 8.425140e-01
  1659 8.424197e-01
  1660 8.423255e-01
  1661 8.422312e-01
  1662 8.421370e-01
  1663 8.420427e-01
  1664 8.419484e-01
  1665 8.418546e-01
  1666 8.417603e-01
  1667 8.416660e-01
  1668 8.415716e-01
  1669 8.414773e-01
  1670 8.413840e-01
  1671 8.412901e-01
  1672 8.411958e-01
  1673 8.411014e-01
  1674 8.410070e-01
  1675 8.409131e-01
  1676 8.408187e-01
  1677 8.407242e-01
  1678 8.406308e-01
  1679 8.405369e-01
  1680 8.404425e-01
  1681 8.403485e-01
  1682 8.402540e-01
  1683 8.401600e-01
  1684 8.400666e-01
  1685 8.399726e-01
  1686 8.398781e-01
  1687 8.397835e-01
  1688 8.396906e-01
  1689 8.395965e-01
  1690 8.395020e-01
  1691 8.394079e-01
  1692 8.393143e-01
  1693 8.392203e-01
  1694 8.391262e-01
  1695 8.390316e-01
  1696 8.389385e-01
  1697 8.388444e-01
  1698 8.387502e-01
  1699 8.386566e-01
  1700 8.385625e-01
  1701 8.384683e-01
  1702 8.383752e-01
  1703 8.382810e-01
  1704 8.381863e-01
  1705 8.380931e-01
  1706 8.379989e-01
  1707 8.379057e-01
  1708 8.378115e-01
  1709 8.377172e-01
  1710 8.376240e-01
  1711 8.375298e-01
  1712 8.374365e-01
  1713 8.373422e-01
  1714 8.372490e-01
  1715 8.371547e-01
  1716 8.370604e-01
  1717 8.369671e-01
  1718 8.368727e-01
  1719 8.367794e-01
  1720 8.366851e-01
  1721 8.365922e-01
  1722 8.364979e-01
  1723 8.364045e-01
  1724 8.363101e-01
  1725 8.362167e-01
  1726 8.361239e-01
  1727 8.360294e-01
  1728 8.359360e-01
  1729 8.358421e-01
  1730 8.357487e-01
  1731 8.356542e-01
  1732 8.355613e-01
  1733 8.354678e-01
  1734 8.353733e-01
  1735 8.352804e-01
  1736 8.351858e-01
  1737 8.350928e-01
  1738 8.349993e-01
  1739 8.349053e-01
  1740 8.348118e-01
  1741 8.347177e-01
  1742 8.346242e-01
  1743 8.345311e-01
  1744 8.344370e-01
  1745 8.343434e-01
  1746 8.342504e-01
  1747 8.341562e-01
  1748 8.340626e-01
  1749 8.339685e-01
  1750 8.338754e-01
  1751 8.337817e-01
  1752 8.336876e-01
  1753 8.335944e-01
  1754 8.335013e-01
  1755 8.334065e-01
  1756 8.333134e-01
  1757 8.332202e-01
  1758 8.331259e-01
  1759 8.330327e-01
  1760 8.329395e-01
  1761 8.328452e-01
  1762 8.327520e-01
  1763 8.326577e-01
  1764 8.325644e-01
  1765 8.324712e-01
  1766 8.323769e-01
  1767 8.322836e-01
  1768 8.321903e-01
  1769 8.320959e-01
  1770 8.320026e-01
  1771 8.319093e-01
  1772 8.318149e-01
  1773 8.317215e-01
  1774 8.316276e-01
  1775 8.315343e-01
  1776 8.314409e-01
  1777 8.313464e-01
  1778 8.312535e-01
  1779 8.311601e-01
  1780 8.310657e-01
  1781 8.309722e-01
  1782 8.308782e-01
  1783 8.307848e-01
  1784 8.306913e-01
  1785 8.305973e-01
  1786 8.305044e-01
  1787 8.304109e-01
  1788 8.303163e-01
  1789 8.302233e-01
  1790 8.301287e-01
  1791 8.300357e-01
  1792 8.299421e-01
  1793 8.298481e-01
  1794 8.297545e-01
  1795 8.296604e-01
  1796 8.295673e-01
  1797 8.294737e-01
  1798 8.293796e-01
  1799 8.292865e-01
  1800 8.291923e-01
  1801 8.290992e-01
  1802 8.290055e-01
  1803 8.289113e-01
  1804 8.288176e-01
  1805 8.287234e-01
  1806 8.286308e-01
  1807 8.285371e-01
  1808 8.284428e-01
  1809 8.283496e-01
  1810 8.282554e-01
  1811 8.281621e-01
  1812 8.280684e-01
  1813 8.279746e-01
  1814 8.278808e-01
  1815 8.277870e-01
  1816 8.276937e-01
  1817 8.275999e-01
  1818 8.275061e-01
  1819 8.274128e-01
  1820 8.273195e-01
  1821 8.272251e-01
  1822 8.271322e-01
  1823 8.270384e-01
  1824 8.269445e-01
  1825 8.268506e-01
  1826 8.267567e-01
  1827 8.266638e-01
  1828 8.265699e-01
  1829 8.264759e-01
  1830 8.263825e-01
  1831 8.262896e-01
  1832 8.261956e-01
  1833 8.261016e-01
  1834 8.260087e-01
  1835 8.259147e-01
  1836 8.258206e-01
  1837 8.257277e-01
  1838 8.256342e-01
  1839 8.255406e-01
  1840 8.254466e-01
  1841 8.253536e-01
  1842 8.252600e-01
  1843 8.251664e-01
  1844 8.250723e-01
  1845 8.249793e-01
  1846 8.248862e-01
  1847 8.247921e-01
  1848 8.246985e-01
  1849 8.246054e-01
  1850 8.245117e-01
  1851 8.244186e-01
  1852 8.243255e-01
  1853 8.242313e-01
  1854 8.241376e-01
  1855 8.240444e-01
  1856 8.239513e-01
  1857 8.238575e-01
  1858 8.237643e-01
  1859 8.236711e-01
  1860 8.235779e-01
  1861 8.234847e-01
  1862 8.233915e-01
  1863 8.232977e-01
  1864 8.232039e-01
  1865 8.231106e-01
  1866 8.230173e-01
  1867 8.229241e-01
  1868 8.228308e-01
  1869 8.227374e-01
  1870 8.226441e-01
  1871 8.225508e-01
  1872 8.224574e-01
  1873 8.223641e-01
  1874 8.222707e-01
  1875 8.221774e-01
  1876 8.220840e-01
  1877 8.219911e-01
  1878 8.218977e-01
  1879 8.218048e-01
  1880 8.217119e-01
  1881 8.216185e-01
  1882 8.215256e-01
  1883 8.214321e-01
  1884 8.213386e-01
  1885 8.212457e-01
  1886 8.211522e-01
  1887 8.210587e-01
  1888 8.209657e-01
  1889 8.208722e-01
  1890 8.207797e-01
  1891 8.206867e-01
  1892 8.205937e-01
  1893 8.205001e-01
  1894 8.204071e-01
  1895 8.203135e-01
  1896 8.202204e-01
  1897 8.201273e-01
  1898 8.200348e-01
  1899 8.199412e-01
  1900 8.198481e-01
  1901 8.197549e-01
  1902 8.196613e-01
  1903 8.195681e-01
  1904 8.194755e-01
  1905 8.193829e-01
  1906 8.192892e-01
  1907 8.191960e-01
  1908 8.191028e-01
  1909 8.190101e-01
  1910 8.189169e-01
  1911 8.188237e-01
  1912 8.187305e-01
  1913 8.186372e-01
  1914 8.185440e-01
  1915 8.184512e-01
  1916 8.183585e-01
  1917 8.182647e-01
  1918 8.181719e-01
  1919 8.180781e-01
  1920 8.179858e-01
  1921 8.178930e-01
  1922 8.177991e-01
  1923 8.177063e-01
  1924 8.176124e-01
  1925 8.175201e-01
  1926 8.174273e-01
  1927 8.173339e-01
  1928 8.172405e-01
  1929 8.171470e-01
  1930 8.170536e-01
  1931 8.169613e-01
  1932 8.168683e-01
  1933 8.167749e-01
  1934 8.166819e-01
  1935 8.165885e-01
  1936 8.164960e-01
  1937 8.164031e-01
  1938 8.163096e-01
  1939 8.162160e-01
  1940 8.161230e-01
  1941 8.160295e-01
  1942 8.159370e-01
  1943 8.158440e-01
  1944 8.157504e-01
  1945 8.156574e-01
  1946 8.155643e-01
  1947 8.154707e-01
  1948 8.153781e-01
  1949 8.152851e-01
  1950 8.151919e-01
  1951 8.150983e-01
  1952 8.150052e-01
  1953 8.149120e-01
  1954 8.148194e-01
  1955 8.147263e-01
  1956 8.146331e-01
  1957 8.145394e-01
  1958 8.144462e-01
  1959 8.143530e-01
  1960 8.142603e-01
  1961 8.141676e-01
  1962 8.140739e-01
  1963 8.139806e-01
  1964 8.138874e-01
  1965 8.137941e-01
  1966 8.137019e-01
  1967 8.136086e-01
  1968 8.135153e-01
  1969 8.134220e-01
  1970 8.133287e-01
  1971 8.132364e-01
  1972 8.131431e-01
  1973 8.130497e-01
  1974 8.129564e-01
  1975 8.128630e-01
  1976 8.127707e-01
  1977 8.126773e-01
  1978 8.125839e-01
  1979 8.124905e-01
  1980 8.123976e-01
  1981 8.123053e-01
  1982 8.122118e-01
  1983 8.121183e-01
  1984 8.120254e-01
  1985 8.119330e-01
  1986 8.118395e-01
  1987 8.117460e-01
  1988 8.116531e-01
  1989 8.115606e-01
  1990 8.114671e-01
  1991 8.113741e-01
  1992 8.112816e-01
  1993 8.111886e-01
  1994 8.110950e-01
  1995 8.110019e-01
  1996 8.109094e-01
  1997 8.108164e-01
  1998 8.107227e-01
  1999 8.106307e-01
  2000 8.105371e-01
  2001 8.104440e-01
  2002 8.103514e-01
  2003 8.102583e-01
  2004 8.101662e-01
  2005 8.100725e-01
  2006 8.099793e-01
  2007 8.098872e-01
  2008 8.097935e-01
  2009 8.097014e-01
  2010 8.096082e-01
  2011 8.095150e-01
  2012 8.094223e-01
  2013 8.093290e-01
  2014 8.092369e-01
  2015 8.091436e-01
  2016 8.090514e-01
  2017 8.089581e-01
  2018 8.088654e-01
  2019 8.087721e-01
  2020 8.086798e-01
  2021 8.085865e-01
  2022 8.084942e-01
  2023 8.084009e-01
  2024 8.083086e-01
  2025 8.082152e-01
  2026 8.081229e-01
  2027 8.080296e-01
  2028 8.079372e-01
  2029 8.078438e-01
  2030 8.077520e-01
  2031 8.076591e-01
  2032 8.075662e-01
  2033 8.074739e-01
  2034 8.073804e-01
  2035 8.072885e-01
  2036 8.071956e-01
  2037 8.071026e-01
  2038 8.070102e-01
  2039 8.069167e-01
  2040 8.068248e-01
  2041 8.067323e-01
  2042 8.066388e-01
  2043 8.065468e-01
  2044 8.064543e-01
  2045 8.063608e-01
  2046 8.062688e-01
  2047 8.061763e-01
  2048 8.060832e-01
  2049 8.059906e-01
  2050 8.058986e-01
  2051 8.058061e-01
  2052 8.057130e-01
  2053 8.056204e-01
  2054 8.055278e-01
  2055 8.054346e-01
  2056 8.053425e-01
  2057 8.052505e-01
  2058 8.051578e-01
  2059 8.050646e-01
  2060 8.049725e-01
  2061 8.048798e-01
  2062 8.047866e-01
  2063 8.046945e-01
  2064 8.046023e-01
  2065 8.045096e-01
  2066 8.044163e-01
  2067 8.043241e-01
  2068 8.042319e-01
  2069 8.041392e-01
  2070 8.040459e-01
  2071 8.039536e-01
  2072 8.038614e-01
  2073 8.037686e-01
  2074 8.036758e-01
  2075 8.035835e-01
  2076 8.034912e-01
  2077 8.033984e-01
  2078 8.033055e-01
  2079 8.032132e-01
  2080 8.031208e-01
  2081 8.030280e-01
  2082 8.029351e-01
  2083 8.028427e-01
  2084 8.027503e-01
  2085 8.026579e-01
  2086 8.025645e-01
  2087 8.024726e-01
  2088 8.023802e-01
  2089 8.022872e-01
  2090 8.021942e-01
  2091 8.021018e-01
  2092 8.020099e-01
  2093 8.019169e-01
  2094 8.018238e-01
  2095 8.017319e-01
  2096 8.016394e-01
  2097 8.015469e-01
  2098 8.014543e-01
  2099 8.013613e-01
  2100 8.012687e-01
  2101 8.011767e-01
  2102 8.010836e-01
  2103 8.009910e-01
  2104 8.008984e-01
  2105 8.008064e-01
  2106 8.007132e-01
  2107 8.006206e-01
  2108 8.005280e-01
  2109 8.004359e-01
  2110 8.003432e-01
  2111 8.002500e-01
  2112 8.001579e-01
  2113 8.000658e-01
  2114 7.999725e-01
  2115 7.998798e-01
  2116 7.997871e-01
  2117 7.996949e-01
  2118 7.996022e-01
  2119 7.995094e-01
  2120 7.994167e-01
  2121 7.993244e-01
  2122 7.992317e-01
  2123 7.991389e-01
  2124 7.990466e-01
  2125 7.989544e-01
  2126 7.988621e-01
  2127 7.987687e-01
  2128 7.986758e-01
  2129 7.985835e-01
  2130 7.984912e-01
  2131 7.983983e-01
  2132 7.983055e-01
  2133 7.982131e-01
  2134 7.981207e-01
  2135 7.980284e-01
  2136 7.979365e-01
  2137 7.978436e-01
  2138 7.977506e-01
  2139 7.976582e-01
  2140 7.975658e-01
  2141 7.974733e-01
  2142 7.973814e-01
  2143 7.972884e-01
  2144 7.971954e-01
  2145 7.971029e-01
  2146 7.970110e-01
  2147 7.969185e-01
  2148 7.968260e-01
  2149 7.967335e-01
  2150 7.966415e-01
  2151 7.965484e-01
  2152 7.964558e-01
  2153 7.963633e-01
  2154 7.962707e-01
  2155 7.961786e-01
  2156 7.960860e-01
  2157 7.959940e-01
  2158 7.959014e-01
  2159 7.958093e-01
  2160 7.957166e-01
  2161 7.956245e-01
  2162 7.955324e-01
  2163 7.954397e-01
  2164 7.953476e-01
  2165 7.952549e-01
  2166 7.951627e-01
  2167 7.950706e-01
  2168 7.949784e-01
  2169 7.948857e-01
  2170 7.947935e-01
  2171 7.947012e-01
  2172 7.946090e-01
  2173 7.945162e-01
  2174 7.944240e-01
  2175 7.943317e-01
  2176 7.942395e-01
  2177 7.941472e-01
  2178 7.940549e-01
  2179 7.939632e-01
  2180 7.938714e-01
  2181 7.937791e-01
  2182 7.936868e-01
  2183 7.935944e-01
  2184 7.935021e-01
  2185 7.934097e-01
  2186 7.933179e-01
  2187 7.932260e-01
  2188 7.931337e-01
  2189 7.930412e-01
  2190 7.929488e-01
  2191 7.928564e-01
  2192 7.927651e-01
  2193 7.926732e-01
  2194 7.925807e-01
  2195 7.924882e-01
  2196 7.923963e-01
  2197 7.923049e-01
  2198 7.922124e-01
  2199 7.921205e-01
  2200 7.920279e-01
  2201 7.919365e-01
  2202 7.918445e-01
  2203 7.917520e-01
  2204 7.916599e-01
  2205 7.915685e-01
  2206 7.914764e-01
  2207 7.913838e-01
  2208 7.912923e-01
  2209 7.912003e-01
  2210 7.911082e-01
  2211 7.910155e-01
  2212 7.909245e-01
  2213 7.908324e-01
  2214 7.907398e-01
  2215 7.906487e-01
  2216 7.905566e-01
  2217 7.904639e-01
  2218 7.903728e-01
  2219 7.902806e-01
  2220 7.901885e-01
  2221 7.900968e-01
  2222 7.900046e-01
  2223 7.899124e-01
  2224 7.898213e-01
  2225 7.897290e-01
  2226 7.896368e-01
  2227 7.895456e-01
  2228 7.894533e-01
  2229 7.893611e-01
  2230 7.892699e-01
  2231 7.891776e-01
  2232 7.890853e-01
  2233 7.889940e-01
  2234 7.889017e-01
  2235 7.888093e-01
  2236 7.887181e-01
  2237 7.886257e-01
  2238 7.885333e-01
  2239 7.884421e-01
  2240 7.883502e-01
  2241 7.882578e-01
  2242 7.881665e-01
  2243 7.880741e-01
  2244 7.879822e-01
  2245 7.878908e-01
  2246 7.877983e-01
  2247 7.877064e-01
  2248 7.876150e-01
  2249 7.875225e-01
  2250 7.874317e-01
  2251 7.873392e-01
  2252 7.872472e-01
  2253 7.871558e-01
  2254 7.870632e-01
  2255 7.869712e-01
  2256 7.868797e-01
  2257 7.867877e-01
  2258 7.866957e-01
  2259 7.866042e-01
  2260 7.865116e-01
  2261 7.864195e-01
  2262 7.863285e-01
  2263 7.862359e-01
  2264 7.861438e-01
  2265 7.860527e-01
  2266 7.859601e-01
  2267 7.858690e-01
  2268 7.857769e-01
  2269 7.856847e-01
  2270 7.855931e-01
  2271 7.855009e-01
  2272 7.854087e-01
  2273 7.853171e-01
  2274 7.852249e-01
  2275 7.851327e-01
  2276 7.850415e-01
  2277 7.849493e-01
  2278 7.848581e-01
  2279 7.847653e-01
  2280 7.846736e-01
  2281 7.845819e-01
  2282 7.844896e-01
  2283 7.843984e-01
  2284 7.843060e-01
  2285 7.842143e-01
  2286 7.841225e-01
  2287 7.840301e-01
  2288 7.839389e-01
  2289 7.838465e-01
  2290 7.837547e-01
  2291 7.836628e-01
  2292 7.835710e-01
  2293 7.834797e-01
  2294 7.833872e-01
  2295 7.832959e-01
  2296 7.832035e-01
  2297 7.831116e-01
  2298 7.830196e-01
  2299 7.829277e-01
  2300 7.828363e-01
  2301 7.827438e-01
  2302 7.826524e-01
  2303 7.825605e-01
  2304 7.824690e-01
  2305 7.823765e-01
  2306 7.822850e-01
  2307 7.821930e-01
  2308 7.821016e-01
  2309 7.820095e-01
  2310 7.819180e-01
  2311 7.818260e-01
  2312 7.817345e-01
  2313 7.816418e-01
  2314 7.815509e-01
  2315 7.814593e-01
  2316 7.813672e-01
  2317 7.812756e-01
  2318 7.811835e-01
  2319 7.810919e-01
  2320 7.809992e-01
  2321 7.809082e-01
  2322 7.808166e-01
  2323 7.807244e-01
  2324 7.806333e-01
  2325 7.805416e-01
  2326 7.804494e-01
  2327 7.803578e-01
  2328 7.802655e-01
  2329 7.801744e-01
  2330 7.800827e-01
  2331 7.799904e-01
  2332 7.798992e-01
  2333 7.798081e-01
  2334 7.797163e-01
  2335 7.796240e-01
  2336 7.795328e-01
  2337 7.794410e-01
  2338 7.793487e-01
  2339 7.792574e-01
  2340 7.791662e-01
  2341 7.790743e-01
  2342 7.789825e-01
  2343 7.788912e-01
  2344 7.787999e-01
  2345 7.787081e-01
  2346 7.786156e-01
  2347 7.785249e-01
  2348 7.784330e-01
  2349 7.783416e-01
  2350 7.782503e-01
  2351 7.781583e-01
  2352 7.780664e-01
  2353 7.779756e-01
  2354 7.778836e-01
  2355 7.777922e-01
  2356 7.777013e-01
  2357 7.776093e-01
  2358 7.775173e-01
  2359 7.774259e-01
  2360 7.773344e-01
  2361 7.772429e-01
  2362 7.771520e-01
  2363 7.770605e-01
  2364 7.769684e-01
  2365 7.768764e-01
  2366 7.767854e-01
  2367 7.766938e-01
  2368 7.766023e-01
  2369 7.765113e-01
  2370 7.764197e-01
  2371 7.763281e-01
  2372 7.762371e-01
  2373 7.761455e-01
  2374 7.760544e-01
  2375 7.759622e-01
  2376 7.758706e-01
  2377 7.757790e-01
  2378 7.756879e-01
  2379 7.755962e-01
  2380 7.755051e-01
  2381 7.754134e-01
  2382 7.753222e-01
  2383 7.752305e-01
  2384 7.751394e-01
  2385 7.750482e-01
  2386 7.749564e-01
  2387 7.748652e-01
  2388 7.747740e-01
  2389 7.746828e-01
  2390 7.745910e-01
  2391 7.744998e-01
  2392 7.744086e-01
  2393 7.743173e-01
  2394 7.742249e-01
  2395 7.741331e-01
  2396 7.740418e-01
  2397 7.739505e-01
  2398 7.738591e-01
  2399 7.737678e-01
  2400 7.736765e-01
  2401 7.735851e-01
  2402 7.734938e-01
  2403 7.734024e-01
  2404 7.733110e-01
  2405 7.732197e-01
  2406 7.731283e-01
  2407 7.730374e-01
  2408 7.729460e-01
  2409 7.728546e-01
  2410 7.727631e-01
  2411 7.726717e-01
  2412 7.725802e-01
  2413 7.724893e-01
  2414 7.723978e-01
  2415 7.723063e-01
  2416 7.722154e-01
  2417 7.721238e-01
  2418 7.720323e-01
  2419 7.719413e-01
  2420 7.718498e-01
  2421 7.717582e-01
  2422 7.716672e-01
  2423 7.715756e-01
  2424 7.714846e-01
  2425 7.713930e-01
  2426 7.713019e-01
  2427 7.712103e-01
  2428 7.711192e-01
  2429 7.710276e-01
  2430 7.709365e-01
  2431 7.708454e-01
  2432 7.707537e-01
  2433 7.706626e-01
  2434 7.705715e-01
  2435 7.704797e-01
  2436 7.703886e-01
  2437 7.702974e-01
  2438 7.702062e-01
  2439 7.701145e-01
  2440 7.700233e-01
  2441 7.699321e-01
  2442 7.698408e-01
  2443 7.697496e-01
  2444 7.696584e-01
  2445 7.695671e-01
  2446 7.694758e-01
  2447 7.693846e-01
  2448 7.692927e-01
  2449 7.692014e-01
  2450 7.691101e-01
  2451 7.690193e-01
  2452 7.689280e-01
  2453 7.688367e-01
  2454 7.687459e-01
  2455 7.686551e-01
  2456 7.685637e-01
  2457 7.684723e-01
  2458 7.683809e-01
  2459 7.682895e-01
  2460 7.681987e-01
  2461 7.681072e-01
  2462 7.680158e-01
  2463 7.679255e-01
  2464 7.678340e-01
  2465 7.677431e-01
  2466 7.676516e-01
  2467 7.675602e-01
  2468 7.674692e-01
  2469 7.673788e-01
  2470 7.672873e-01
  2471 7.671963e-01
  2472 7.671048e-01
  2473 7.670138e-01
  2474 7.669234e-01
  2475 7.668318e-01
  2476 7.667408e-01
  2477 7.666497e-01
  2478 7.665581e-01
  2479 7.664676e-01
  2480 7.663766e-01
  2481 7.662855e-01
  2482 7.661938e-01
  2483 7.661039e-01
  2484 7.660122e-01
  2485 7.659211e-01
  2486 7.658311e-01
  2487 7.657394e-01
  2488 7.656482e-01
  2489 7.655582e-01
  2490 7.654664e-01
  2491 7.653753e-01
  2492 7.652852e-01
  2493 7.651940e-01
  2494 7.651028e-01
  2495 7.650121e-01
  2496 7.649209e-01
  2497 7.648296e-01
  2498 7.647395e-01
  2499 7.646482e-01
  2500 7.645581e-01
  2501 7.644662e-01
  2502 7.643755e-01
  2503 7.642848e-01
  2504 7.641934e-01
  2505 7.641032e-01
  2506 7.640119e-01
  2507 7.639211e-01
  2508 7.638303e-01
  2509 7.637395e-01
  2510 7.636487e-01
  2511 7.635578e-01
  2512 7.634676e-01
  2513 7.633761e-01
  2514 7.632858e-01
  2515 7.631944e-01
  2516 7.631041e-01
  2517 7.630132e-01
  2518 7.629229e-01
  2519 7.628314e-01
  2520 7.627410e-01
  2521 7.626495e-01
  2522 7.625597e-01
  2523 7.624682e-01
  2524 7.623778e-01
  2525 7.622868e-01
  2526 7.621964e-01
  2527 7.621048e-01
  2528 7.620149e-01
  2529 7.619233e-01
  2530 7.618334e-01
  2531 7.617429e-01
  2532 7.616513e-01
  2533 7.615614e-01
  2534 7.614697e-01
  2535 7.613798e-01
  2536 7.612881e-01
  2537 7.611981e-01
  2538 7.611065e-01
  2539 7.610165e-01
  2540 7.609259e-01
  2541 7.608347e-01
  2542 7.607441e-01
  2543 7.606530e-01
  2544 7.605629e-01
  2545 7.604723e-01
  2546 7.603811e-01
  2547 7.602910e-01
  2548 7.601998e-01
  2549 7.601091e-01
  2550 7.600179e-01
  2551 7.599277e-01
  2552 7.598370e-01
  2553 7.597457e-01
  2554 7.596556e-01
  2555 7.595643e-01
  2556 7.594741e-01
  2557 7.593834e-01
  2558 7.592926e-01
  2559 7.592018e-01
  2560 7.591105e-01
  2561 7.590208e-01
  2562 7.589300e-01
  2563 7.588386e-01
  2564 7.587483e-01
  2565 7.586569e-01
  2566 7.585672e-01
  2567 7.584764e-01
  2568 7.583849e-01
  2569 7.582952e-01
  2570 7.582043e-01
  2571 7.581134e-01
  2572 7.580224e-01
  2573 7.579315e-01
  2574 7.578411e-01
  2575 7.577508e-01
  2576 7.576592e-01
  2577 7.575694e-01
  2578 7.574784e-01
  2579 7.573874e-01
  2580 7.572970e-01
  2581 7.572054e-01
  2582 7.571155e-01
  2583 7.570245e-01
  2584 7.569334e-01
  2585 7.568435e-01
  2586 7.567525e-01
  2587 7.566614e-01
  2588 7.565714e-01
  2589 7.564803e-01
  2590 7.563892e-01
  2591 7.562992e-01
  2592 7.562087e-01
  2593 7.561175e-01
  2594 7.560270e-01
  2595 7.559364e-01
  2596 7.558452e-01
  2597 7.557551e-01
  2598 7.556639e-01
  2599 7.555733e-01
  2600 7.554827e-01
  2601 7.553920e-01
  2602 7.553008e-01
  2603 7.552107e-01
  2604 7.551200e-01
  2605 7.550287e-01
  2606 7.549385e-01
  2607 7.548484e-01
  2608 7.547571e-01
  2609 7.546663e-01
  2610 7.545762e-01
  2611 7.544854e-01
  2612 7.543946e-01
  2613 7.543038e-01
  2614 7.542136e-01
  2615 7.541228e-01
  2616 7.540320e-01
  2617 7.539411e-01
  2618 7.538509e-01
  2619 7.537606e-01
  2620 7.536692e-01
  2621 7.535783e-01
  2622 7.534880e-01
  2623 7.533977e-01
  2624 7.533073e-01
  2625 7.532170e-01
  2626 7.531261e-01
  2627 7.530351e-01
  2628 7.529447e-01
  2629 7.528544e-01
  2630 7.527640e-01
  2631 7.526736e-01
  2632 7.525826e-01
  2633 7.524916e-01
  2634 7.524011e-01
  2635 7.523107e-01
  2636 7.522202e-01
  2637 7.521297e-01
  2638 7.520392e-01
  2639 7.519488e-01
  2640 7.518588e-01
  2641 7.517683e-01
  2642 7.516778e-01
  2643 7.515873e-01
  2644 7.514967e-01
  2645 7.514056e-01
  2646 7.513150e-01
  2647 7.512244e-01
  2648 7.511344e-01
  2649 7.510438e-01
  2650 7.509532e-01
  2651 7.508631e-01
  2652 7.507725e-01
  2653 7.506819e-01
  2654 7.505918e-01
  2655 7.505017e-01
  2656 7.504116e-01
  2657 7.503215e-01
  2658 7.502308e-01
  2659 7.501407e-01
  2660 7.500499e-01
  2661 7.499598e-01
  2662 7.498690e-01
  2663 7.497789e-01
  2664 7.496887e-01
  2665 7.495979e-01
  2666 7.495077e-01
  2667 7.494169e-01
  2668 7.493273e-01
  2669 7.492376e-01
  2670 7.491468e-01
  2671 7.490565e-01
  2672 7.489662e-01
  2673 7.488754e-01
  2674 7.487851e-01
  2675 7.486948e-01
  2676 7.486051e-01
  2677 7.485153e-01
  2678 7.484244e-01
  2679 7.483340e-01
  2680 7.482437e-01
  2681 7.481533e-01
  2682 7.480635e-01
  2683 7.479737e-01
  2684 7.478833e-01
  2685 7.477929e-01
  2686 7.477025e-01
  2687 7.476126e-01
  2688 7.475228e-01
  2689 7.474323e-01
  2690 7.473418e-01
  2691 7.472514e-01
  2692 7.471615e-01
  2693 7.470715e-01
  2694 7.469810e-01
  2695 7.468905e-01
  2696 7.468000e-01
  2697 7.467106e-01
  2698 7.466206e-01
  2699 7.465301e-01
  2700 7.464395e-01
  2701 7.463501e-01
  2702 7.462600e-01
  2703 7.461694e-01
  2704 7.460794e-01
  2705 7.459899e-01
  2706 7.458993e-01
  2707 7.458092e-01
  2708 7.457186e-01
  2709 7.456291e-01
  2710 7.455390e-01
  2711 7.454488e-01
  2712 7.453581e-01
  2713 7.452686e-01
  2714 7.451784e-01
  2715 7.450883e-01
  2716 7.449975e-01
  2717 7.449085e-01
  2718 7.448183e-01
  2719 7.447276e-01
  2720 7.446373e-01
  2721 7.445477e-01
  2722 7.444575e-01
  2723 7.443672e-01
  2724 7.442770e-01
  2725 7.441873e-01
  2726 7.440970e-01
  2727 7.440067e-01
  2728 7.439176e-01
  2729 7.438273e-01
  2730 7.437370e-01
  2731 7.436467e-01
  2732 7.435569e-01
  2733 7.434666e-01
  2734 7.433762e-01
  2735 7.432870e-01
  2736 7.431966e-01
  2737 7.431062e-01
  2738 7.430158e-01
  2739 7.429266e-01
  2740 7.428361e-01
  2741 7.427457e-01
  2742 7.426564e-01
  2743 7.425665e-01
  2744 7.424761e-01
  2745 7.423868e-01
  2746 7.422963e-01
  2747 7.422058e-01
  2748 7.421164e-01
  2749 7.420265e-01
  2750 7.419359e-01
  2751 7.418466e-01
  2752 7.417560e-01
  2753 7.416660e-01
  2754 7.415766e-01
  2755 7.414860e-01
  2756 7.413960e-01
  2757 7.413066e-01
  2758 7.412159e-01
  2759 7.411259e-01
  2760 7.410364e-01
  2761 7.409463e-01
  2762 7.408569e-01
  2763 7.407662e-01
  2764 7.406761e-01
  2765 7.405865e-01
  2766 7.404964e-01
  2767 7.404075e-01
  2768 7.403167e-01
  2769 7.402266e-01
  2770 7.401370e-01
  2771 7.400468e-01
  2772 7.399572e-01
  2773 7.398670e-01
  2774 7.397768e-01
  2775 7.396872e-01
  2776 7.395969e-01
  2777 7.395079e-01
  2778 7.394176e-01
  2779 7.393279e-01
  2780 7.392376e-01
  2781 7.391485e-01
  2782 7.390582e-01
  2783 7.389685e-01
  2784 7.388782e-01
  2785 7.387890e-01
  2786 7.386987e-01
  2787 7.386095e-01
  2788 7.385191e-01
  2789 7.384294e-01
  2790 7.383396e-01
  2791 7.382503e-01
  2792 7.381605e-01
  2793 7.380701e-01
  2794 7.379808e-01
  2795 7.378904e-01
  2796 7.378011e-01
  2797 7.377107e-01
  2798 7.376220e-01
  2799 7.375321e-01
  2800 7.374416e-01
  2801 7.373528e-01
  2802 7.372629e-01
  2803 7.371730e-01
  2804 7.370830e-01
  2805 7.369931e-01
  2806 7.369037e-01
  2807 7.368143e-01
  2808 7.367237e-01
  2809 7.366349e-01
  2810 7.365454e-01
  2811 7.364554e-01
  2812 7.363654e-01
  2813 7.362765e-01
  2814 7.361865e-01
  2815 7.360964e-01
  2816 7.360069e-01
  2817 7.359180e-01
  2818 7.358279e-01
  2819 7.357378e-01
  2820 7.356488e-01
  2821 7.355593e-01
  2822 7.354697e-01
  2823 7.353796e-01
  2824 7.352900e-01
  2825 7.352010e-01
  2826 7.351108e-01
  2827 7.350212e-01
  2828 7.349316e-01
  2829 7.348425e-01
  2830 7.347529e-01
  2831 7.346632e-01
  2832 7.345730e-01
  2833 7.344839e-01
  2834 7.343942e-01
  2835 7.343051e-01
  2836 7.342160e-01
  2837 7.341257e-01
  2838 7.340359e-01
  2839 7.339468e-01
  2840 7.338570e-01
  2841 7.337679e-01
  2842 7.336787e-01
  2843 7.335889e-01
  2844 7.334985e-01
  2845 7.334093e-01
  2846 7.333201e-01
  2847 7.332303e-01
  2848 7.331410e-01
  2849 7.330518e-01
  2850 7.329625e-01
  2851 7.328726e-01
  2852 7.327827e-01
  2853 7.326934e-01
  2854 7.326041e-01
  2855 7.325148e-01
  2856 7.324249e-01
  2857 7.323355e-01
  2858 7.322462e-01
  2859 7.321568e-01
  2860 7.320680e-01
  2861 7.319781e-01
  2862 7.318881e-01
  2863 7.317987e-01
  2864 7.317092e-01
  2865 7.316198e-01
  2866 7.315304e-01
  2867 7.314409e-01
  2868 7.313520e-01
  2869 7.312626e-01
  2870 7.311731e-01
  2871 7.310836e-01
  2872 7.309941e-01
  2873 7.309052e-01
  2874 7.308156e-01
  2875 7.307255e-01
  2876 7.306359e-01
  2877 7.305464e-01
  2878 7.304574e-01
  2879 7.303678e-01
  2880 7.302782e-01
  2881 7.301892e-01
  2882 7.300996e-01
  2883 7.300106e-01
  2884 7.299209e-01
  2885 7.298319e-01
  2886 7.297422e-01
  2887 7.296531e-01
  2888 7.295635e-01
  2889 7.294744e-01
  2890 7.293853e-01
  2891 7.292955e-01
  2892 7.292064e-01
  2893 7.291173e-01
  2894 7.290275e-01
  2895 7.289384e-01
  2896 7.288492e-01
  2897 7.287594e-01
  2898 7.286702e-01
  2899 7.285810e-01
  2900 7.284918e-01
  2901 7.284026e-01
  2902 7.283133e-01
  2903 7.282235e-01
  2904 7.281342e-01
  2905 7.280450e-01
  2906 7.279557e-01
  2907 7.278664e-01
  2908 7.277771e-01
  2909 7.276878e-01
  2910 7.275984e-01
  2911 7.275091e-01
  2912 7.274198e-01
  2913 7.273304e-01
  2914 7.272416e-01
  2915 7.271523e-01
  2916 7.270629e-01
  2917 7.269735e-01
  2918 7.268841e-01
  2919 7.267946e-01
  2920 7.267058e-01
  2921 7.266163e-01
  2922 7.265269e-01
  2923 7.264374e-01
  2924 7.263491e-01
  2925 7.262603e-01
  2926 7.261708e-01
  2927 7.260812e-01
  2928 7.259923e-01
  2929 7.259028e-01
  2930 7.258138e-01
  2931 7.257243e-01
  2932 7.256359e-01
  2933 7.255469e-01
  2934 7.254574e-01
  2935 7.253684e-01
  2936 7.252787e-01
  2937 7.251897e-01
  2938 7.251001e-01
  2939 7.250117e-01
  2940 7.249226e-01
  2941 7.248335e-01
  2942 7.247445e-01
  2943 7.246548e-01
  2944 7.245663e-01
  2945 7.244772e-01
  2946 7.243881e-01
  2947 7.242989e-01
  2948 7.242104e-01
  2949 7.241212e-01
  2950 7.240321e-01
  2951 7.239423e-01
  2952 7.238543e-01
  2953 7.237651e-01
  2954 7.236753e-01
  2955 7.235873e-01
  2956 7.234981e-01
  2957 7.234088e-01
  2958 7.233196e-01
  2959 7.232309e-01
  2960 7.231423e-01
  2961 7.230524e-01
  2962 7.229643e-01
  2963 7.228750e-01
  2964 7.227857e-01
  2965 7.226975e-01
  2966 7.226082e-01
  2967 7.225201e-01
  2968 7.224307e-01
  2969 7.223413e-01
  2970 7.222531e-01
  2971 7.221638e-01
  2972 7.220744e-01
  2973 7.219861e-01
  2974 7.218967e-01
  2975 7.218085e-01
  2976 7.217190e-01
  2977 7.216308e-01
  2978 7.215413e-01
  2979 7.214524e-01
  2980 7.213642e-01
  2981 7.212747e-01
  2982 7.211864e-01
  2983 7.210968e-01
  2984 7.210085e-01
  2985 7.209196e-01
  2986 7.208312e-01
  2987 7.207416e-01
  2988 7.206533e-01
  2989 7.205643e-01
  2990 7.204759e-01
  2991 7.203863e-01
  2992 7.202979e-01
  2993 7.202088e-01
  2994 7.201204e-01
  2995 7.200307e-01
  2996 7.199429e-01
  2997 7.198532e-01
  2998 7.197647e-01
  2999 7.196756e-01
  3000 7.195871e-01
  3001 7.194980e-01
  3002 7.194095e-01
  3003 7.193210e-01
  3004 7.192318e-01
  3005 7.191432e-01
  3006 7.190541e-01
  3007 7.189655e-01
  3008 7.188763e-01
  3009 7.187883e-01
  3010 7.186997e-01
  3011 7.186105e-01
  3012 7.185218e-01
  3013 7.184326e-01
  3014 7.183439e-01
  3015 7.182547e-01
  3016 7.181666e-01
  3017 7.180779e-01
  3018 7.179886e-01
  3019 7.179005e-01
  3020 7.178112e-01
  3021 7.177224e-01
  3022 7.176343e-01
  3023 7.175449e-01
  3024 7.174562e-01
  3025 7.173668e-01
  3026 7.172786e-01
  3027 7.171904e-01
  3028 7.171010e-01
  3029 7.170128e-01
  3030 7.169240e-01
  3031 7.168345e-01
  3032 7.167463e-01
  3033 7.166568e-01
  3034 7.165685e-01
  3035 7.164803e-01
  3036 7.163908e-01
  3037 7.163025e-01
  3038 7.162135e-01
  3039 7.161246e-01
  3040 7.160363e-01
  3041 7.159473e-01
  3042 7.158584e-01
  3043 7.157700e-01
  3044 7.156816e-01
  3045 7.155920e-01
  3046 7.155036e-01
  3047 7.154152e-01
  3048 7.153256e-01
  3049 7.152378e-01
  3050 7.151487e-01
  3051 7.150597e-01
  3052 7.149712e-01
  3053 7.148827e-01
  3054 7.147936e-01
  3055 7.147051e-01
  3056 7.146166e-01
  3057 7.145269e-01
  3058 7.144390e-01
  3059 7.143504e-01
  3060 7.142607e-01
  3061 7.141727e-01
  3062 7.140841e-01
  3063 7.139949e-01
  3064 7.139064e-01
  3065 7.138184e-01
  3066 7.137291e-01
  3067 7.136399e-01
  3068 7.135519e-01
  3069 7.134632e-01
  3070 7.133746e-01
  3071 7.132853e-01
  3072 7.131972e-01
  3073 7.131091e-01
  3074 7.130204e-01
  3075 7.129311e-01
  3076 7.128430e-01
  3077 7.127542e-01
  3078 7.126655e-01
  3079 7.125761e-01
  3080 7.124880e-01
  3081 7.123998e-01
  3082 7.123116e-01
  3083 7.122228e-01
  3084 7.121334e-01
  3085 7.120452e-01
  3086 7.119569e-01
  3087 7.118681e-01
  3088 7.117798e-01
  3089 7.116916e-01
  3090 7.116021e-01
  3091 7.115138e-01
  3092 7.114255e-01
  3093 7.113372e-01
  3094 7.112489e-01
  3095 7.111606e-01
  3096 7.110716e-01
  3097 7.109827e-01
  3098 7.108943e-01
  3099 7.108060e-01
  3100 7.107176e-01
  3101 7.106292e-01
  3102 7.105408e-01
  3103 7.104524e-01
  3104 7.103640e-01
  3105 7.102755e-01
  3106 7.101877e-01
  3107 7.100992e-01
  3108 7.100108e-01
  3109 7.099223e-01
  3110 7.098338e-01
  3111 7.097459e-01
  3112 7.096574e-01
  3113 7.095689e-01
  3114 7.094810e-01
  3115 7.093924e-01
  3116 7.093039e-01
  3117 7.092159e-01
  3118 7.091274e-01
  3119 7.090394e-01
  3120 7.089508e-01
  3121 7.088622e-01
  3122 7.087742e-01
  3123 7.086855e-01
  3124 7.085975e-01
  3125 7.085089e-01
  3126 7.084208e-01
  3127 7.083327e-01
  3128 7.082441e-01
  3129 7.081560e-01
  3130 7.080679e-01
  3131 7.079804e-01
  3132 7.078917e-01
  3133 7.078035e-01
  3134 7.077154e-01
  3135 7.076266e-01
  3136 7.075385e-01
  3137 7.074503e-01
  3138 7.073628e-01
  3139 7.072746e-01
  3140 7.071864e-01
  3141 7.070981e-01
  3142 7.070099e-01
  3143 7.069211e-01
  3144 7.068334e-01
  3145 7.067458e-01
  3146 7.066575e-01
  3147 7.065692e-01
  3148 7.064810e-01
  3149 7.063933e-01
  3150 7.063056e-01
  3151 7.062166e-01
  3152 7.061283e-01
  3153 7.060412e-01
  3154 7.059528e-01
  3155 7.058645e-01
  3156 7.057761e-01
  3157 7.056877e-01
  3158 7.056005e-01
  3159 7.055127e-01
  3160 7.054243e-01
  3161 7.053359e-01
  3162 7.052481e-01
  3163 7.051602e-01
  3164 7.050718e-01
  3165 7.049845e-01
  3166 7.048960e-01
  3167 7.048081e-01
  3168 7.047196e-01
  3169 7.046317e-01
  3170 7.045438e-01
  3171 7.044553e-01
  3172 7.043680e-01
  3173 7.042800e-01
  3174 7.041914e-01
  3175 7.041028e-01
  3176 7.040155e-01
  3177 7.039275e-01
  3178 7.038389e-01
  3179 7.037515e-01
  3180 7.036635e-01
  3181 7.035754e-01
  3182 7.034880e-01
  3183 7.033999e-01
  3184 7.033112e-01
  3185 7.032238e-01
  3186 7.031357e-01
  3187 7.030470e-01
  3188 7.029595e-01
  3189 7.028714e-01
  3190 7.027832e-01
  3191 7.026957e-01
  3192 7.026075e-01
  3193 7.025188e-01
  3194 7.024318e-01
  3195 7.023436e-01
  3196 7.022548e-01
  3197 7.021672e-01
  3198 7.020796e-01
  3199 7.019908e-01
  3200 7.019031e-01
  3201 7.018155e-01
  3202 7.017266e-01
  3203 7.016396e-01
  3204 7.015513e-01
  3205 7.014636e-01
  3206 7.013753e-01
  3207 7.012870e-01
  3208 7.011993e-01
  3209 7.011109e-01
  3210 7.010226e-01
  3211 7.009354e-01
  3212 7.008471e-01
  3213 7.007593e-01
  3214 7.006715e-01
  3215 7.005825e-01
  3216 7.004953e-01
  3217 7.004069e-01
  3218 7.003197e-01
  3219 7.002312e-01
  3220 7.001428e-01
  3221 7.000555e-01
  3222 6.999670e-01
  3223 6.998798e-01
  3224 6.997913e-01
  3225 6.997040e-01
  3226 6.996155e-01
  3227 6.995282e-01
  3228 6.994396e-01
  3229 6.993510e-01
  3230 6.992637e-01
  3231 6.991751e-01
  3232 6.990878e-01
  3233 6.989992e-01
  3234 6.989118e-01
  3235 6.988238e-01
  3236 6.987364e-01
  3237 6.986477e-01
  3238 6.985603e-01
  3239 6.984716e-01
  3240 6.983842e-01
  3241 6.982961e-01
  3242 6.982086e-01
  3243 6.981212e-01
  3244 6.980331e-01
  3245 6.979456e-01
  3246 6.978568e-01
  3247 6.977693e-01
  3248 6.976811e-01
  3249 6.975936e-01
  3250 6.975054e-01
  3251 6.974179e-01
  3252 6.973303e-01
  3253 6.972421e-01
  3254 6.971545e-01
  3255 6.970663e-01
  3256 6.969786e-01
  3257 6.968910e-01
  3258 6.968027e-01
  3259 6.967157e-01
  3260 6.966281e-01
  3261 6.965398e-01
  3262 6.964521e-01
  3263 6.963644e-01
  3264 6.962761e-01
  3265 6.961890e-01
  3266 6.961012e-01
  3267 6.960129e-01
  3268 6.959257e-01
  3269 6.958380e-01
  3270 6.957496e-01
  3271 6.956624e-01
  3272 6.955746e-01
  3273 6.954875e-01
  3274 6.953990e-01
  3275 6.953118e-01
  3276 6.952240e-01
  3277 6.951355e-01
  3278 6.950483e-01
  3279 6.949610e-01
  3280 6.948738e-01
  3281 6.947859e-01
  3282 6.946974e-01
  3283 6.946101e-01
  3284 6.945228e-01
  3285 6.944355e-01
  3286 6.943481e-01
  3287 6.942595e-01
  3288 6.941722e-01
  3289 6.940849e-01
  3290 6.939975e-01
  3291 6.939101e-01
  3292 6.938227e-01
  3293 6.937341e-01
  3294 6.936467e-01
  3295 6.935592e-01
  3296 6.934718e-01
  3297 6.933844e-01
  3298 6.932969e-01
  3299 6.932101e-01
  3300 6.931220e-01
  3301 6.930339e-01
  3302 6.929464e-01
  3303 6.928595e-01
  3304 6.927720e-01
  3305 6.926844e-01
  3306 6.925969e-01
  3307 6.925100e-01
  3308 6.924224e-01
  3309 6.923348e-01
  3310 6.922472e-01
  3311 6.921603e-01
  3312 6.920727e-01
  3313 6.919844e-01
  3314 6.918968e-01
  3315 6.918098e-01
  3316 6.917221e-01
  3317 6.916351e-01
  3318 6.915474e-01
  3319 6.914604e-01
  3320 6.913727e-01
  3321 6.912856e-01
  3322 6.911979e-01
  3323 6.911108e-01
  3324 6.910230e-01
  3325 6.909359e-01
  3326 6.908488e-01
  3327 6.907610e-01
  3328 6.906739e-01
  3329 6.905867e-01
  3330 6.904989e-01
  3331 6.904117e-01
  3332 6.903245e-01
  3333 6.902373e-01
  3334 6.901494e-01
  3335 6.900622e-01
  3336 6.899750e-01
  3337 6.898877e-01
  3338 6.898005e-01
  3339 6.897132e-01
  3340 6.896259e-01
  3341 6.895380e-01
  3342 6.894507e-01
  3343 6.893633e-01
  3344 6.892766e-01
  3345 6.891899e-01
  3346 6.891026e-01
  3347 6.890152e-01
  3348 6.889278e-01
  3349 6.888405e-01
  3350 6.887531e-01
  3351 6.886657e-01
  3352 6.885782e-01
  3353 6.884908e-01
  3354 6.884040e-01
  3355 6.883166e-01
  3356 6.882291e-01
  3357 6.881416e-01
  3358 6.880541e-01
  3359 6.879673e-01
  3360 6.878810e-01
  3361 6.877935e-01
  3362 6.877060e-01
  3363 6.876184e-01
  3364 6.875315e-01
  3365 6.874440e-01
  3366 6.873564e-01
  3367 6.872694e-01
  3368 6.871818e-01
  3369 6.870949e-01
  3370 6.870085e-01
  3371 6.869209e-01
  3372 6.868339e-01
  3373 6.867462e-01
  3374 6.866586e-01
  3375 6.865715e-01
  3376 6.864838e-01
  3377 6.863974e-01
  3378 6.863103e-01
  3379 6.862233e-01
  3380 6.861355e-01
  3381 6.860484e-01
  3382 6.859613e-01
  3383 6.858742e-01
  3384 6.857877e-01
  3385 6.856999e-01
  3386 6.856127e-01
  3387 6.855256e-01
  3388 6.854390e-01
  3389 6.853518e-01
  3390 6.852646e-01
  3391 6.851774e-01
  3392 6.850895e-01
  3393 6.850029e-01
  3394 6.849163e-01
  3395 6.848284e-01
  3396 6.847412e-01
  3397 6.846545e-01
  3398 6.845679e-01
  3399 6.844805e-01
  3400 6.843926e-01
  3401 6.843065e-01
  3402 6.842192e-01
  3403 6.841319e-01
  3404 6.840445e-01
  3405 6.839578e-01
  3406 6.838710e-01
  3407 6.837836e-01
  3408 6.836969e-01
  3409 6.836101e-01
  3410 6.835220e-01
  3411 6.834359e-01
  3412 6.833490e-01
  3413 6.832609e-01
  3414 6.831747e-01
  3415 6.830879e-01
  3416 6.830004e-01
  3417 6.829135e-01
  3418 6.828267e-01
  3419 6.827398e-01
  3420 6.826529e-01
  3421 6.825653e-01
  3422 6.824790e-01
  3423 6.823915e-01
  3424 6.823052e-01
  3425 6.822182e-01
  3426 6.821306e-01
  3427 6.820443e-01
  3428 6.819566e-01
  3429 6.818703e-01
  3430 6.817833e-01
  3431 6.816969e-01
  3432 6.816092e-01
  3433 6.815228e-01
  3434 6.814358e-01
  3435 6.813493e-01
  3436 6.812623e-01
  3437 6.811758e-01
  3438 6.810881e-01
  3439 6.810016e-01
  3440 6.809145e-01
  3441 6.808280e-01
  3442 6.807408e-01
  3443 6.806543e-01
  3444 6.805672e-01
  3445 6.804806e-01
  3446 6.803934e-01
  3447 6.803069e-01
  3448 6.802197e-01
  3449 6.801331e-01
  3450 6.800471e-01
  3451 6.799593e-01
  3452 6.798733e-01
  3453 6.797860e-01
  3454 6.796994e-01
  3455 6.796127e-01
  3456 6.795254e-01
  3457 6.794394e-01
  3458 6.793521e-01
  3459 6.792654e-01
  3460 6.791793e-01
  3461 6.790920e-01
  3462 6.790053e-01
  3463 6.789179e-01
  3464 6.788318e-01
  3465 6.787450e-01
  3466 6.786583e-01
  3467 6.785715e-01
  3468 6.784853e-01
  3469 6.783979e-01
  3470 6.783111e-01
  3471 6.782249e-01
  3472 6.781374e-01
  3473 6.780512e-01
  3474 6.779650e-01
  3475 6.778788e-01
  3476 6.777913e-01
  3477 6.777050e-01
  3478 6.776187e-01
  3479 6.775312e-01
  3480 6.774449e-01
  3481 6.773586e-01
  3482 6.772710e-01
  3483 6.771847e-01
  3484 6.770984e-01
  3485 6.770121e-01
  3486 6.769244e-01
  3487 6.768381e-01
  3488 6.767517e-01
  3489 6.766653e-01
  3490 6.765776e-01
  3491 6.764919e-01
  3492 6.764055e-01
  3493 6.763190e-01
  3494 6.762313e-01
  3495 6.761449e-01
  3496 6.760584e-01
  3497 6.759726e-01
  3498 6.758848e-01
  3499 6.757983e-01
  3500 6.757125e-01
  3501 6.756260e-01
  3502 6.755382e-01
  3503 6.754523e-01
  3504 6.753657e-01
  3505 6.752792e-01
  3506 6.751920e-01
  3507 6.751054e-01
  3508 6.750194e-01
  3509 6.749328e-01
  3510 6.748462e-01
  3511 6.747589e-01
  3512 6.746730e-01
  3513 6.745863e-01
  3514 6.745003e-01
  3515 6.744136e-01
  3516 6.743263e-01
  3517 6.742396e-01
  3518 6.741536e-01
  3519 6.740669e-01
  3520 6.739808e-01
  3521 6.738940e-01
  3522 6.738067e-01
  3523 6.737205e-01
  3524 6.736344e-01
  3525 6.735476e-01
  3526 6.734615e-01
  3527 6.733747e-01
  3528 6.732879e-01
  3529 6.732011e-01
  3530 6.731149e-01
  3531 6.730287e-01
  3532 6.729425e-01
  3533 6.728556e-01
  3534 6.727694e-01
  3535 6.726831e-01
  3536 6.725956e-01
  3537 6.725093e-01
  3538 6.724230e-01
  3539 6.723368e-01
  3540 6.722505e-01
  3541 6.721641e-01
  3542 6.720772e-01
  3543 6.719908e-01
  3544 6.719045e-01
  3545 6.718182e-01
  3546 6.717318e-01
  3547 6.716454e-01
  3548 6.715584e-01
  3549 6.714720e-01
  3550 6.713856e-01
  3551 6.712992e-01
  3552 6.712127e-01
  3553 6.711263e-01
  3554 6.710398e-01
  3555 6.709534e-01
  3556 6.708675e-01
  3557 6.707811e-01
  3558 6.706946e-01
  3559 6.706080e-01
  3560 6.705215e-01
  3561 6.704356e-01
  3562 6.703491e-01
  3563 6.702625e-01
  3564 6.701760e-01
  3565 6.700901e-01
  3566 6.700035e-01
  3567 6.699175e-01
  3568 6.698316e-01
  3569 6.697456e-01
  3570 6.696590e-01
  3571 6.695723e-01
  3572 6.694863e-01
  3573 6.693997e-01
  3574 6.693136e-01
  3575 6.692269e-01
  3576 6.691409e-01
  3577 6.690542e-01
  3578 6.689681e-01
  3579 6.688827e-01
  3580 6.687959e-01
  3581 6.687098e-01
  3582 6.686231e-01
  3583 6.685370e-01
  3584 6.684508e-01
  3585 6.683653e-01
  3586 6.682785e-01
  3587 6.681923e-01
  3588 6.681062e-01
  3589 6.680193e-01
  3590 6.679338e-01
  3591 6.678482e-01
  3592 6.677613e-01
  3593 6.676751e-01
  3594 6.675895e-01
  3595 6.675032e-01
  3596 6.674170e-01
  3597 6.673307e-01
  3598 6.672444e-01
  3599 6.671588e-01
  3600 6.670724e-01
  3601 6.669861e-01
  3602 6.669004e-01
  3603 6.668147e-01
  3604 6.667277e-01
  3605 6.666420e-01
  3606 6.665563e-01
  3607 6.664699e-01
  3608 6.663835e-01
  3609 6.662977e-01
  3610 6.662120e-01
  3611 6.661249e-01
  3612 6.660391e-01
  3613 6.659539e-01
  3614 6.658668e-01
  3615 6.657810e-01
  3616 6.656958e-01
  3617 6.656086e-01
  3618 6.655234e-01
  3619 6.654369e-01
  3620 6.653510e-01
  3621 6.652658e-01
  3622 6.651786e-01
  3623 6.650933e-01
  3624 6.650074e-01
  3625 6.649215e-01
  3626 6.648355e-01
  3627 6.647489e-01
  3628 6.646636e-01
  3629 6.645776e-01
  3630 6.644916e-01
  3631 6.644056e-01
  3632 6.643189e-01
  3633 6.642336e-01
  3634 6.641475e-01
  3635 6.640615e-01
  3636 6.639754e-01
  3637 6.638900e-01
  3638 6.638039e-01
  3639 6.637172e-01
  3640 6.636317e-01
  3641 6.635456e-01
  3642 6.634602e-01
  3643 6.633740e-01
  3644 6.632879e-01
  3645 6.632024e-01
  3646 6.631162e-01
  3647 6.630300e-01
  3648 6.629445e-01
  3649 6.628583e-01
  3650 6.627727e-01
  3651 6.626865e-01
  3652 6.626009e-01
  3653 6.625147e-01
  3654 6.624291e-01
  3655 6.623434e-01
  3656 6.622578e-01
  3657 6.621715e-01
  3658 6.620859e-01
  3659 6.619996e-01
  3660 6.619139e-01
  3661 6.618276e-01
  3662 6.617419e-01
  3663 6.616562e-01
  3664 6.615705e-01
  3665 6.614841e-01
  3666 6.613983e-01
  3667 6.613126e-01
  3668 6.612268e-01
  3669 6.611404e-01
  3670 6.610553e-01
  3671 6.609688e-01
  3672 6.608830e-01
  3673 6.607972e-01
  3674 6.607114e-01
  3675 6.606262e-01
  3676 6.605397e-01
  3677 6.604545e-01
  3678 6.603680e-01
  3679 6.602828e-01
  3680 6.601962e-01
  3681 6.601110e-01
  3682 6.600257e-01
  3683 6.599391e-01
  3684 6.598539e-01
  3685 6.597673e-01
  3686 6.596820e-01
  3687 6.595967e-01
  3688 6.595100e-01
  3689 6.594247e-01
  3690 6.593387e-01
  3691 6.592527e-01
  3692 6.591673e-01
  3693 6.590813e-01
  3694 6.589959e-01
  3695 6.589105e-01
  3696 6.588238e-01
  3697 6.587383e-01
  3698 6.586522e-01
  3699 6.585668e-01
  3700 6.584813e-01
  3701 6.583952e-01
  3702 6.583097e-01
  3703 6.582243e-01
  3704 6.581381e-01
  3705 6.580526e-01
  3706 6.579671e-01
  3707 6.578815e-01
  3708 6.577953e-01
  3709 6.577098e-01
  3710 6.576249e-01
  3711 6.575380e-01
  3712 6.574524e-01
  3713 6.573675e-01
  3714 6.572819e-01
  3715 6.571956e-01
  3716 6.571099e-01
  3717 6.570250e-01
  3718 6.569393e-01
  3719 6.568530e-01
  3720 6.567673e-01
  3721 6.566823e-01
  3722 6.565966e-01
  3723 6.565102e-01
  3724 6.564252e-01
  3725 6.563394e-01
  3726 6.562544e-01
  3727 6.561686e-01
  3728 6.560835e-01
  3729 6.559971e-01
  3730 6.559119e-01
  3731 6.558261e-01
  3732 6.557410e-01
  3733 6.556558e-01
  3734 6.555700e-01
  3735 6.554835e-01
  3736 6.553983e-01
  3737 6.553131e-01
  3738 6.552279e-01
  3739 6.551420e-01
  3740 6.550568e-01
  3741 6.549715e-01
  3742 6.548863e-01
  3743 6.548003e-01
  3744 6.547151e-01
  3745 6.546291e-01
  3746 6.545431e-01
  3747 6.544578e-01
  3748 6.543725e-01
  3749 6.542872e-01
  3750 6.542018e-01
  3751 6.541165e-01
  3752 6.540311e-01
  3753 6.539457e-01
  3754 6.538603e-01
  3755 6.537749e-01
  3756 6.536895e-01
  3757 6.536041e-01
  3758 6.535187e-01
  3759 6.534332e-01
  3760 6.533478e-01
  3761 6.532623e-01
  3762 6.531768e-01
  3763 6.530920e-01
  3764 6.530065e-01
  3765 6.529210e-01
  3766 6.528355e-01
  3767 6.527499e-01
  3768 6.526657e-01
  3769 6.525802e-01
  3770 6.524946e-01
  3771 6.524097e-01
  3772 6.523241e-01
  3773 6.522385e-01
  3774 6.521536e-01
  3775 6.520679e-01
  3776 6.519823e-01
  3777 6.518973e-01
  3778 6.518117e-01
  3779 6.517273e-01
  3780 6.516417e-01
  3781 6.515566e-01
  3782 6.514709e-01
  3783 6.513859e-01
  3784 6.513002e-01
  3785 6.512151e-01
  3786 6.511293e-01
  3787 6.510449e-01
  3788 6.509598e-01
  3789 6.508741e-01
  3790 6.507889e-01
  3791 6.507031e-01
  3792 6.506180e-01
  3793 6.505335e-01
  3794 6.504483e-01
  3795 6.503625e-01
  3796 6.502773e-01
  3797 6.501921e-01
  3798 6.501076e-01
  3799 6.500223e-01
  3800 6.499364e-01
  3801 6.498512e-01
  3802 6.497659e-01
  3803 6.496813e-01
  3804 6.495961e-01
  3805 6.495108e-01
  3806 6.494248e-01
  3807 6.493402e-01
  3808 6.492555e-01
  3809 6.491702e-01
  3810 6.490841e-01
  3811 6.489995e-01
  3812 6.489148e-01
  3813 6.488294e-01
  3814 6.487440e-01
  3815 6.486586e-01
  3816 6.485732e-01
  3817 6.484884e-01
  3818 6.484030e-01
  3819 6.483176e-01
  3820 6.482328e-01
  3821 6.481480e-01
  3822 6.480625e-01
  3823 6.479770e-01
  3824 6.478928e-01
  3825 6.478073e-01
  3826 6.477218e-01
  3827 6.476369e-01
  3828 6.475521e-01
  3829 6.474665e-01
  3830 6.473816e-01
  3831 6.472967e-01
  3832 6.472111e-01
  3833 6.471255e-01
  3834 6.470406e-01
  3835 6.469563e-01
  3836 6.468707e-01
  3837 6.467857e-01
  3838 6.467007e-01
  3839 6.466150e-01
  3840 6.465300e-01
  3841 6.464457e-01
  3842 6.463600e-01
  3843 6.462749e-01
  3844 6.461905e-01
  3845 6.461048e-01
  3846 6.460197e-01
  3847 6.459353e-01
  3848 6.458496e-01
  3849 6.457644e-01
  3850 6.456793e-01
  3851 6.455949e-01
  3852 6.455097e-01
  3853 6.454246e-01
  3854 6.453394e-01
  3855 6.452549e-01
  3856 6.451697e-01
  3857 6.450852e-01
  3858 6.449993e-01
  3859 6.449141e-01
  3860 6.448295e-01
  3861 6.447443e-01
  3862 6.446597e-01
  3863 6.445745e-01
  3864 6.444898e-01
  3865 6.444046e-01
  3866 6.443193e-01
  3867 6.442346e-01
  3868 6.441500e-01
  3869 6.440647e-01
  3870 6.439800e-01
  3871 6.438953e-01
  3872 6.438099e-01
  3873 6.437252e-01
  3874 6.436405e-01
  3875 6.435551e-01
  3876 6.434704e-01
  3877 6.433856e-01
  3878 6.433009e-01
  3879 6.432161e-01
  3880 6.431307e-01
  3881 6.430459e-01
  3882 6.429611e-01
  3883 6.428769e-01
  3884 6.427921e-01
  3885 6.427073e-01
  3886 6.426218e-01
  3887 6.425376e-01
  3888 6.424520e-01
  3889 6.423672e-01
  3890 6.422829e-01
  3891 6.421980e-01
  3892 6.421131e-01
  3893 6.420282e-01
  3894 6.419433e-01
  3895 6.418597e-01
  3896 6.417740e-01
  3897 6.416891e-01
  3898 6.416054e-01
  3899 6.415198e-01
  3900 6.414355e-01
  3901 6.413511e-01
  3902 6.412661e-01
  3903 6.411811e-01
  3904 6.410974e-01
  3905 6.410116e-01
  3906 6.409272e-01
  3907 6.408428e-01
  3908 6.407577e-01
  3909 6.406733e-01
  3910 6.405889e-01
  3911 6.405044e-01
  3912 6.404193e-01
  3913 6.403348e-01
  3914 6.402504e-01
  3915 6.401659e-01
  3916 6.400807e-01
  3917 6.399962e-01
  3918 6.399116e-01
  3919 6.398278e-01
  3920 6.397426e-01
  3921 6.396580e-01
  3922 6.395734e-01
  3923 6.394889e-01
  3924 6.394050e-01
  3925 6.393197e-01
  3926 6.392351e-01
  3927 6.391511e-01
  3928 6.390665e-01
  3929 6.389818e-01
  3930 6.388979e-01
  3931 6.388125e-01
  3932 6.387278e-01
  3933 6.386438e-01
  3934 6.385591e-01
  3935 6.384751e-01
  3936 6.383910e-01
  3937 6.383056e-01
  3938 6.382209e-01
  3939 6.381368e-01
  3940 6.380527e-01
  3941 6.379679e-01
  3942 6.378838e-01
  3943 6.377997e-01
  3944 6.377149e-01
  3945 6.376307e-01
  3946 6.375452e-01
  3947 6.374611e-01
  3948 6.373769e-01
  3949 6.372920e-01
  3950 6.372078e-01
  3951 6.371236e-01
  3952 6.370394e-01
  3953 6.369552e-01
  3954 6.368709e-01
  3955 6.367860e-01
  3956 6.367017e-01
  3957 6.366174e-01
  3958 6.365331e-01
  3959 6.364482e-01
  3960 6.363639e-01
  3961 6.362795e-01
  3962 6.361952e-01
  3963 6.361109e-01
  3964 6.360265e-01
  3965 6.359421e-01
  3966 6.358578e-01
  3967 6.357734e-01
  3968 6.356890e-01
  3969 6.356046e-01
  3970 6.355201e-01
  3971 6.354357e-01
  3972 6.353513e-01
  3973 6.352668e-01
  3974 6.351830e-01
  3975 6.350986e-01
  3976 6.350141e-01
  3977 6.349296e-01
  3978 6.348451e-01
  3979 6.347612e-01
  3980 6.346767e-01
  3981 6.345921e-01
  3982 6.345076e-01
  3983 6.344237e-01
  3984 6.343391e-01
  3985 6.342545e-01
  3986 6.341706e-01
  3987 6.340860e-01
  3988 6.340014e-01
  3989 6.339174e-01
  3990 6.338328e-01
  3991 6.337495e-01
  3992 6.336648e-01
  3993 6.335809e-01
  3994 6.334962e-01
  3995 6.334121e-01
  3996 6.333274e-01
  3997 6.332434e-01
  3998 6.331587e-01
  3999 6.330746e-01
  4000 6.329898e-01
 