     0 1.000000e+00
     1 9.999960e-01
     2 9.999960e-01
     3 9.999920e-01
     4 9.999880e-01
     5 9.999800e-01
     6 9.999720e-01
     7 9.999640e-01
     8 9.999519e-01
     9 9.999439e-01
    10 9.999279e-01
    11 9.999159e-01
    12 9.998999e-01
    13 9.998798e-01
    14 9.998638e-01
    15 9.998438e-01
    16 9.998198e-01
    17 9.997997e-01
    18 9.997757e-01
    19 9.997477e-01
    20 9.997236e-01
    21 9.996956e-01
    22 9.996635e-01
    23 9.996355e-01
    24 9.996034e-01
    25 9.995714e-01
    26 9.995353e-01
    27 9.994993e-01
    28 9.994632e-01
    29 9.994271e-01
    30 9.993871e-01
    31 9.993470e-01
    32 9.993069e-01
    33 9.992628e-01
    34 9.992187e-01
    35 9.991746e-01
    36 9.991306e-01
    37 9.990824e-01
    38 9.990343e-01
    39 9.989862e-01
    40 9.989341e-01
    41 9.988860e-01
    42 9.988339e-01
    43 9.987818e-01
    44 9.987256e-01
    45 9.986735e-01
    46 9.986173e-01
    47 9.985612e-01
    48 9.985010e-01
    49 9.984449e-01
    50 9.983847e-01
    51 9.983245e-01
    52 9.982644e-01
    53 9.982042e-01
    54 9.981400e-01
    55 9.980798e-01
    56 9.980156e-01
    57 9.979514e-01
    58 9.978832e-01
    59 9.978189e-01
    60 9.977547e-01
    61 9.976865e-01
    62 9.976182e-01
    63 9.975500e-01
    64 9.974817e-01
    65 9.974135e-01
    66 9.973452e-01
    67 9.972729e-01
    68 9.972047e-01
    69 9.971324e-01
    70 9.970601e-01
    71 9.969918e-01
    72 9.969195e-01
    73 9.968431e-01
    74 9.967708e-01
    75 9.966985e-01
    76 9.966262e-01
    77 9.965498e-01
    78 9.964775e-01
    79 9.964051e-01
    80 9.963287e-01
    81 9.962524e-01
    82 9.961800e-01
    83 9.961036e-01
    84 9.960272e-01
    85 9.959548e-01
    86 9.958784e-01
    87 9.958020e-01
    88 9.957256e-01
    89 9.956492e-01
    90 9.955728e-01
    91 9.954963e-01
    92 9.954199e-01
    93 9.953434e-01
    94 9.952670e-01
    95 9.951905e-01
    96 9.951141e-01
    97 9.950376e-01
    98 9.949611e-01
    99 9.948846e-01
   100 9.948081e-01
   101 9.947316e-01
   102 9.946551e-01
   103 9.945827e-01
   104 9.945062e-01
   105 9.944296e-01
   106 9.943531e-01
   107 9.942766e-01
   108 9.942001e-01
   109 9.941275e-01
   110 9.940510e-01
   111 9.939744e-01
   112 9.938979e-01
   113 9.938254e-01
   114 9.937488e-01
   115 9.936762e-01
   116 9.935997e-01
   117 9.935271e-01
   118 9.934505e-01
   119 9.933779e-01
   120 9.933054e-01
   121 9.932288e-01
   122 9.931562e-01
   123 9.930836e-01
   124 9.930110e-01
   125 9.929384e-01
   126 9.928618e-01
   127 9.927892e-01
   128 9.927206e-01
   129 9.926479e-01
   130 9.925753e-01
   131 9.925027e-01
   132 9.924301e-01
   133 9.923574e-01
   134 9.922888e-01
   135 9.922162e-01
   136 9.921435e-01
   137 9.920749e-01
   138 9.920022e-01
   139 9.919336e-01
   140 9.918649e-01
   141 9.917922e-01
   142 9.917236e-01
   143 9.916549e-01
   144 9.915822e-01
   145 9.915136e-01
   146 9.914449e-01
   147 9.913762e-01
   148 9.913076e-01
   149 9.912389e-01
   150 9.911702e-01
   151 9.911015e-01
   152 9.910328e-01
   153 9.909641e-01
   154 9.908954e-01
   155 9.908267e-01
   156 9.907580e-01
   157 9.906892e-01
   158 9.906205e-01
   159 9.905558e-01
   160 9.904871e-01
   161 9.904183e-01
   162 9.903496e-01
   163 9.902849e-01
   164 9.902161e-01
   165 9.901474e-01
   166 9.900827e-01
   167 9.900139e-01
   168 9.899451e-01
   169 9.898804e-01
   170 9.898116e-01
   171 9.897428e-01
   172 9.896781e-01
   173 9.896093e-01
   174 9.895445e-01
   175 9.894757e-01
   176 9.894069e-01
   177 9.893421e-01
   178 9.892733e-01
   179 9.892085e-01
   180 9.891397e-01
   181 9.890709e-01
   182 9.890061e-01
   183 9.889373e-01
   184 9.888725e-01
   185 9.888036e-01
   186 9.887347e-01
   187 9.886699e-01
   188 9.886011e-01
   189 9.885322e-01
   190 9.884674e-01
   191 9.883985e-01
   192 9.883296e-01
   193 9.882607e-01
   194 9.881918e-01
   195 9.881270e-01
   196 9.880581e-01
   197 9.879892e-01
   198 9.879202e-01
   199 9.878513e-01
   200 9.877865e-01
   201 9.877175e-01
   202 9.876486e-01
   203 9.875797e-01
   204 9.875107e-01
   205 9.874418e-01
   206 9.873728e-01
   207 9.873039e-01
   208 9.872349e-01
   209 9.871659e-01
   210 9.870970e-01
   211 9.870280e-01
   212 9.869590e-01
   213 9.868860e-01
   214 9.868170e-01
   215 9.867480e-01
   216 9.866790e-01
   217 9.866059e-01
   218 9.865369e-01
   219 9.864679e-01
   220 9.863989e-01
   221 9.863258e-01
   222 9.862567e-01
   223 9.861877e-01
   224 9.861146e-01
   225 9.860456e-01
   226 9.859765e-01
   227 9.859034e-01
   228 9.858343e-01
   229 9.857612e-01
   230 9.856921e-01
   231 9.856190e-01
   232 9.855499e-01
   233 9.854768e-01
   234 9.854077e-01
   235 9.853345e-01
   236 9.852654e-01
   237 9.851923e-01
   238 9.851191e-01
   239 9.850500e-01
   240 9.849768e-01
   241 9.849077e-01
   242 9.848345e-01
   243 9.847613e-01
   244 9.846921e-01
   245 9.846189e-01
   246 9.845457e-01
   247 9.844765e-01
   248 9.844033e-01
   249 9.843301e-01
   250 9.842609e-01
   251 9.841877e-01
   252 9.841144e-01
   253 9.840452e-01
   254 9.839720e-01
   255 9.838987e-01
   256 9.838295e-01
   257 9.837562e-01
   258 9.836829e-01
   259 9.836137e-01
   260 9.835404e-01
   261 9.834671e-01
   262 9.833979e-01
   263 9.833246e-01
   264 9.832554e-01
   265 9.831820e-01
   266 9.831087e-01
   267 9.830395e-01
   268 9.829661e-01
   269 9.828928e-01
   270 9.828235e-01
   271 9.827502e-01
   272 9.826809e-01
   273 9.826075e-01
   274 9.825382e-01
   275 9.824648e-01
   276 9.823955e-01
   277 9.823222e-01
   278 9.822528e-01
   279 9.821795e-01
   280 9.821101e-01
   281 9.820367e-01
   282 9.819674e-01
   283 9.818940e-01
   284 9.818246e-01
   285 9.817553e-01
   286 9.816819e-01
   287 9.816125e-01
   288 9.815391e-01
   289 9.814697e-01
   290 9.814003e-01
   291 9.813269e-01
   292 9.812575e-01
   293 9.811881e-01
   294 9.811187e-01
   295 9.810452e-01
   296 9.809758e-01
   297 9.809064e-01
   298 9.808370e-01
   299 9.807635e-01
   300 9.806941e-01
   301 9.806247e-01
   302 9.805552e-01
   303 9.804858e-01
   304 9.804163e-01
   305 9.803428e-01
   306 9.802734e-01
   307 9.802039e-01
   308 9.801344e-01
   309 9.800650e-01
   310 9.799955e-01
   311 9.799260e-01
   312 9.798566e-01
   313 9.797871e-01
   314 9.797176e-01
   315 9.796481e-01
   316 9.795786e-01
   317 9.795091e-01
   318 9.794396e-01
   319 9.793700e-01
   320 9.793005e-01
   321 9.792310e-01
   322 9.791615e-01
   323 9.790919e-01
   324 9.790224e-01
   325 9.789529e-01
   326 9.788833e-01
   327 9.788137e-01
   328 9.787442e-01
   329 9.786787e-01
   330 9.786051e-01
   331 9.785396e-01
   332 9.784700e-01
   333 9.784004e-01
   334 9.783308e-01
   335 9.782612e-01
   336 9.781916e-01
   337 9.781220e-01
   338 9.780524e-01
   339 9.779828e-01
   340 9.779132e-01
   341 9.778436e-01
   342 9.777739e-01
   343 9.777043e-01
   344 9.776387e-01
   345 9.775650e-01
   346 9.774954e-01
   347 9.774257e-01
   348 9.773601e-01
   349 9.772905e-01
   350 9.772208e-01
   351 9.771511e-01
   352 9.770815e-01
   353 9.770118e-01
   354 9.769421e-01
   355 9.768724e-01
   356 9.768027e-01
   357 9.767330e-01
   358 9.766633e-01
   359 9.765936e-01
   360 9.765239e-01
   361 9.764500e-01
   362 9.763803e-01
   363 9.763106e-01
   364 9.762408e-01
   365 9.761711e-01
   366 9.761013e-01
   367 9.760316e-01
   368 9.759618e-01
   369 9.758921e-01
   370 9.758223e-01
   371 9.757484e-01
   372 9.756786e-01
   373 9.756089e-01
   374 9.755391e-01
   375 9.754693e-01
   376 9.753995e-01
   377 9.753256e-01
   378 9.752558e-01
   379 9.751859e-01
   380 9.751161e-01
   381 9.750463e-01
   382 9.749765e-01
   383 9.749025e-01
   384 9.748327e-01
   385 9.747628e-01
   386 9.746889e-01
   387 9.746190e-01
   388 9.745492e-01
   389 9.744793e-01
   390 9.744053e-01
   391 9.743355e-01
   392 9.742656e-01
   393 9.741916e-01
   394 9.741217e-01
   395 9.740518e-01
   396 9.739778e-01
   397 9.739079e-01
   398 9.738380e-01
   399 9.737639e-01
   400 9.736940e-01
   401 9.736241e-01
   402 9.735542e-01
   403 9.734801e-01
   404 9.734102e-01
   405 9.733361e-01
   406 9.732662e-01
   407 9.731962e-01
   408 9.731221e-01
   409 9.730522e-01
   410 9.729822e-01
   411 9.729081e-01
   412 9.728381e-01
   413 9.727681e-01
   414 9.726940e-01
   415 9.726240e-01
   416 9.725540e-01
   417 9.724799e-01
   418 9.724099e-01
   419 9.723399e-01
   420 9.722657e-01
   421 9.721957e-01
   422 9.721256e-01
   423 9.720515e-01
   424 9.719814e-01
   425 9.719114e-01
   426 9.718372e-01
   427 9.717672e-01
   428 9.716971e-01
   429 9.716270e-01
   430 9.715528e-01
   431 9.714828e-01
   432 9.714127e-01
   433 9.713385e-01
   434 9.712684e-01
   435 9.711983e-01
   436 9.711282e-01
   437 9.710539e-01
   438 9.709838e-01
   439 9.709137e-01
   440 9.708436e-01
   441 9.707734e-01
   442 9.706992e-01
   443 9.706290e-01
   444 9.705589e-01
   445 9.704887e-01
   446 9.704186e-01
   447 9.703443e-01
   448 9.702741e-01
   449 9.702039e-01
   450 9.701338e-01
   451 9.700636e-01
   452 9.699934e-01
   453 9.699232e-01
   454 9.698530e-01
   455 9.697787e-01
   456 9.697085e-01
   457 9.696382e-01
   458 9.695680e-01
   459 9.694978e-01
   460 9.694276e-01
   461 9.693573e-01
   462 9.692871e-01
   463 9.692169e-01
   464 9.691466e-01
   465 9.690764e-01
   466 9.690061e-01
   467 9.689358e-01
   468 9.688656e-01
   469 9.687953e-01
   470 9.687250e-01
   471 9.686547e-01
   472 9.685844e-01
   473 9.685141e-01
   474 9.684438e-01
   475 9.683735e-01
   476 9.683032e-01
   477 9.682329e-01
   478 9.681626e-01
   479 9.680923e-01
   480 9.680219e-01
   481 9.679516e-01
   482 9.678813e-01
   483 9.678109e-01
   484 9.677406e-01
   485 9.676702e-01
   486 9.675998e-01
   487 9.675295e-01
   488 9.674591e-01
   489 9.673929e-01
   490 9.673225e-01
   491 9.672521e-01
   492 9.671817e-01
   493 9.671113e-01
   494 9.670409e-01
   495 9.669705e-01
   496 9.669001e-01
   497 9.668297e-01
   498 9.667593e-01
   499 9.666888e-01
   500 9.666184e-01
   501 9.665480e-01
   502 9.664775e-01
   503 9.664071e-01
   504 9.663366e-01
   505 9.662703e-01
   506 9.661998e-01
   507 9.661294e-01
   508 9.660589e-01
   509 9.659884e-01
   510 9.659179e-01
   511 9.658474e-01
   512 9.657770e-01
   513 9.657065e-01
   514 9.656359e-01
   515 9.655654e-01
   516 9.654949e-01
   517 9.654244e-01
   518 9.653539e-01
   519 9.652833e-01
   520 9.652128e-01
   521 9.651423e-01
   522 9.650717e-01
   523 9.650012e-01
   524 9.649306e-01
   525 9.648601e-01
   526 9.647895e-01
   527 9.647189e-01
   528 9.646483e-01
   529 9.645736e-01
   530 9.645030e-01
   531 9.644324e-01
   532 9.643618e-01
   533 9.642912e-01
   534 9.642206e-01
   535 9.641500e-01
   536 9.640794e-01
   537 9.640088e-01
   538 9.639381e-01
   539 9.638675e-01
   540 9.637969e-01
   541 9.637221e-01
   542 9.636514e-01
   543 9.635808e-01
   544 9.635101e-01
   545 9.634394e-01
   546 9.633688e-01
   547 9.632981e-01
   548 9.632274e-01
   549 9.631567e-01
   550 9.630819e-01
   551 9.630112e-01
   552 9.629405e-01
   553 9.628698e-01
   554 9.627991e-01
   555 9.627283e-01
   556 9.626535e-01
   557 9.625827e-01
   558 9.625120e-01
   559 9.624413e-01
   560 9.623705e-01
   561 9.622998e-01
   562 9.622249e-01
   563 9.621541e-01
   564 9.620833e-01
   565 9.620126e-01
   566 9.619418e-01
   567 9.618710e-01
   568 9.618002e-01
   569 9.617253e-01
   570 9.616545e-01
   571 9.615837e-01
   572 9.615129e-01
   573 9.614421e-01
   574 9.613712e-01
   575 9.613004e-01
   576 9.612296e-01
   577 9.611546e-01
   578 9.610838e-01
   579 9.610129e-01
   580 9.609421e-01
   581 9.608712e-01
   582 9.608003e-01
   583 9.607295e-01
   584 9.606586e-01
   585 9.605836e-01
   586 9.605127e-01
   587 9.604418e-01
   588 9.603709e-01
   589 9.603000e-01
   590 9.602291e-01
   591 9.601582e-01
   592 9.600873e-01
   593 9.600164e-01
   594 9.599455e-01
   595 9.598704e-01
   596 9.598036e-01
   597 9.597327e-01
   598 9.596575e-01
   599 9.595866e-01
   600 9.595156e-01
   601 9.594447e-01
   602 9.593737e-01
   603 9.593027e-01
   604 9.592318e-01
   605 9.591608e-01
   606 9.590898e-01
   607 9.590188e-01
   608 9.589478e-01
   609 9.588768e-01
   610 9.588058e-01
   611 9.587348e-01
   612 9.586638e-01
   613 9.585928e-01
   614 9.585217e-01
   615 9.584549e-01
   616 9.583838e-01
   617 9.583128e-01
   618 9.582418e-01
   619 9.581707e-01
   620 9.580996e-01
   621 9.580286e-01
   622 9.579575e-01
   623 9.578864e-01
   624 9.578154e-01
   625 9.577443e-01
   626 9.576732e-01
   627 9.576063e-01
   628 9.575352e-01
   629 9.574641e-01
   630 9.573929e-01
   631 9.573218e-01
   632 9.572507e-01
   633 9.571796e-01
   634 9.571084e-01
   635 9.570415e-01
   636 9.569704e-01
   637 9.568992e-01
   638 9.568281e-01
   639 9.567569e-01
   640 9.566857e-01
   641 9.566146e-01
   642 9.565476e-01
   643 9.564764e-01
   644 9.564052e-01
   645 9.563340e-01
   646 9.562628e-01
   647 9.561916e-01
   648 9.561246e-01
   649 9.560534e-01
   650 9.559822e-01
   651 9.559110e-01
   652 9.558397e-01
   653 9.557685e-01
   654 9.557015e-01
   655 9.556302e-01
   656 9.555590e-01
   657 9.554877e-01
   658 9.554165e-01
   659 9.553452e-01
   660 9.552739e-01
   661 9.552068e-01
   662 9.551356e-01
   663 9.550643e-01
   664 9.549930e-01
   665 9.549217e-01
   666 9.548504e-01
   667 9.547833e-01
   668 9.547120e-01
   669 9.546406e-01
   670 9.545693e-01
   671 9.544980e-01
   672 9.544267e-01
   673 9.543553e-01
   674 9.542840e-01
   675 9.542168e-01
   676 9.541455e-01
   677 9.540741e-01
   678 9.540028e-01
   679 9.539314e-01
   680 9.538600e-01
   681 9.537886e-01
   682 9.537173e-01
   683 9.536459e-01
   684 9.535787e-01
   685 9.535031e-01
   686 9.534359e-01
   687 9.533644e-01
   688 9.532930e-01
   689 9.532216e-01
   690 9.531502e-01
   691 9.530787e-01
   692 9.530073e-01
   693 9.529359e-01
   694 9.528644e-01
   695 9.527930e-01
   696 9.527215e-01
   697 9.526500e-01
   698 9.525786e-01
   699 9.525113e-01
   700 9.524398e-01
   701 9.523683e-01
   702 9.522968e-01
   703 9.522253e-01
   704 9.521538e-01
   705 9.520823e-01
   706 9.520108e-01
   707 9.519393e-01
   708 9.518678e-01
   709 9.517962e-01
   710 9.517247e-01
   711 9.516532e-01
   712 9.515816e-01
   713 9.515101e-01
   714 9.514385e-01
   715 9.513670e-01
   716 9.512954e-01
   717 9.512238e-01
   718 9.511522e-01
   719 9.510807e-01
   720 9.510091e-01
   721 9.509375e-01
   722 9.508659e-01
   723 9.507943e-01
   724 9.507227e-01
   725 9.506510e-01
   726 9.505794e-01
   727 9.505078e-01
   728 9.504362e-01
   729 9.503645e-01
   730 9.502929e-01
   731 9.502212e-01
   732 9.501496e-01
   733 9.500779e-01
   734 9.500063e-01
   735 9.499346e-01
   736 9.498629e-01
   737 9.497912e-01
   738 9.497195e-01
   739 9.496479e-01
   740 9.495762e-01
   741 9.495045e-01
   742 9.494328e-01
   743 9.493610e-01
   744 9.492893e-01
   745 9.492176e-01
   746 9.491459e-01
   747 9.490741e-01
   748 9.490024e-01
   749 9.489306e-01
   750 9.488631e-01
   751 9.487914e-01
   752 9.487196e-01
   753 9.486478e-01
   754 9.485761e-01
   755 9.485043e-01
   756 9.484325e-01
   757 9.483607e-01
   758 9.482889e-01
   759 9.482171e-01
   760 9.481453e-01
   761 9.480777e-01
   762 9.480059e-01
   763 9.479341e-01
   764 9.478623e-01
   765 9.477904e-01
   766 9.477186e-01
   767 9.476468e-01
   768 9.475749e-01
   769 9.475031e-01
   770 9.474354e-01
   771 9.473636e-01
   772 9.472917e-01
   773 9.472198e-01
   774 9.471479e-01
   775 9.470761e-01
   776 9.470042e-01
   777 9.469365e-01
   778 9.468646e-01
   779 9.467927e-01
   780 9.467208e-01
   781 9.466531e-01
   782 9.465812e-01
   783 9.465092e-01
   784 9.464373e-01
   785 9.463654e-01
   786 9.462934e-01
   787 9.462257e-01
   788 9.461537e-01
   789 9.460818e-01
   790 9.460098e-01
   791 9.459378e-01
   792 9.458701e-01
   793 9.457981e-01
   794 9.457261e-01
   795 9.456541e-01
   796 9.455864e-01
   797 9.455144e-01
   798 9.454423e-01
   799 9.453703e-01
   800 9.453026e-01
   801 9.452305e-01
   802 9.451585e-01
   803 9.450865e-01
   804 9.450144e-01
   805 9.449466e-01
   806 9.448745e-01
   807 9.448025e-01
   808 9.447304e-01
   809 9.446626e-01
   810 9.445905e-01
   811 9.445184e-01
   812 9.444464e-01
   813 9.443785e-01
   814 9.443064e-01
   815 9.442343e-01
   816 9.441622e-01
   817 9.440943e-01
   818 9.440222e-01
   819 9.439501e-01
   820 9.438780e-01
   821 9.438101e-01
   822 9.437379e-01
   823 9.436658e-01
   824 9.435936e-01
   825 9.435257e-01
   826 9.434536e-01
   827 9.433814e-01
   828 9.433092e-01
   829 9.432413e-01
   830 9.431691e-01
   831 9.430969e-01
   832 9.430247e-01
   833 9.429568e-01
   834 9.428846e-01
   835 9.428123e-01
   836 9.427401e-01
   837 9.426679e-01
   838 9.425999e-01
   839 9.425277e-01
   840 9.424555e-01
   841 9.423832e-01
   842 9.423152e-01
   843 9.422430e-01
   844 9.421707e-01
   845 9.420984e-01
   846 9.420262e-01
   847 9.419581e-01
   848 9.418859e-01
   849 9.418136e-01
   850 9.417413e-01
   851 9.416732e-01
   852 9.416009e-01
   853 9.415286e-01
   854 9.414563e-01
   855 9.413840e-01
   856 9.413159e-01
   857 9.412436e-01
   858 9.411712e-01
   859 9.410989e-01
   860 9.410266e-01
   861 9.409585e-01
   862 9.408861e-01
   863 9.408137e-01
   864 9.407414e-01
   865 9.406690e-01
   866 9.406009e-01
   867 9.405285e-01
   868 9.404561e-01
   869 9.403837e-01
   870 9.403113e-01
   871 9.402389e-01
   872 9.401707e-01
   873 9.400983e-01
   874 9.400259e-01
   875 9.399534e-01
   876 9.398810e-01
   877 9.398086e-01
   878 9.397404e-01
   879 9.396679e-01
   880 9.395955e-01
   881 9.395230e-01
   882 9.394505e-01
   883 9.393823e-01
   884 9.393099e-01
   885 9.392374e-01
   886 9.391649e-01
   887 9.390924e-01
   888 9.390199e-01
   889 9.389516e-01
   890 9.388791e-01
   891 9.388066e-01
   892 9.387341e-01
   893 9.386658e-01
   894 9.385933e-01
   895 9.385207e-01
   896 9.384482e-01
   897 9.383756e-01
   898 9.383031e-01
   899 9.382348e-01
   900 9.381622e-01
   901 9.380896e-01
   902 9.380171e-01
   903 9.379445e-01
   904 9.378762e-01
   905 9.378036e-01
   906 9.377310e-01
   907 9.376583e-01
   908 9.375857e-01
   909 9.375174e-01
   910 9.374448e-01
   911 9.373721e-01
   912 9.372995e-01
   913 9.372311e-01
   914 9.371585e-01
   915 9.370858e-01
   916 9.370132e-01
   917 9.369448e-01
   918 9.368721e-01
   919 9.367994e-01
   920 9.367268e-01
   921 9.366541e-01
   922 9.365857e-01
   923 9.365130e-01
   924 9.364403e-01
   925 9.363718e-01
   926 9.362991e-01
   927 9.362264e-01
   928 9.361537e-01
   929 9.360852e-01
   930 9.360125e-01
   931 9.359397e-01
   932 9.358670e-01
   933 9.357985e-01
   934 9.357258e-01
   935 9.356530e-01
   936 9.355845e-01
   937 9.355117e-01
   938 9.354390e-01
   939 9.353705e-01
   940 9.352977e-01
   941 9.352249e-01
   942 9.351521e-01
   943 9.350835e-01
   944 9.350107e-01
   945 9.349379e-01
   946 9.348694e-01
   947 9.347965e-01
   948 9.347237e-01
   949 9.346552e-01
   950 9.345823e-01
   951 9.345095e-01
   952 9.344409e-01
   953 9.343680e-01
   954 9.342951e-01
   955 9.342266e-01
   956 9.341537e-01
   957 9.340808e-01
   958 9.340122e-01
   959 9.339393e-01
   960 9.338664e-01
   961 9.337978e-01
   962 9.337249e-01
   963 9.336519e-01
   964 9.335833e-01
   965 9.335104e-01
   966 9.334417e-01
   967 9.333688e-01
   968 9.332958e-01
   969 9.332229e-01
   970 9.331542e-01
   971 9.330813e-01
   972 9.330126e-01
   973 9.329396e-01
   974 9.328666e-01
   975 9.327979e-01
   976 9.327249e-01
   977 9.326519e-01
   978 9.325832e-01
   979 9.325102e-01
   980 9.324372e-01
   981 9.323685e-01
   982 9.322955e-01
   983 9.322224e-01
   984 9.321537e-01
   985 9.320806e-01
   986 9.320076e-01
   987 9.319388e-01
   988 9.318658e-01
   989 9.317927e-01
   990 9.317239e-01
   991 9.316509e-01
   992 9.315778e-01
   993 9.315090e-01
   994 9.314359e-01
   995 9.313628e-01
   996 9.312940e-01
   997 9.312209e-01
   998 9.311478e-01
   999 9.310790e-01
  1000 9.310058e-01
  1001 9.309370e-01
  1002 9.308639e-01
  1003 9.307907e-01
  1004 9.307176e-01
  1005 9.306487e-01
  1006 9.305756e-01
  1007 9.305024e-01
  1008 9.304335e-01
  1009 9.303604e-01
  1010 9.302872e-01
  1011 9.302183e-01
  1012 9.301451e-01
  1013 9.300719e-01
  1014 9.300030e-01
  1015 9.299298e-01
  1016 9.298566e-01
  1017 9.297876e-01
  1018 9.297144e-01
  1019 9.296412e-01
  1020 9.295723e-01
  1021 9.294990e-01
  1022 9.294258e-01
  1023 9.293568e-01
  1024 9.292835e-01
  1025 9.292103e-01
  1026 9.291413e-01
  1027 9.290680e-01
  1028 9.289948e-01
  1029 9.289258e-01
  1030 9.288525e-01
  1031 9.287792e-01
  1032 9.287102e-01
  1033 9.286369e-01
  1034 9.285636e-01
  1035 9.284945e-01
  1036 9.284212e-01
  1037 9.283479e-01
  1038 9.282788e-01
  1039 9.282055e-01
  1040 9.281321e-01
  1041 9.280631e-01
  1042 9.279897e-01
  1043 9.279164e-01
  1044 9.278473e-01
  1045 9.277739e-01
  1046 9.277005e-01
  1047 9.276271e-01
  1048 9.275581e-01
  1049 9.274847e-01
  1050 9.274156e-01
  1051 9.273422e-01
  1052 9.272687e-01
  1053 9.271996e-01
  1054 9.271262e-01
  1055 9.270528e-01
  1056 9.269836e-01
  1057 9.269102e-01
  1058 9.268367e-01
  1059 9.267676e-01
  1060 9.266941e-01
  1061 9.266250e-01
  1062 9.265515e-01
  1063 9.264780e-01
  1064 9.264088e-01
  1065 9.263353e-01
  1066 9.262662e-01
  1067 9.261927e-01
  1068 9.261192e-01
  1069 9.260500e-01
  1070 9.259764e-01
  1071 9.259029e-01
  1072 9.258337e-01
  1073 9.257602e-01
  1074 9.256909e-01
  1075 9.256174e-01
  1076 9.255482e-01
  1077 9.254746e-01
  1078 9.254010e-01
  1079 9.253318e-01
  1080 9.252582e-01
  1081 9.251889e-01
  1082 9.251153e-01
  1083 9.250417e-01
  1084 9.249725e-01
  1085 9.248989e-01
  1086 9.248296e-01
  1087 9.247560e-01
  1088 9.246867e-01
  1089 9.246130e-01
  1090 9.245394e-01
  1091 9.244701e-01
  1092 9.243964e-01
  1093 9.243271e-01
  1094 9.242534e-01
  1095 9.241841e-01
  1096 9.241104e-01
  1097 9.240411e-01
  1098 9.239674e-01
  1099 9.238981e-01
  1100 9.238244e-01
  1101 9.237507e-01
  1102 9.236813e-01
  1103 9.236119e-01
  1104 9.235382e-01
  1105 9.234688e-01
  1106 9.233951e-01
  1107 9.233213e-01
  1108 9.232519e-01
  1109 9.231782e-01
  1110 9.231088e-01
  1111 9.230350e-01
  1112 9.229656e-01
  1113 9.228962e-01
  1114 9.228224e-01
  1115 9.227486e-01
  1116 9.226792e-01
  1117 9.226054e-01
  1118 9.225359e-01
  1119 9.224621e-01
  1120 9.223926e-01
  1121 9.223188e-01
  1122 9.222494e-01
  1123 9.221755e-01
  1124 9.221060e-01
  1125 9.220322e-01
  1126 9.219627e-01
  1127 9.218888e-01
  1128 9.218193e-01
  1129 9.217455e-01
  1130 9.216760e-01
  1131 9.216021e-01
  1132 9.215326e-01
  1133 9.214587e-01
  1134 9.213891e-01
  1135 9.213152e-01
  1136 9.212457e-01
  1137 9.211718e-01
  1138 9.211022e-01
  1139 9.210283e-01
  1140 9.209587e-01
  1141 9.208848e-01
  1142 9.208152e-01
  1143 9.207412e-01
  1144 9.206717e-01
  1145 9.205977e-01
  1146 9.205281e-01
  1147 9.204541e-01
  1148 9.203845e-01
  1149 9.203105e-01
  1150 9.202409e-01
  1151 9.201669e-01
  1152 9.200973e-01
  1153 9.200233e-01
  1154 9.199536e-01
  1155 9.198796e-01
  1156 9.198099e-01
  1157 9.197359e-01
  1158 9.196662e-01
  1159 9.195922e-01
  1160 9.195225e-01
  1161 9.194485e-01
  1162 9.193788e-01
  1163 9.193047e-01
  1164 9.192350e-01
  1165 9.191610e-01
  1166 9.190912e-01
  1167 9.190172e-01
  1168 9.189474e-01
  1169 9.188733e-01
  1170 9.188036e-01
  1171 9.187295e-01
  1172 9.186554e-01
  1173 9.185856e-01
  1174 9.185115e-01
  1175 9.184417e-01
  1176 9.183676e-01
  1177 9.182978e-01
  1178 9.182237e-01
  1179 9.181539e-01
  1180 9.180797e-01
  1181 9.180099e-01
  1182 9.179358e-01
  1183 9.178660e-01
  1184 9.177918e-01
  1185 9.177220e-01
  1186 9.176478e-01
  1187 9.175736e-01
  1188 9.175037e-01
  1189 9.174339e-01
  1190 9.173597e-01
  1191 9.172855e-01
  1192 9.172156e-01
  1193 9.171457e-01
  1194 9.170715e-01
  1195 9.169973e-01
  1196 9.169274e-01
  1197 9.168531e-01
  1198 9.167832e-01
  1199 9.167090e-01
  1200 9.166391e-01
  1201 9.165648e-01
  1202 9.164949e-01
  1203 9.164206e-01
  1204 9.163506e-01
  1205 9.162763e-01
  1206 9.162064e-01
  1207 9.161321e-01
  1208 9.160621e-01
  1209 9.159878e-01
  1210 9.159179e-01
  1211 9.158435e-01
  1212 9.157736e-01
  1213 9.156992e-01
  1214 9.156292e-01
  1215 9.155549e-01
  1216 9.154849e-01
  1217 9.154105e-01
  1218 9.153405e-01
  1219 9.152661e-01
  1220 9.151961e-01
  1221 9.151217e-01
  1222 9.150517e-01
  1223 9.149773e-01
  1224 9.149072e-01
  1225 9.148372e-01
  1226 9.147628e-01
  1227 9.146927e-01
  1228 9.146183e-01
  1229 9.145482e-01
  1230 9.144738e-01
  1231 9.144037e-01
  1232 9.143292e-01
  1233 9.142591e-01
  1234 9.141847e-01
  1235 9.141146e-01
  1236 9.140445e-01
  1237 9.139700e-01
  1238 9.138999e-01
  1239 9.138254e-01
  1240 9.137552e-01
  1241 9.136807e-01
  1242 9.136106e-01
  1243 9.135405e-01
  1244 9.134659e-01
  1245 9.133958e-01
  1246 9.133212e-01
  1247 9.132511e-01
  1248 9.131765e-01
  1249 9.131063e-01
  1250 9.130362e-01
  1251 9.129616e-01
  1252 9.128914e-01
  1253 9.128168e-01
  1254 9.127466e-01
  1255 9.126764e-01
  1256 9.126018e-01
  1257 9.125316e-01
  1258 9.124570e-01
  1259 9.123867e-01
  1260 9.123165e-01
  1261 9.122419e-01
  1262 9.121716e-01
  1263 9.120970e-01
  1264 9.120267e-01
  1265 9.119565e-01
  1266 9.118818e-01
  1267 9.118115e-01
  1268 9.117413e-01
  1269 9.116666e-01
  1270 9.115963e-01
  1271 9.115216e-01
  1272 9.114513e-01
  1273 9.113810e-01
  1274 9.113063e-01
  1275 9.112360e-01
  1276 9.111656e-01
  1277 9.110909e-01
  1278 9.110206e-01
  1279 9.109458e-01
  1280 9.108755e-01
  1281 9.108052e-01
  1282 9.107304e-01
  1283 9.106600e-01
  1284 9.105897e-01
  1285 9.105149e-01
  1286 9.104445e-01
  1287 9.103741e-01
  1288 9.102993e-01
  1289 9.102289e-01
  1290 9.101585e-01
  1291 9.100837e-01
  1292 9.100133e-01
  1293 9.099385e-01
  1294 9.098681e-01
  1295 9.097977e-01
  1296 9.097228e-01
  1297 9.096524e-01
  1298 9.095819e-01
  1299 9.095071e-01
  1300 9.094366e-01
  1301 9.093662e-01
  1302 9.092913e-01
  1303 9.092208e-01
  1304 9.091459e-01
  1305 9.090754e-01
  1306 9.090049e-01
  1307 9.089300e-01
  1308 9.088595e-01
  1309 9.087890e-01
  1310 9.087141e-01
  1311 9.086436e-01
  1312 9.085731e-01
  1313 9.084981e-01
  1314 9.084276e-01
  1315 9.083571e-01
  1316 9.082821e-01
  1317 9.082115e-01
  1318 9.081366e-01
  1319 9.080660e-01
  1320 9.079954e-01
  1321 9.079205e-01
  1322 9.078499e-01
  1323 9.077793e-01
  1324 9.077043e-01
  1325 9.076337e-01
  1326 9.075587e-01
  1327 9.074881e-01
  1328 9.074175e-01
  1329 9.073424e-01
  1330 9.072718e-01
  1331 9.072012e-01
  1332 9.071261e-01
  1333 9.070555e-01
  1334 9.069804e-01
  1335 9.069098e-01
  1336 9.068391e-01
  1337 9.067640e-01
  1338 9.066933e-01
  1339 9.066227e-01
  1340 9.065476e-01
  1341 9.064769e-01
  1342 9.064062e-01
  1343 9.063311e-01
  1344 9.062604e-01
  1345 9.061852e-01
  1346 9.061145e-01
  1347 9.060438e-01
  1348 9.059687e-01
  1349 9.058979e-01
  1350 9.058272e-01
  1351 9.057520e-01
  1352 9.056813e-01
  1353 9.056105e-01
  1354 9.055353e-01
  1355 9.054646e-01
  1356 9.053938e-01
  1357 9.053186e-01
  1358 9.052478e-01
  1359 9.051726e-01
  1360 9.051018e-01
  1361 9.050310e-01
  1362 9.049558e-01
  1363 9.048850e-01
  1364 9.048141e-01
  1365 9.047389e-01
  1366 9.046681e-01
  1367 9.045972e-01
  1368 9.045220e-01
  1369 9.044511e-01
  1370 9.043803e-01
  1371 9.043050e-01
  1372 9.042341e-01
  1373 9.041632e-01
  1374 9.040879e-01
  1375 9.040171e-01
  1376 9.039462e-01
  1377 9.038709e-01
  1378 9.038000e-01
  1379 9.037291e-01
  1380 9.036537e-01
  1381 9.035828e-01
  1382 9.035119e-01
  1383 9.034365e-01
  1384 9.033656e-01
  1385 9.032947e-01
  1386 9.032237e-01
  1387 9.031483e-01
  1388 9.030774e-01
  1389 9.030064e-01
  1390 9.029310e-01
  1391 9.028601e-01
  1392 9.027891e-01
  1393 9.027137e-01
  1394 9.026427e-01
  1395 9.025717e-01
  1396 9.024962e-01
  1397 9.024252e-01
  1398 9.023542e-01
  1399 9.022832e-01
  1400 9.022077e-01
  1401 9.021367e-01
  1402 9.020657e-01
  1403 9.019902e-01
  1404 9.019192e-01
  1405 9.018481e-01
  1406 9.017771e-01
  1407 9.017016e-01
  1408 9.016305e-01
  1409 9.015594e-01
  1410 9.014883e-01
  1411 9.014128e-01
  1412 9.013417e-01
  1413 9.012706e-01
  1414 9.011995e-01
  1415 9.011240e-01
  1416 9.010529e-01
  1417 9.009817e-01
  1418 9.009106e-01
  1419 9.008350e-01
  1420 9.007639e-01
  1421 9.006928e-01
  1422 9.006216e-01
  1423 9.005460e-01
  1424 9.004749e-01
  1425 9.004037e-01
  1426 9.003325e-01
  1427 9.002614e-01
  1428 9.001857e-01
  1429 9.001145e-01
  1430 9.000433e-01
  1431 8.999721e-01
  1432 8.998965e-01
  1433 8.998253e-01
  1434 8.997541e-01
  1435 8.996828e-01
  1436 8.996072e-01
  1437 8.995359e-01
  1438 8.994647e-01
  1439 8.993934e-01
  1440 8.993177e-01
  1441 8.992465e-01
  1442 8.991752e-01
  1443 8.991040e-01
  1444 8.990327e-01
  1445 8.989570e-01
  1446 8.988857e-01
  1447 8.988144e-01
  1448 8.987431e-01
  1449 8.986718e-01
  1450 8.985960e-01
  1451 8.985247e-01
  1452 8.984534e-01
  1453 8.983821e-01
  1454 8.983063e-01
  1455 8.982349e-01
  1456 8.981636e-01
  1457 8.980923e-01
  1458 8.980209e-01
  1459 8.979451e-01
  1460 8.978737e-01
  1461 8.978023e-01
  1462 8.977310e-01
  1463 8.976596e-01
  1464 8.975837e-01
  1465 8.975123e-01
  1466 8.974409e-01
  1467 8.973695e-01
  1468 8.972981e-01
  1469 8.972223e-01
  1470 8.971508e-01
  1471 8.970794e-01
  1472 8.970080e-01
  1473 8.969365e-01
  1474 8.968606e-01
  1475 8.967892e-01
  1476 8.967177e-01
  1477 8.966462e-01
  1478 8.965703e-01
  1479 8.964988e-01
  1480 8.964274e-01
  1481 8.963559e-01
  1482 8.962844e-01
  1483 8.962129e-01
  1484 8.961369e-01
  1485 8.960654e-01
  1486 8.959939e-01
  1487 8.959224e-01
  1488 8.958464e-01
  1489 8.957748e-01
  1490 8.957033e-01
  1491 8.956318e-01
  1492 8.955602e-01
  1493 8.954842e-01
  1494 8.954126e-01
  1495 8.953411e-01
  1496 8.952695e-01
  1497 8.951934e-01
  1498 8.951219e-01
  1499 8.950503e-01
  1500 8.949787e-01
  1501 8.949062e-01
  1502 8.948341e-01
  1503 8.947607e-01
  1504 8.946886e-01
  1505 8.946161e-01
  1506 8.945441e-01
  1507 8.944715e-01
  1508 8.943990e-01
  1509 8.943260e-01
  1510 8.942534e-01
  1511 8.941813e-01
  1512 8.941092e-01
  1513 8.940367e-01
  1514 8.939645e-01
  1515 8.938911e-01
  1516 8.938189e-01
  1517 8.937463e-01
  1518 8.936742e-01
  1519 8.936020e-01
  1520 8.935294e-01
  1521 8.934564e-01
  1522 8.933837e-01
  1523 8.933116e-01
  1524 8.932394e-01
  1525 8.931672e-01
  1526 8.930945e-01
  1527 8.930223e-01
  1528 8.929488e-01
  1529 8.928766e-01
  1530 8.928044e-01
  1531 8.927321e-01
  1532 8.926599e-01
  1533 8.925872e-01
  1534 8.925150e-01
  1535 8.924427e-01
  1536 8.923705e-01
  1537 8.922969e-01
  1538 8.922246e-01
  1539 8.921523e-01
  1540 8.920801e-01
  1541 8.920078e-01
  1542 8.919355e-01
  1543 8.918632e-01
  1544 8.917909e-01
  1545 8.917186e-01
  1546 8.916458e-01
  1547 8.915735e-01
  1548 8.915012e-01
  1549 8.914289e-01
  1550 8.913565e-01
  1551 8.912842e-01
  1552 8.912118e-01
  1553 8.911395e-01
  1554 8.910671e-01
  1555 8.909948e-01
  1556 8.909224e-01
  1557 8.908500e-01
  1558 8.907776e-01
  1559 8.907052e-01
  1560 8.906328e-01
  1561 8.905604e-01
  1562 8.904880e-01
  1563 8.904156e-01
  1564 8.903432e-01
  1565 8.902708e-01
  1566 8.901983e-01
  1567 8.901264e-01
  1568 8.900539e-01
  1569 8.899815e-01
  1570 8.899090e-01
  1571 8.898366e-01
  1572 8.897641e-01
  1573 8.896916e-01
  1574 8.896205e-01
  1575 8.895480e-01
  1576 8.894755e-01
  1577 8.894030e-01
  1578 8.893305e-01
  1579 8.892580e-01
  1580 8.891855e-01
  1581 8.891130e-01
  1582 8.890409e-01
  1583 8.889684e-01
  1584 8.888968e-01
  1585 8.888242e-01
  1586 8.887521e-01
  1587 8.886796e-01
  1588 8.886070e-01
  1589 8.885344e-01
  1590 8.884619e-01
  1591 8.883893e-01
  1592 8.883172e-01
  1593 8.882455e-01
  1594 8.881729e-01
  1595 8.881007e-01
  1596 8.880281e-01
  1597 8.879555e-01
  1598 8.878829e-01
  1599 8.878103e-01
  1600 8.877381e-01
  1601 8.876655e-01
  1602 8.875942e-01
  1603 8.875215e-01
  1604 8.874489e-01
  1605 8.873762e-01
  1606 8.873035e-01
  1607 8.872313e-01
  1608 8.871586e-01
  1609 8.870860e-01
  1610 8.870133e-01
  1611 8.869410e-01
  1612 8.868683e-01
  1613 8.867970e-01
  1614 8.867243e-01
  1615 8.866515e-01
  1616 8.865788e-01
  1617 8.865065e-01
  1618 8.864338e-01
  1619 8.863610e-01
  1620 8.862887e-01
  1621 8.862160e-01
  1622 8.861432e-01
  1623 8.860709e-01
  1624 8.859981e-01
  1625 8.859254e-01
  1626 8.858530e-01
  1627 8.857802e-01
  1628 8.857074e-01
  1629 8.856351e-01
  1630 8.855623e-01
  1631 8.854895e-01
  1632 8.854171e-01
  1633 8.853456e-01
  1634 8.852728e-01
  1635 8.852000e-01
  1636 8.851276e-01
  1637 8.850547e-01
  1638 8.849823e-01
  1639 8.849095e-01
  1640 8.848370e-01
  1641 8.847642e-01
  1642 8.846904e-01
  1643 8.846179e-01
  1644 8.845450e-01
  1645 8.844726e-01
  1646 8.843997e-01
  1647 8.843272e-01
  1648 8.842543e-01
  1649 8.841819e-01
  1650 8.841089e-01
  1651 8.840364e-01
  1652 8.839635e-01
  1653 8.838910e-01
  1654 8.838185e-01
  1655 8.837456e-01
  1656 8.836730e-01
  1657 8.836001e-01
  1658 8.835275e-01
  1659 8.834550e-01
  1660 8.833820e-01
  1661 8.833095e-01
  1662 8.832369e-01
  1663 8.831639e-01
  1664 8.830914e-01
  1665 8.830188e-01
  1666 8.829458e-01
  1667 8.828728e-01
  1668 8.827993e-01
  1669 8.827267e-01
  1670 8.826541e-01
  1671 8.825815e-01
  1672 8.825084e-01
  1673 8.824358e-01
  1674 8.823632e-01
  1675 8.822906e-01
  1676 8.822179e-01
  1677 8.821448e-01
  1678 8.820722e-01
  1679 8.819995e-01
  1680 8.819269e-01
  1681 8.818542e-01
  1682 8.817816e-01
  1683 8.817089e-01
  1684 8.816362e-01
  1685 8.815631e-01
  1686 8.814904e-01
  1687 8.814177e-01
  1688 8.813450e-01
  1689 8.812723e-01
  1690 8.811996e-01
  1691 8.811268e-01
  1692 8.810541e-01
  1693 8.809814e-01
  1694 8.809086e-01
  1695 8.808359e-01
  1696 8.807631e-01
  1697 8.806908e-01
  1698 8.806181e-01
  1699 8.805453e-01
  1700 8.804725e-01
  1701 8.803998e-01
  1702 8.803270e-01
  1703 8.802546e-01
  1704 8.801827e-01
  1705 8.801099e-01
  1706 8.800371e-01
  1707 8.799643e-01
  1708 8.798919e-01
  1709 8.798191e-01
  1710 8.797463e-01
  1711 8.796734e-01
  1712 8.796006e-01
  1713 8.795286e-01
  1714 8.794567e-01
  1715 8.793838e-01
  1716 8.793110e-01
  1717 8.792381e-01
  1718 8.791657e-01
  1719 8.790928e-01
  1720 8.790199e-01
  1721 8.789479e-01
  1722 8.788759e-01
  1723 8.788030e-01
  1724 8.787301e-01
  1725 8.786576e-01
  1726 8.785847e-01
  1727 8.785126e-01
  1728 8.784406e-01
  1729 8.783676e-01
  1730 8.782951e-01
  1731 8.782222e-01
  1732 8.781492e-01
  1733 8.780772e-01
  1734 8.780051e-01
  1735 8.779321e-01
  1736 8.778596e-01
  1737 8.777866e-01
  1738 8.777145e-01
  1739 8.776424e-01
  1740 8.775698e-01
  1741 8.774968e-01
  1742 8.774242e-01
  1743 8.773517e-01
  1744 8.772800e-01
  1745 8.772069e-01
  1746 8.771343e-01
  1747 8.770613e-01
  1748 8.769891e-01
  1749 8.769170e-01
  1750 8.768444e-01
  1751 8.767713e-01
  1752 8.766991e-01
  1753 8.766269e-01
  1754 8.765543e-01
  1755 8.764816e-01
  1756 8.764085e-01
  1757 8.763363e-01
  1758 8.762641e-01
  1759 8.761914e-01
  1760 8.761187e-01
  1761 8.760456e-01
  1762 8.759734e-01
  1763 8.759016e-01
  1764 8.758284e-01
  1765 8.757557e-01
  1766 8.756830e-01
  1767 8.756107e-01
  1768 8.755385e-01
  1769 8.754657e-01
  1770 8.753930e-01
  1771 8.753198e-01
  1772 8.752470e-01
  1773 8.751747e-01
  1774 8.751029e-01
  1775 8.750297e-01
  1776 8.749569e-01
  1777 8.748841e-01
  1778 8.748113e-01
  1779 8.747390e-01
  1780 8.746666e-01
  1781 8.745938e-01
  1782 8.745210e-01
  1783 8.744482e-01
  1784 8.743754e-01
  1785 8.743030e-01
  1786 8.742306e-01
  1787 8.741578e-01
  1788 8.740849e-01
  1789 8.740121e-01
  1790 8.739392e-01
  1791 8.738664e-01
  1792 8.737935e-01
  1793 8.737211e-01
  1794 8.736486e-01
  1795 8.735757e-01
  1796 8.735028e-01
  1797 8.734299e-01
  1798 8.733570e-01
  1799 8.732841e-01
  1800 8.732112e-01
  1801 8.731383e-01
  1802 8.730653e-01
  1803 8.729929e-01
  1804 8.729208e-01
  1805 8.728479e-01
  1806 8.727749e-01
  1807 8.727020e-01
  1808 8.726290e-01
  1809 8.725560e-01
  1810 8.724830e-01
  1811 8.724100e-01
  1812 8.723370e-01
  1813 8.722640e-01
  1814 8.721910e-01
  1815 8.721189e-01
  1816 8.720464e-01
  1817 8.719734e-01
  1818 8.719003e-01
  1819 8.718273e-01
  1820 8.717542e-01
  1821 8.716817e-01
  1822 8.716086e-01
  1823 8.715355e-01
  1824 8.714625e-01
  1825 8.713894e-01
  1826 8.713163e-01
  1827 8.712442e-01
  1828 8.711715e-01
  1829 8.710984e-01
  1830 8.710253e-01
  1831 8.709522e-01
  1832 8.708795e-01
  1833 8.708064e-01
  1834 8.707333e-01
  1835 8.706602e-01
  1836 8.705875e-01
  1837 8.705143e-01
  1838 8.704416e-01
  1839 8.703694e-01
  1840 8.702962e-01
  1841 8.702231e-01
  1842 8.701499e-01
  1843 8.700772e-01
  1844 8.700040e-01
  1845 8.699308e-01
  1846 8.698585e-01
  1847 8.697857e-01
  1848 8.697125e-01
  1849 8.696398e-01
  1850 8.695665e-01
  1851 8.694938e-01
  1852 8.694205e-01
  1853 8.693477e-01
  1854 8.692754e-01
  1855 8.692022e-01
  1856 8.691294e-01
  1857 8.690561e-01
  1858 8.689828e-01
  1859 8.689104e-01
  1860 8.688381e-01
  1861 8.687648e-01
  1862 8.686919e-01
  1863 8.686186e-01
  1864 8.685462e-01
  1865 8.684734e-01
  1866 8.684005e-01
  1867 8.683272e-01
  1868 8.682543e-01
  1869 8.681819e-01
  1870 8.681090e-01
  1871 8.680361e-01
  1872 8.679628e-01
  1873 8.678903e-01
  1874 8.678179e-01
  1875 8.677445e-01
  1876 8.676715e-01
  1877 8.675991e-01
  1878 8.675261e-01
  1879 8.674532e-01
  1880 8.673798e-01
  1881 8.673073e-01
  1882 8.672348e-01
  1883 8.671618e-01
  1884 8.670884e-01
  1885 8.670159e-01
  1886 8.669433e-01
  1887 8.668704e-01
  1888 8.667978e-01
  1889 8.667253e-01
  1890 8.666518e-01
  1891 8.665788e-01
  1892 8.665062e-01
  1893 8.664337e-01
  1894 8.663602e-01
  1895 8.662880e-01
  1896 8.662154e-01
  1897 8.661419e-01
  1898 8.660698e-01
  1899 8.659972e-01
  1900 8.659237e-01
  1901 8.658506e-01
  1902 8.657784e-01
  1903 8.657058e-01
  1904 8.656322e-01
  1905 8.655601e-01
  1906 8.654874e-01
  1907 8.654138e-01
  1908 8.653416e-01
  1909 8.652690e-01
  1910 8.651958e-01
  1911 8.651232e-01
  1912 8.650505e-01
  1913 8.649773e-01
  1914 8.649051e-01
  1915 8.648324e-01
  1916 8.647592e-01
  1917 8.646860e-01
  1918 8.646133e-01
  1919 8.645411e-01
  1920 8.644674e-01
  1921 8.643951e-01
  1922 8.643224e-01
  1923 8.642492e-01
  1924 8.641769e-01
  1925 8.641041e-01
  1926 8.640309e-01
  1927 8.639576e-01
  1928 8.638853e-01
  1929 8.638130e-01
  1930 8.637393e-01
  1931 8.636669e-01
  1932 8.635946e-01
  1933 8.635213e-01
  1934 8.634480e-01
  1935 8.633757e-01
  1936 8.633028e-01
  1937 8.632295e-01
  1938 8.631572e-01
  1939 8.630848e-01
  1940 8.630115e-01
  1941 8.629381e-01
  1942 8.628657e-01
  1943 8.627929e-01
  1944 8.627200e-01
  1945 8.626466e-01
  1946 8.625742e-01
  1947 8.625018e-01
  1948 8.624284e-01
  1949 8.623550e-01
  1950 8.622830e-01
  1951 8.622101e-01
  1952 8.621367e-01
  1953 8.620638e-01
  1954 8.619904e-01
  1955 8.619184e-01
  1956 8.618454e-01
  1957 8.617720e-01
  1958 8.616990e-01
  1959 8.616265e-01
  1960 8.615540e-01
  1961 8.614805e-01
  1962 8.614076e-01
  1963 8.613341e-01
  1964 8.612620e-01
  1965 8.611890e-01
  1966 8.611160e-01
  1967 8.610425e-01
  1968 8.609704e-01
  1969 8.608974e-01
  1970 8.608243e-01
  1971 8.607513e-01
  1972 8.606778e-01
  1973 8.606056e-01
  1974 8.605326e-01
  1975 8.604595e-01
  1976 8.603864e-01
  1977 8.603129e-01
  1978 8.602407e-01
  1979 8.601681e-01
  1980 8.600945e-01
  1981 8.600214e-01
  1982 8.599483e-01
  1983 8.598756e-01
  1984 8.598030e-01
  1985 8.597298e-01
  1986 8.596567e-01
  1987 8.595831e-01
  1988 8.595109e-01
  1989 8.594382e-01
  1990 8.593650e-01
  1991 8.592914e-01
  1992 8.592191e-01
  1993 8.591464e-01
  1994 8.590732e-01
  1995 8.589996e-01
  1996 8.589273e-01
  1997 8.588546e-01
  1998 8.587813e-01
  1999 8.587081e-01
  2000 8.586349e-01
  2001 8.585621e-01
  2002 8.584894e-01
  2003 8.584161e-01
  2004 8.583429e-01
  2005 8.582705e-01
  2006 8.581977e-01
  2007 8.581240e-01
  2008 8.580517e-01
  2009 8.579789e-01
  2010 8.579056e-01
  2011 8.578323e-01
  2012 8.577599e-01
  2013 8.576871e-01
  2014 8.576133e-01
  2015 8.575409e-01
  2016 8.574680e-01
  2017 8.573947e-01
  2018 8.573214e-01
  2019 8.572490e-01
  2020 8.571761e-01
  2021 8.571027e-01
  2022 8.570303e-01
  2023 8.569574e-01
  2024 8.568840e-01
  2025 8.568116e-01
  2026 8.567386e-01
  2027 8.566652e-01
  2028 8.565928e-01
  2029 8.565198e-01
  2030 8.564464e-01
  2031 8.563739e-01
  2032 8.563005e-01
  2033 8.562285e-01
  2034 8.561550e-01
  2035 8.560816e-01
  2036 8.560096e-01
  2037 8.559366e-01
  2038 8.558631e-01
  2039 8.557906e-01
  2040 8.557176e-01
  2041 8.556450e-01
  2042 8.555720e-01
  2043 8.554985e-01
  2044 8.554259e-01
  2045 8.553529e-01
  2046 8.552803e-01
  2047 8.552073e-01
  2048 8.551337e-01
  2049 8.550616e-01
  2050 8.549881e-01
  2051 8.549159e-01
  2052 8.548428e-01
  2053 8.547693e-01
  2054 8.546967e-01
  2055 8.546236e-01
  2056 8.545514e-01
  2057 8.544778e-01
  2058 8.544056e-01
  2059 8.543325e-01
  2060 8.542589e-01
  2061 8.541867e-01
  2062 8.541131e-01
  2063 8.540409e-01
  2064 8.539677e-01
  2065 8.538950e-01
  2066 8.538218e-01
  2067 8.537487e-01
  2068 8.536760e-01
  2069 8.536028e-01
  2070 8.535305e-01
  2071 8.534573e-01
  2072 8.533836e-01
  2073 8.533114e-01
  2074 8.532381e-01
  2075 8.531658e-01
  2076 8.530921e-01
  2077 8.530198e-01
  2078 8.529466e-01
  2079 8.528733e-01
  2080 8.528010e-01
  2081 8.527273e-01
  2082 8.526550e-01
  2083 8.525817e-01
  2084 8.525084e-01
  2085 8.524361e-01
  2086 8.523628e-01
  2087 8.522899e-01
  2088 8.522166e-01
  2089 8.521442e-01
  2090 8.520709e-01
  2091 8.519976e-01
  2092 8.519252e-01
  2093 8.518519e-01
  2094 8.517785e-01
  2095 8.517061e-01
  2096 8.516328e-01
  2097 8.515603e-01
  2098 8.514870e-01
  2099 8.514136e-01
  2100 8.513411e-01
  2101 8.512677e-01
  2102 8.511953e-01
  2103 8.511219e-01
  2104 8.510485e-01
  2105 8.509760e-01
  2106 8.509026e-01
  2107 8.508292e-01
  2108 8.507567e-01
  2109 8.506837e-01
  2110 8.506098e-01
  2111 8.505377e-01
  2112 8.504643e-01
  2113 8.503908e-01
  2114 8.503183e-01
  2115 8.502448e-01
  2116 8.501723e-01
  2117 8.500992e-01
  2118 8.500257e-01
  2119 8.499532e-01
  2120 8.498797e-01
  2121 8.498062e-01
  2122 8.497341e-01
  2123 8.496605e-01
  2124 8.495870e-01
  2125 8.495144e-01
  2126 8.494413e-01
  2127 8.493678e-01
  2128 8.492951e-01
  2129 8.492221e-01
  2130 8.491485e-01
  2131 8.490758e-01
  2132 8.490027e-01
  2133 8.489291e-01
  2134 8.488565e-01
  2135 8.487833e-01
  2136 8.487097e-01
  2137 8.486371e-01
  2138 8.485639e-01
  2139 8.484903e-01
  2140 8.484176e-01
  2141 8.483444e-01
  2142 8.482708e-01
  2143 8.481985e-01
  2144 8.481249e-01
  2145 8.480517e-01
  2146 8.479789e-01
  2147 8.479057e-01
  2148 8.478321e-01
  2149 8.477598e-01
  2150 8.476861e-01
  2151 8.476138e-01
  2152 8.475401e-01
  2153 8.474668e-01
  2154 8.473940e-01
  2155 8.473208e-01
  2156 8.472470e-01
  2157 8.471747e-01
  2158 8.471014e-01
  2159 8.470286e-01
  2160 8.469553e-01
  2161 8.468816e-01
  2162 8.468092e-01
  2163 8.467359e-01
  2164 8.466621e-01
  2165 8.465897e-01
  2166 8.465159e-01
  2167 8.464436e-01
  2168 8.463702e-01
  2169 8.462978e-01
  2170 8.462240e-01
  2171 8.461506e-01
  2172 8.460782e-01
  2173 8.460044e-01
  2174 8.459319e-01
  2175 8.458585e-01
  2176 8.457861e-01
  2177 8.457122e-01
  2178 8.456388e-01
  2179 8.455664e-01
  2180 8.454929e-01
  2181 8.454205e-01
  2182 8.453466e-01
  2183 8.452741e-01
  2184 8.452006e-01
  2185 8.451281e-01
  2186 8.450547e-01
  2187 8.449822e-01
  2188 8.449082e-01
  2189 8.448357e-01
  2190 8.447622e-01
  2191 8.446897e-01
  2192 8.446162e-01
  2193 8.445427e-01
  2194 8.444701e-01
  2195 8.443966e-01
  2196 8.443240e-01
  2197 8.442505e-01
  2198 8.441779e-01
  2199 8.441053e-01
  2200 8.440318e-01
  2201 8.439592e-01
  2202 8.438856e-01
  2203 8.438130e-01
  2204 8.437394e-01
  2205 8.436668e-01
  2206 8.435932e-01
  2207 8.435206e-01
  2208 8.434470e-01
  2209 8.433744e-01
  2210 8.433007e-01
  2211 8.432281e-01
  2212 8.431545e-01
  2213 8.430818e-01
  2214 8.430081e-01
  2215 8.429355e-01
  2216 8.428632e-01
  2217 8.427896e-01
  2218 8.427169e-01
  2219 8.426432e-01
  2220 8.425705e-01
  2221 8.424968e-01
  2222 8.424241e-01
  2223 8.423509e-01
  2224 8.422781e-01
  2225 8.422044e-01
  2226 8.421317e-01
  2227 8.420579e-01
  2228 8.419856e-01
  2229 8.419129e-01
  2230 8.418391e-01
  2231 8.417668e-01
  2232 8.416931e-01
  2233 8.416203e-01
  2234 8.415465e-01
  2235 8.414742e-01
  2236 8.414004e-01
  2237 8.413276e-01
  2238 8.412542e-01
  2239 8.411814e-01
  2240 8.411090e-01
  2241 8.410352e-01
  2242 8.409624e-01
  2243 8.408890e-01
  2244 8.408161e-01
  2245 8.407428e-01
  2246 8.406699e-01
  2247 8.405961e-01
  2248 8.405236e-01
  2249 8.404498e-01
  2250 8.403773e-01
  2251 8.403035e-01
  2252 8.402310e-01
  2253 8.401571e-01
  2254 8.400847e-01
  2255 8.400108e-01
  2256 8.399383e-01
  2257 8.398649e-01
  2258 8.397919e-01
  2259 8.397185e-01
  2260 8.396455e-01
  2261 8.395720e-01
  2262 8.394995e-01
  2263 8.394256e-01
  2264 8.393531e-01
  2265 8.392791e-01
  2266 8.392066e-01
  2267 8.391331e-01
  2268 8.390600e-01
  2269 8.389865e-01
  2270 8.389140e-01
  2271 8.388405e-01
  2272 8.387674e-01
  2273 8.386939e-01
  2274 8.386213e-01
  2275 8.385477e-01
  2276 8.384751e-01
  2277 8.384011e-01
  2278 8.383285e-01
  2279 8.382549e-01
  2280 8.381823e-01
  2281 8.381082e-01
  2282 8.380351e-01
  2283 8.379620e-01
  2284 8.378884e-01
  2285 8.378157e-01
  2286 8.377421e-01
  2287 8.376694e-01
  2288 8.375958e-01
  2289 8.375231e-01
  2290 8.374495e-01
  2291 8.373768e-01
  2292 8.373031e-01
  2293 8.372304e-01
  2294 8.371568e-01
  2295 8.370840e-01
  2296 8.370103e-01
  2297 8.369376e-01
  2298 8.368639e-01
  2299 8.367912e-01
  2300 8.367179e-01
  2301 8.366452e-01
  2302 8.365715e-01
  2303 8.364977e-01
  2304 8.364250e-01
  2305 8.363512e-01
  2306 8.362789e-01
  2307 8.362052e-01
  2308 8.361324e-01
  2309 8.360586e-01
  2310 8.359858e-01
  2311 8.359125e-01
  2312 8.358396e-01
  2313 8.357659e-01
  2314 8.356935e-01
  2315 8.356197e-01
  2316 8.355473e-01
  2317 8.354745e-01
  2318 8.354006e-01
  2319 8.353278e-01
  2320 8.352544e-01
  2321 8.351815e-01
  2322 8.351081e-01
  2323 8.350352e-01
  2324 8.349619e-01
  2325 8.348889e-01
  2326 8.348155e-01
  2327 8.347426e-01
  2328 8.346687e-01
  2329 8.345963e-01
  2330 8.345233e-01
  2331 8.344499e-01
  2332 8.343770e-01
  2333 8.343035e-01
  2334 8.342310e-01
  2335 8.341571e-01
  2336 8.340846e-01
  2337 8.340116e-01
  2338 8.339381e-01
  2339 8.338651e-01
  2340 8.337916e-01
  2341 8.337191e-01
  2342 8.336451e-01
  2343 8.335726e-01
  2344 8.335000e-01
  2345 8.334260e-01
  2346 8.333539e-01
  2347 8.332809e-01
  2348 8.332074e-01
  2349 8.331343e-01
  2350 8.330607e-01
  2351 8.329881e-01
  2352 8.329151e-01
  2353 8.328415e-01
  2354 8.327689e-01
  2355 8.326963e-01
  2356 8.326227e-01
  2357 8.325495e-01
  2358 8.324759e-01
  2359 8.324033e-01
  2360 8.323306e-01
  2361 8.322570e-01
  2362 8.321844e-01
  2363 8.321112e-01
  2364 8.320376e-01
  2365 8.319654e-01
  2366 8.318922e-01
  2367 8.318185e-01
  2368 8.317458e-01
  2369 8.316731e-01
  2370 8.315994e-01
  2371 8.315267e-01
  2372 8.314535e-01
  2373 8.313798e-01
  2374 8.313075e-01
  2375 8.312343e-01
  2376 8.311606e-01
  2377 8.310883e-01
  2378 8.310150e-01
  2379 8.309413e-01
  2380 8.308690e-01
  2381 8.307957e-01
  2382 8.307220e-01
  2383 8.306497e-01
  2384 8.305764e-01
  2385 8.305026e-01
  2386 8.304303e-01
  2387 8.303569e-01
  2388 8.302831e-01
  2389 8.302108e-01
  2390 8.301375e-01
  2391 8.300636e-01
  2392 8.299913e-01
  2393 8.299179e-01
  2394 8.298446e-01
  2395 8.297717e-01
  2396 8.296988e-01
  2397 8.296250e-01
  2398 8.295521e-01
  2399 8.294791e-01
  2400 8.294053e-01
  2401 8.293328e-01
  2402 8.292594e-01
  2403 8.291860e-01
  2404 8.291131e-01
  2405 8.290401e-01
  2406 8.289662e-01
  2407 8.288938e-01
  2408 8.288203e-01
  2409 8.287469e-01
  2410 8.286734e-01
  2411 8.285999e-01
  2412 8.285270e-01
  2413 8.284540e-01
  2414 8.283800e-01
  2415 8.283075e-01
  2416 8.282345e-01
  2417 8.281605e-01
  2418 8.280879e-01
  2419 8.280144e-01
  2420 8.279409e-01
  2421 8.278678e-01
  2422 8.277938e-01
  2423 8.277213e-01
  2424 8.276477e-01
  2425 8.275741e-01
  2426 8.275016e-01
  2427 8.274280e-01
  2428 8.273544e-01
  2429 8.272813e-01
  2430 8.272077e-01
  2431 8.271346e-01
  2432 8.270615e-01
  2433 8.269879e-01
  2434 8.269148e-01
  2435 8.268407e-01
  2436 8.267680e-01
  2437 8.266949e-01
  2438 8.266207e-01
  2439 8.265481e-01
  2440 8.264749e-01
  2441 8.264012e-01
  2442 8.263280e-01
  2443 8.262544e-01
  2444 8.261812e-01
  2445 8.261080e-01
  2446 8.260343e-01
  2447 8.259611e-01
  2448 8.258874e-01
  2449 8.258146e-01
  2450 8.257409e-01
  2451 8.256672e-01
  2452 8.255944e-01
  2453 8.255212e-01
  2454 8.254474e-01
  2455 8.253742e-01
  2456 8.253004e-01
  2457 8.252276e-01
  2458 8.251543e-01
  2459 8.250805e-01
  2460 8.250077e-01
  2461 8.249344e-01
  2462 8.248606e-01
  2463 8.247873e-01
  2464 8.247135e-01
  2465 8.246406e-01
  2466 8.245673e-01
  2467 8.244935e-01
  2468 8.244206e-01
  2469 8.243473e-01
  2470 8.242734e-01
  2471 8.242010e-01
  2472 8.241271e-01
  2473 8.240538e-01
  2474 8.239809e-01
  2475 8.239075e-01
  2476 8.238336e-01
  2477 8.237607e-01
  2478 8.236872e-01
  2479 8.236138e-01
  2480 8.235409e-01
  2481 8.234674e-01
  2482 8.233935e-01
  2483 8.233210e-01
  2484 8.232476e-01
  2485 8.231736e-01
  2486 8.231006e-01
  2487 8.230272e-01
  2488 8.229537e-01
  2489 8.228807e-01
  2490 8.228072e-01
  2491 8.227337e-01
  2492 8.226607e-01
  2493 8.225876e-01
  2494 8.225146e-01
  2495 8.224406e-01
  2496 8.223676e-01
  2497 8.222950e-01
  2498 8.222214e-01
  2499 8.221479e-01
  2500 8.220748e-01
  2501 8.220012e-01
  2502 8.219277e-01
  2503 8.218551e-01
  2504 8.217820e-01
  2505 8.217084e-01
  2506 8.216348e-01
  2507 8.215621e-01
  2508 8.214890e-01
  2509 8.214159e-01
  2510 8.213427e-01
  2511 8.212686e-01
  2512 8.211960e-01
  2513 8.211233e-01
  2514 8.210496e-01
  2515 8.209760e-01
  2516 8.209033e-01
  2517 8.208301e-01
  2518 8.207564e-01
  2519 8.206832e-01
  2520 8.206100e-01
  2521 8.205373e-01
  2522 8.204641e-01
  2523 8.203909e-01
  2524 8.203172e-01
  2525 8.202444e-01
  2526 8.201712e-01
  2527 8.200984e-01
  2528 8.200247e-01
  2529 8.199514e-01
  2530 8.198781e-01
  2531 8.198053e-01
  2532 8.197326e-01
  2533 8.196588e-01
  2534 8.195855e-01
  2535 8.195122e-01
  2536 8.194394e-01
  2537 8.193665e-01
  2538 8.192927e-01
  2539 8.192194e-01
  2540 8.191466e-01
  2541 8.190732e-01
  2542 8.190004e-01
  2543 8.189270e-01
  2544 8.188531e-01
  2545 8.187803e-01
  2546 8.187074e-01
  2547 8.186345e-01
  2548 8.185611e-01
  2549 8.184872e-01
  2550 8.184143e-01
  2551 8.183414e-01
  2552 8.182685e-01
  2553 8.181951e-01
  2554 8.181211e-01
  2555 8.180487e-01
  2556 8.179753e-01
  2557 8.179023e-01
  2558 8.178288e-01
  2559 8.177554e-01
  2560 8.176824e-01
  2561 8.176094e-01
  2562 8.175364e-01
  2563 8.174630e-01
  2564 8.173890e-01
  2565 8.173165e-01
  2566 8.172429e-01
  2567 8.171704e-01
  2568 8.170964e-01
  2569 8.170229e-01
  2570 8.169498e-01
  2571 8.168773e-01
  2572 8.168033e-01
  2573 8.167297e-01
  2574 8.166571e-01
  2575 8.165840e-01
  2576 8.165105e-01
  2577 8.164364e-01
  2578 8.163638e-01
  2579 8.162907e-01
  2580 8.162176e-01
  2581 8.161440e-01
  2582 8.160704e-01
  2583 8.159973e-01
  2584 8.159246e-01
  2585 8.158505e-01
  2586 8.157769e-01
  2587 8.157042e-01
  2588 8.156310e-01
  2589 8.155574e-01
  2590 8.154837e-01
  2591 8.154105e-01
  2592 8.153378e-01
  2593 8.152642e-01
  2594 8.151905e-01
  2595 8.151173e-01
  2596 8.150441e-01
  2597 8.149713e-01
  2598 8.148971e-01
  2599 8.148239e-01
  2600 8.147507e-01
  2601 8.146774e-01
  2602 8.146037e-01
  2603 8.145304e-01
  2604 8.144571e-01
  2605 8.143839e-01
  2606 8.143101e-01
  2607 8.142368e-01
  2608 8.141635e-01
  2609 8.140902e-01
  2610 8.140164e-01
  2611 8.139431e-01
  2612 8.138698e-01
  2613 8.137970e-01
  2614 8.137231e-01
  2615 8.136493e-01
  2616 8.135760e-01
  2617 8.135031e-01
  2618 8.134298e-01
  2619 8.133559e-01
  2620 8.132825e-01
  2621 8.132092e-01
  2622 8.131363e-01
  2623 8.130624e-01
  2624 8.129885e-01
  2625 8.129156e-01
  2626 8.128422e-01
  2627 8.127692e-01
  2628 8.126953e-01
  2629 8.126214e-01
  2630 8.125485e-01
  2631 8.124750e-01
  2632 8.124021e-01
  2633 8.123281e-01
  2634 8.122542e-01
  2635 8.121812e-01
  2636 8.121082e-01
  2637 8.120347e-01
  2638 8.119617e-01
  2639 8.118877e-01
  2640 8.118137e-01
  2641 8.117407e-01
  2642 8.116677e-01
  2643 8.115942e-01
  2644 8.115211e-01
  2645 8.114471e-01
  2646 8.113736e-01
  2647 8.113005e-01
  2648 8.112270e-01
  2649 8.111539e-01
  2650 8.110803e-01
  2651 8.110072e-01
  2652 8.109332e-01
  2653 8.108596e-01
  2654 8.107865e-01
  2655 8.107134e-01
  2656 8.106397e-01
  2657 8.105666e-01
  2658 8.104935e-01
  2659 8.104204e-01
  2660 8.103462e-01
  2661 8.102726e-01
  2662 8.101994e-01
  2663 8.101258e-01
  2664 8.100526e-01
  2665 8.099794e-01
  2666 8.099062e-01
  2667 8.098331e-01
  2668 8.097594e-01
  2669 8.096867e-01
  2670 8.096125e-01
  2671 8.095388e-01
  2672 8.094655e-01
  2673 8.093923e-01
  2674 8.093191e-01
  2675 8.092458e-01
  2676 8.091726e-01
  2677 8.090988e-01
  2678 8.090256e-01
  2679 8.089523e-01
  2680 8.088790e-01
  2681 8.088057e-01
  2682 8.087330e-01
  2683 8.086587e-01
  2684 8.085849e-01
  2685 8.085116e-01
  2686 8.084382e-01
  2687 8.083654e-01
  2688 8.082921e-01
  2689 8.082188e-01
  2690 8.081454e-01
  2691 8.080721e-01
  2692 8.079987e-01
  2693 8.079254e-01
  2694 8.078520e-01
  2695 8.077791e-01
  2696 8.077057e-01
  2697 8.076323e-01
  2698 8.075589e-01
  2699 8.074860e-01
  2700 8.074116e-01
  2701 8.073382e-01
  2702 8.072648e-01
  2703 8.071914e-01
  2704 8.071184e-01
  2705 8.070450e-01
  2706 8.069715e-01
  2707 8.068986e-01
  2708 8.068251e-01
  2709 8.067522e-01
  2710 8.066787e-01
  2711 8.066052e-01
  2712 8.065322e-01
  2713 8.064587e-01
  2714 8.063857e-01
  2715 8.063122e-01
  2716 8.062392e-01
  2717 8.061652e-01
  2718 8.060911e-01
  2719 8.060181e-01
  2720 8.059451e-01
  2721 8.058715e-01
  2722 8.057985e-01
  2723 8.057249e-01
  2724 8.056518e-01
  2725 8.055782e-01
  2726 8.055052e-01
  2727 8.054321e-01
  2728 8.053585e-01
  2729 8.052854e-01
  2730 8.052123e-01
  2731 8.051382e-01
  2732 8.050645e-01
  2733 8.049914e-01
  2734 8.049178e-01
  2735 8.048446e-01
  2736 8.047715e-01
  2737 8.046983e-01
  2738 8.046246e-01
  2739 8.045515e-01
  2740 8.044783e-01
  2741 8.044051e-01
  2742 8.043319e-01
  2743 8.042577e-01
  2744 8.041840e-01
  2745 8.041108e-01
  2746 8.040376e-01
  2747 8.039644e-01
  2748 8.038911e-01
  2749 8.038179e-01
  2750 8.037447e-01
  2751 8.036714e-01
  2752 8.035977e-01
  2753 8.035249e-01
  2754 8.034506e-01
  2755 8.033768e-01
  2756 8.033036e-01
  2757 8.032303e-01
  2758 8.031570e-01
  2759 8.030837e-01
  2760 8.030104e-01
  2761 8.029370e-01
  2762 8.028642e-01
  2763 8.027909e-01
  2764 8.027175e-01
  2765 8.026442e-01
  2766 8.025698e-01
  2767 8.024965e-01
  2768 8.024231e-01
  2769 8.023497e-01
  2770 8.022764e-01
  2771 8.022035e-01
  2772 8.021301e-01
  2773 8.020567e-01
  2774 8.019833e-01
  2775 8.019099e-01
  2776 8.018370e-01
  2777 8.017635e-01
  2778 8.016901e-01
  2779 8.016162e-01
  2780 8.015427e-01
  2781 8.014693e-01
  2782 8.013958e-01
  2783 8.013223e-01
  2784 8.012494e-01
  2785 8.011759e-01
  2786 8.011024e-01
  2787 8.010294e-01
  2788 8.009559e-01
  2789 8.008824e-01
  2790 8.008094e-01
  2791 8.007359e-01
  2792 8.006628e-01
  2793 8.005893e-01
  2794 8.005158e-01
  2795 8.004427e-01
  2796 8.003692e-01
  2797 8.002961e-01
  2798 8.002225e-01
  2799 8.001495e-01
  2800 8.000759e-01
  2801 8.000028e-01
  2802 7.999292e-01
  2803 7.998561e-01
  2804 7.997825e-01
  2805 7.997094e-01
  2806 7.996358e-01
  2807 7.995626e-01
  2808 7.994890e-01
  2809 7.994159e-01
  2810 7.993422e-01
  2811 7.992691e-01
  2812 7.991954e-01
  2813 7.991222e-01
  2814 7.990491e-01
  2815 7.989754e-01
  2816 7.989022e-01
  2817 7.988290e-01
  2818 7.987553e-01
  2819 7.986821e-01
  2820 7.986089e-01
  2821 7.985352e-01
  2822 7.984619e-01
  2823 7.983887e-01
  2824 7.983150e-01
  2825 7.982417e-01
  2826 7.981684e-01
  2827 7.980952e-01
  2828 7.980214e-01
  2829 7.979491e-01
  2830 7.978759e-01
  2831 7.978026e-01
  2832 7.977288e-01
  2833 7.976555e-01
  2834 7.975822e-01
  2835 7.975089e-01
  2836 7.974355e-01
  2837 7.973617e-01
  2838 7.972884e-01
  2839 7.972150e-01
  2840 7.971417e-01
  2841 7.970683e-01
  2842 7.969960e-01
  2843 7.969226e-01
  2844 7.968492e-01
  2845 7.967758e-01
  2846 7.967024e-01
  2847 7.966286e-01
  2848 7.965551e-01
  2849 7.964817e-01
  2850 7.964083e-01
  2851 7.963349e-01
  2852 7.962615e-01
  2853 7.961890e-01
  2854 7.961156e-01
  2855 7.960421e-01
  2856 7.959687e-01
  2857 7.958957e-01
  2858 7.958223e-01
  2859 7.957488e-01
  2860 7.956753e-01
  2861 7.956018e-01
  2862 7.955283e-01
  2863 7.954548e-01
  2864 7.953823e-01
  2865 7.953088e-01
  2866 7.952353e-01
  2867 7.951622e-01
  2868 7.950887e-01
  2869 7.950151e-01
  2870 7.949416e-01
  2871 7.948680e-01
  2872 7.947950e-01
  2873 7.947214e-01
  2874 7.946478e-01
  2875 7.945752e-01
  2876 7.945022e-01
  2877 7.944286e-01
  2878 7.943550e-01
  2879 7.942813e-01
  2880 7.942082e-01
  2881 7.941346e-01
  2882 7.940610e-01
  2883 7.939878e-01
  2884 7.939142e-01
  2885 7.938405e-01
  2886 7.937674e-01
  2887 7.936937e-01
  2888 7.936210e-01
  2889 7.935479e-01
  2890 7.934742e-01
  2891 7.934010e-01
  2892 7.933273e-01
  2893 7.932541e-01
  2894 7.931804e-01
  2895 7.931071e-01
  2896 7.930334e-01
  2897 7.929602e-01
  2898 7.928864e-01
  2899 7.928132e-01
  2900 7.927394e-01
  2901 7.926662e-01
  2902 7.925934e-01
  2903 7.925202e-01
  2904 7.924464e-01
  2905 7.923731e-01
  2906 7.922993e-01
  2907 7.922260e-01
  2908 7.921527e-01
  2909 7.920789e-01
  2910 7.920056e-01
  2911 7.919322e-01
  2912 7.918584e-01
  2913 7.917851e-01
  2914 7.917117e-01
  2915 7.916378e-01
  2916 7.915645e-01
  2917 7.914921e-01
  2918 7.914183e-01
  2919 7.913449e-01
  2920 7.912715e-01
  2921 7.911981e-01
  2922 7.911247e-01
  2923 7.910508e-01
  2924 7.909774e-01
  2925 7.909039e-01
  2926 7.908305e-01
  2927 7.907571e-01
  2928 7.906831e-01
  2929 7.906097e-01
  2930 7.905372e-01
  2931 7.904638e-01
  2932 7.903903e-01
  2933 7.903168e-01
  2934 7.902434e-01
  2935 7.901699e-01
  2936 7.900964e-01
  2937 7.900224e-01
  2938 7.899489e-01
  2939 7.898753e-01
  2940 7.898028e-01
  2941 7.897293e-01
  2942 7.896558e-01
  2943 7.895822e-01
  2944 7.895087e-01
  2945 7.894351e-01
  2946 7.893615e-01
  2947 7.892880e-01
  2948 7.892149e-01
  2949 7.891423e-01
  2950 7.890687e-01
  2951 7.889951e-01
  2952 7.889215e-01
  2953 7.888479e-01
  2954 7.887743e-01
  2955 7.887007e-01
  2956 7.886276e-01
  2957 7.885549e-01
  2958 7.884813e-01
  2959 7.884076e-01
  2960 7.883340e-01
  2961 7.882603e-01
  2962 7.881871e-01
  2963 7.881145e-01
  2964 7.880408e-01
  2965 7.879671e-01
  2966 7.878939e-01
  2967 7.878202e-01
  2968 7.877465e-01
  2969 7.876743e-01
  2970 7.876006e-01
  2971 7.875268e-01
  2972 7.874531e-01
  2973 7.873798e-01
  2974 7.873071e-01
  2975 7.872333e-01
  2976 7.871601e-01
  2977 7.870863e-01
  2978 7.870130e-01
  2979 7.869402e-01
  2980 7.868664e-01
  2981 7.867932e-01
  2982 7.867193e-01
  2983 7.866460e-01
  2984 7.865732e-01
  2985 7.864999e-01
  2986 7.864261e-01
  2987 7.863527e-01
  2988 7.862789e-01
  2989 7.862065e-01
  2990 7.861327e-01
  2991 7.860593e-01
  2992 7.859859e-01
  2993 7.859131e-01
  2994 7.858397e-01
  2995 7.857658e-01
  2996 7.856924e-01
  2997 7.856195e-01
  2998 7.855461e-01
  2999 7.854727e-01
  3000 7.853987e-01
  3001 7.853263e-01
  3002 7.852529e-01
  3003 7.851789e-01
  3004 7.851055e-01
  3005 7.850320e-01
  3006 7.849596e-01
  3007 7.848856e-01
  3008 7.848121e-01
  3009 7.847386e-01
  3010 7.846656e-01
  3011 7.845921e-01
  3012 7.845186e-01
  3013 7.844451e-01
  3014 7.843726e-01
  3015 7.842986e-01
  3016 7.842250e-01
  3017 7.841515e-01
  3018 7.840790e-01
  3019 7.840054e-01
  3020 7.839318e-01
  3021 7.838583e-01
  3022 7.837857e-01
  3023 7.837116e-01
  3024 7.836380e-01
  3025 7.835644e-01
  3026 7.834918e-01
  3027 7.834182e-01
  3028 7.833446e-01
  3029 7.832710e-01
  3030 7.831984e-01
  3031 7.831247e-01
  3032 7.830511e-01
  3033 7.829774e-01
  3034 7.829048e-01
  3035 7.828311e-01
  3036 7.827575e-01
  3037 7.826838e-01
  3038 7.826111e-01
  3039 7.825374e-01
  3040 7.824637e-01
  3041 7.823905e-01
  3042 7.823178e-01
  3043 7.822441e-01
  3044 7.821704e-01
  3045 7.820967e-01
  3046 7.820239e-01
  3047 7.819502e-01
  3048 7.818769e-01
  3049 7.818032e-01
  3050 7.817294e-01
  3051 7.816567e-01
  3052 7.815829e-01
  3053 7.815096e-01
  3054 7.814358e-01
  3055 7.813630e-01
  3056 7.812892e-01
  3057 7.812159e-01
  3058 7.811421e-01
  3059 7.810693e-01
  3060 7.809959e-01
  3061 7.809221e-01
  3062 7.808488e-01
  3063 7.807759e-01
  3064 7.807021e-01
  3065 7.806282e-01
  3066 7.805548e-01
  3067 7.804809e-01
  3068 7.804086e-01
  3069 7.803347e-01
  3070 7.802608e-01
  3071 7.801874e-01
  3072 7.801145e-01
  3073 7.800410e-01
  3074 7.799671e-01
  3075 7.798937e-01
  3076 7.798208e-01
  3077 7.797473e-01
  3078 7.796733e-01
  3079 7.795999e-01
  3080 7.795269e-01
  3081 7.794535e-01
  3082 7.793795e-01
  3083 7.793060e-01
  3084 7.792325e-01
  3085 7.791595e-01
  3086 7.790855e-01
  3087 7.790120e-01
  3088 7.789385e-01
  3089 7.788660e-01
  3090 7.787919e-01
  3091 7.787184e-01
  3092 7.786453e-01
  3093 7.785718e-01
  3094 7.784982e-01
  3095 7.784246e-01
  3096 7.783516e-01
  3097 7.782780e-01
  3098 7.782039e-01
  3099 7.781308e-01
  3100 7.780577e-01
  3101 7.779836e-01
  3102 7.779105e-01
  3103 7.778374e-01
  3104 7.777638e-01
  3105 7.776901e-01
  3106 7.776165e-01
  3107 7.775433e-01
  3108 7.774697e-01
  3109 7.773960e-01
  3110 7.773234e-01
  3111 7.772497e-01
  3112 7.771755e-01
  3113 7.771023e-01
  3114 7.770291e-01
  3115 7.769554e-01
  3116 7.768822e-01
  3117 7.768090e-01
  3118 7.767353e-01
  3119 7.766615e-01
  3120 7.765888e-01
  3121 7.765151e-01
  3122 7.764413e-01
  3123 7.763686e-01
  3124 7.762948e-01
  3125 7.762210e-01
  3126 7.761483e-01
  3127 7.760745e-01
  3128 7.760007e-01
  3129 7.759279e-01
  3130 7.758541e-01
  3131 7.757808e-01
  3132 7.757075e-01
  3133 7.756342e-01
  3134 7.755609e-01
  3135 7.754870e-01
  3136 7.754137e-01
  3137 7.753408e-01
  3138 7.752670e-01
  3139 7.751936e-01
  3140 7.751202e-01
  3141 7.750469e-01
  3142 7.749740e-01
  3143 7.749001e-01
  3144 7.748267e-01
  3145 7.747533e-01
  3146 7.746794e-01
  3147 7.746060e-01
  3148 7.745331e-01
  3149 7.744596e-01
  3150 7.743867e-01
  3151 7.743128e-01
  3152 7.742393e-01
  3153 7.741664e-01
  3154 7.740924e-01
  3155 7.740200e-01
  3156 7.739454e-01
  3157 7.738725e-01
  3158 7.737995e-01
  3159 7.737255e-01
  3160 7.736530e-01
  3161 7.735790e-01
  3162 7.735055e-01
  3163 7.734325e-01
  3164 7.733589e-01
  3165 7.732859e-01
  3166 7.732124e-01
  3167 7.731393e-01
  3168 7.730652e-01
  3169 7.729917e-01
  3170 7.729186e-01
  3171 7.728450e-01
  3172 7.727725e-01
  3173 7.726984e-01
  3174 7.726248e-01
  3175 7.725517e-01
  3176 7.724786e-01
  3177 7.724055e-01
  3178 7.723313e-01
  3179 7.722582e-01
  3180 7.721851e-01
  3181 7.721114e-01
  3182 7.720383e-01
  3183 7.719646e-01
  3184 7.718920e-01
  3185 7.718178e-01
  3186 7.717446e-01
  3187 7.716715e-01
  3188 7.715977e-01
  3189 7.715251e-01
  3190 7.714508e-01
  3191 7.713776e-01
  3192 7.713044e-01
  3193 7.712312e-01
  3194 7.711580e-01
  3195 7.710842e-01
  3196 7.710115e-01
  3197 7.709378e-01
  3198 7.708640e-01
  3199 7.707913e-01
  3200 7.707175e-01
  3201 7.706447e-01
  3202 7.705704e-01
  3203 7.704976e-01
  3204 7.704243e-01
  3205 7.703505e-01
  3206 7.702777e-01
  3207 7.702039e-01
  3208 7.701306e-01
  3209 7.700572e-01
  3210 7.699839e-01
  3211 7.699111e-01
  3212 7.698367e-01
  3213 7.697639e-01
  3214 7.696905e-01
  3215 7.696171e-01
  3216 7.695443e-01
  3217 7.694698e-01
  3218 7.693970e-01
  3219 7.693236e-01
  3220 7.692502e-01
  3221 7.691773e-01
  3222 7.691033e-01
  3223 7.690299e-01
  3224 7.689570e-01
  3225 7.688836e-01
  3226 7.688106e-01
  3227 7.687361e-01
  3228 7.686632e-01
  3229 7.685897e-01
  3230 7.685168e-01
  3231 7.684433e-01
  3232 7.683698e-01
  3233 7.682968e-01
  3234 7.682228e-01
  3235 7.681498e-01
  3236 7.680768e-01
  3237 7.680033e-01
  3238 7.679303e-01
  3239 7.678562e-01
  3240 7.677827e-01
  3241 7.677097e-01
  3242 7.676361e-01
  3243 7.675631e-01
  3244 7.674900e-01
  3245 7.674169e-01
  3246 7.673428e-01
  3247 7.672692e-01
  3248 7.671962e-01
  3249 7.671231e-01
  3250 7.670495e-01
  3251 7.669764e-01
  3252 7.669032e-01
  3253 7.668291e-01
  3254 7.667560e-01
  3255 7.666828e-01
  3256 7.666092e-01
  3257 7.665360e-01
  3258 7.664629e-01
  3259 7.663897e-01
  3260 7.663160e-01
  3261 7.662429e-01
  3262 7.661697e-01
  3263 7.660965e-01
  3264 7.660223e-01
  3265 7.659491e-01
  3266 7.658759e-01
  3267 7.658027e-01
  3268 7.657294e-01
  3269 7.656557e-01
  3270 7.655825e-01
  3271 7.655092e-01
  3272 7.654360e-01
  3273 7.653627e-01
  3274 7.652895e-01
  3275 7.652162e-01
  3276 7.651429e-01
  3277 7.650696e-01
  3278 7.649963e-01
  3279 7.649225e-01
  3280 7.648492e-01
  3281 7.647759e-01
  3282 7.647026e-01
  3283 7.646293e-01
  3284 7.645559e-01
  3285 7.644826e-01
  3286 7.644092e-01
  3287 7.643359e-01
  3288 7.642625e-01
  3289 7.641892e-01
  3290 7.641163e-01
  3291 7.640429e-01
  3292 7.639695e-01
  3293 7.638961e-01
  3294 7.638227e-01
  3295 7.637493e-01
  3296 7.636764e-01
  3297 7.636030e-01
  3298 7.635296e-01
  3299 7.634561e-01
  3300 7.633827e-01
  3301 7.633098e-01
  3302 7.632363e-01
  3303 7.631629e-01
  3304 7.630894e-01
  3305 7.630164e-01
  3306 7.629429e-01
  3307 7.628694e-01
  3308 7.627959e-01
  3309 7.627224e-01
  3310 7.626500e-01
  3311 7.625759e-01
  3312 7.625029e-01
  3313 7.624294e-01
  3314 7.623558e-01
  3315 7.622823e-01
  3316 7.622087e-01
  3317 7.621362e-01
  3318 7.620626e-01
  3319 7.619891e-01
  3320 7.619160e-01
  3321 7.618424e-01
  3322 7.617693e-01
  3323 7.616957e-01
  3324 7.616226e-01
  3325 7.615490e-01
  3326 7.614754e-01
  3327 7.614023e-01
  3328 7.613286e-01
  3329 7.612560e-01
  3330 7.611824e-01
  3331 7.611087e-01
  3332 7.610356e-01
  3333 7.609619e-01
  3334 7.608893e-01
  3335 7.608156e-01
  3336 7.607419e-01
  3337 7.606687e-01
  3338 7.605950e-01
  3339 7.605223e-01
  3340 7.604486e-01
  3341 7.603754e-01
  3342 7.603016e-01
  3343 7.602284e-01
  3344 7.601547e-01
  3345 7.600809e-01
  3346 7.600082e-01
  3347 7.599344e-01
  3348 7.598611e-01
  3349 7.597879e-01
  3350 7.597141e-01
  3351 7.596413e-01
  3352 7.595675e-01
  3353 7.594942e-01
  3354 7.594209e-01
  3355 7.593471e-01
  3356 7.592743e-01
  3357 7.592004e-01
  3358 7.591271e-01
  3359 7.590538e-01
  3360 7.589804e-01
  3361 7.589066e-01
  3362 7.588332e-01
  3363 7.587604e-01
  3364 7.586865e-01
  3365 7.586131e-01
  3366 7.585397e-01
  3367 7.584663e-01
  3368 7.583934e-01
  3369 7.583195e-01
  3370 7.582461e-01
  3371 7.581727e-01
  3372 7.580992e-01
  3373 7.580258e-01
  3374 7.579524e-01
  3375 7.578794e-01
  3376 7.578054e-01
  3377 7.577325e-01
  3378 7.576585e-01
  3379 7.575850e-01
  3380 7.575116e-01
  3381 7.574381e-01
  3382 7.573651e-01
  3383 7.572916e-01
  3384 7.572181e-01
  3385 7.571445e-01
  3386 7.570710e-01
  3387 7.569985e-01
  3388 7.569245e-01
  3389 7.568509e-01
  3390 7.567774e-01
  3391 7.567038e-01
  3392 7.566313e-01
  3393 7.565572e-01
  3394 7.564841e-01
  3395 7.564105e-01
  3396 7.563369e-01
  3397 7.562644e-01
  3398 7.561902e-01
  3399 7.561172e-01
  3400 7.560435e-01
  3401 7.559699e-01
  3402 7.558973e-01
  3403 7.558237e-01
  3404 7.557500e-01
  3405 7.556763e-01
  3406 7.556032e-01
  3407 7.555301e-01
  3408 7.554564e-01
  3409 7.553832e-01
  3410 7.553100e-01
  3411 7.552363e-01
  3412 7.551631e-01
  3413 7.550894e-01
  3414 7.550162e-01
  3415 7.549430e-01
  3416 7.548693e-01
  3417 7.547961e-01
  3418 7.547234e-01
  3419 7.546496e-01
  3420 7.545764e-01
  3421 7.545031e-01
  3422 7.544293e-01
  3423 7.543561e-01
  3424 7.542828e-01
  3425 7.542090e-01
  3426 7.541362e-01
  3427 7.540624e-01
  3428 7.539891e-01
  3429 7.539163e-01
  3430 7.538425e-01
  3431 7.537692e-01
  3432 7.536964e-01
  3433 7.536236e-01
  3434 7.535497e-01
  3435 7.534764e-01
  3436 7.534035e-01
  3437 7.533297e-01
  3438 7.532563e-01
  3439 7.531834e-01
  3440 7.531095e-01
  3441 7.530361e-01
  3442 7.529638e-01
  3443 7.528899e-01
  3444 7.528165e-01
  3445 7.527436e-01
  3446 7.526707e-01
  3447 7.525967e-01
  3448 7.525233e-01
  3449 7.524509e-01
  3450 7.523769e-01
  3451 7.523034e-01
  3452 7.522305e-01
  3453 7.521576e-01
  3454 7.520841e-01
  3455 7.520106e-01
  3456 7.519376e-01
  3457 7.518646e-01
  3458 7.517911e-01
  3459 7.517176e-01
  3460 7.516446e-01
  3461 7.515711e-01
  3462 7.514976e-01
  3463 7.514245e-01
  3464 7.513520e-01
  3465 7.512780e-01
  3466 7.512049e-01
  3467 7.511319e-01
  3468 7.510588e-01
  3469 7.509852e-01
  3470 7.509116e-01
  3471 7.508386e-01
  3472 7.507655e-01
  3473 7.506929e-01
  3474 7.506188e-01
  3475 7.505457e-01
  3476 7.504726e-01
  3477 7.504000e-01
  3478 7.503258e-01
  3479 7.502527e-01
  3480 7.501795e-01
  3481 7.501069e-01
  3482 7.500332e-01
  3483 7.499595e-01
  3484 7.498869e-01
  3485 7.498137e-01
  3486 7.497400e-01
  3487 7.496668e-01
  3488 7.495937e-01
  3489 7.495210e-01
  3490 7.494478e-01
  3491 7.493740e-01
  3492 7.493008e-01
  3493 7.492276e-01
  3494 7.491549e-01
  3495 7.490811e-01
  3496 7.490079e-01
  3497 7.489346e-01
  3498 7.488619e-01
  3499 7.487881e-01
  3500 7.487148e-01
  3501 7.486415e-01
  3502 7.485687e-01
  3503 7.484960e-01
  3504 7.484216e-01
  3505 7.483488e-01
  3506 7.482755e-01
  3507 7.482027e-01
  3508 7.481288e-01
  3509 7.480555e-01
  3510 7.479827e-01
  3511 7.479093e-01
  3512 7.478354e-01
  3513 7.477626e-01
  3514 7.476892e-01
  3515 7.476163e-01
  3516 7.475435e-01
  3517 7.474696e-01
  3518 7.473961e-01
  3519 7.473233e-01
  3520 7.472504e-01
  3521 7.471764e-01
  3522 7.471030e-01
  3523 7.470301e-01
  3524 7.469572e-01
  3525 7.468832e-01
  3526 7.468102e-01
  3527 7.467368e-01
  3528 7.466638e-01
  3529 7.465909e-01
  3530 7.465168e-01
  3531 7.464439e-01
  3532 7.463709e-01
  3533 7.462979e-01
  3534 7.462239e-01
  3535 7.461503e-01
  3536 7.460773e-01
  3537 7.460043e-01
  3538 7.459308e-01
  3539 7.458572e-01
  3540 7.457842e-01
  3541 7.457111e-01
  3542 7.456381e-01
  3543 7.455645e-01
  3544 7.454909e-01
  3545 7.454178e-01
  3546 7.453448e-01
  3547 7.452712e-01
  3548 7.451975e-01
  3549 7.451250e-01
  3550 7.450519e-01
  3551 7.449788e-01
  3552 7.449046e-01
  3553 7.448314e-01
  3554 7.447583e-01
  3555 7.446852e-01
  3556 7.446120e-01
  3557 7.445383e-01
  3558 7.444652e-01
  3559 7.443920e-01
  3560 7.443188e-01
  3561 7.442457e-01
  3562 7.441719e-01
  3563 7.440987e-01
  3564 7.440255e-01
  3565 7.439523e-01
  3566 7.438791e-01
  3567 7.438054e-01
  3568 7.437321e-01
  3569 7.436589e-01
  3570 7.435856e-01
  3571 7.435124e-01
  3572 7.434397e-01
  3573 7.433653e-01
  3574 7.432920e-01
  3575 7.432193e-01
  3576 7.431460e-01
  3577 7.430727e-01
  3578 7.429999e-01
  3579 7.429256e-01
  3580 7.428528e-01
  3581 7.427795e-01
  3582 7.427061e-01
  3583 7.426333e-01
  3584 7.425600e-01
  3585 7.424861e-01
  3586 7.424127e-01
  3587 7.423394e-01
  3588 7.422665e-01
  3589 7.421931e-01
  3590 7.421203e-01
  3591 7.420469e-01
  3592 7.419729e-01
  3593 7.418995e-01
  3594 7.418266e-01
  3595 7.417532e-01
  3596 7.416803e-01
  3597 7.416069e-01
  3598 7.415340e-01
  3599 7.414605e-01
  3600 7.413876e-01
  3601 7.413136e-01
  3602 7.412401e-01
  3603 7.411672e-01
  3604 7.410937e-01
  3605 7.410207e-01
  3606 7.409472e-01
  3607 7.408742e-01
  3608 7.408013e-01
  3609 7.407277e-01
  3610 7.406547e-01
  3611 7.405812e-01
  3612 7.405071e-01
  3613 7.404341e-01
  3614 7.403611e-01
  3615 7.402875e-01
  3616 7.402145e-01
  3617 7.401414e-01
  3618 7.400678e-01
  3619 7.399948e-01
  3620 7.399217e-01
  3621 7.398481e-01
  3622 7.397750e-01
  3623 7.397019e-01
  3624 7.396288e-01
  3625 7.395557e-01
  3626 7.394820e-01
  3627 7.394078e-01
  3628 7.393347e-01
  3629 7.392616e-01
  3630 7.391884e-01
  3631 7.391153e-01
  3632 7.390416e-01
  3633 7.389684e-01
  3634 7.388953e-01
  3635 7.388221e-01
  3636 7.387489e-01
  3637 7.386757e-01
  3638 7.386025e-01
  3639 7.385293e-01
  3640 7.384561e-01
  3641 7.383829e-01
  3642 7.383097e-01
  3643 7.382364e-01
  3644 7.381632e-01
  3645 7.380899e-01
  3646 7.380167e-01
  3647 7.379434e-01
  3648 7.378691e-01
  3649 7.377958e-01
  3650 7.377225e-01
  3651 7.376492e-01
  3652 7.375759e-01
  3653 7.375026e-01
  3654 7.374293e-01
  3655 7.373560e-01
  3656 7.372832e-01
  3657 7.372099e-01
  3658 7.371365e-01
  3659 7.370632e-01
  3660 7.369898e-01
  3661 7.369164e-01
  3662 7.368436e-01
  3663 7.367702e-01
  3664 7.366968e-01
  3665 7.366234e-01
  3666 7.365506e-01
  3667 7.364772e-01
  3668 7.364038e-01
  3669 7.363303e-01
  3670 7.362575e-01
  3671 7.361840e-01
  3672 7.361106e-01
  3673 7.360377e-01
  3674 7.359642e-01
  3675 7.358902e-01
  3676 7.358167e-01
  3677 7.357438e-01
  3678 7.356703e-01
  3679 7.355968e-01
  3680 7.355238e-01
  3681 7.354503e-01
  3682 7.353773e-01
  3683 7.353038e-01
  3684 7.352308e-01
  3685 7.351573e-01
  3686 7.350843e-01
  3687 7.350107e-01
  3688 7.349377e-01
  3689 7.348647e-01
  3690 7.347911e-01
  3691 7.347181e-01
  3692 7.346445e-01
  3693 7.345714e-01
  3694 7.344984e-01
  3695 7.344248e-01
  3696 7.343517e-01
  3697 7.342786e-01
  3698 7.342050e-01
  3699 7.341319e-01
  3700 7.340588e-01
  3701 7.339856e-01
  3702 7.339120e-01
  3703 7.338388e-01
  3704 7.337657e-01
  3705 7.336926e-01
  3706 7.336194e-01
  3707 7.335457e-01
  3708 7.334720e-01
  3709 7.333988e-01
  3710 7.333251e-01
  3711 7.332519e-01
  3712 7.331787e-01
  3713 7.331055e-01
  3714 7.330323e-01
  3715 7.329591e-01
  3716 7.328859e-01
  3717 7.328127e-01
  3718 7.327394e-01
  3719 7.326662e-01
  3720 7.325929e-01
  3721 7.325197e-01
  3722 7.324464e-01
  3723 7.323731e-01
  3724 7.322999e-01
  3725 7.322271e-01
  3726 7.321538e-01
  3727 7.320805e-01
  3728 7.320083e-01
  3729 7.319350e-01
  3730 7.318617e-01
  3731 7.317883e-01
  3732 7.317150e-01
  3733 7.316422e-01
  3734 7.315688e-01
  3735 7.314955e-01
  3736 7.314221e-01
  3737 7.313493e-01
  3738 7.312759e-01
  3739 7.312025e-01
  3740 7.311297e-01
  3741 7.310562e-01
  3742 7.309828e-01
  3743 7.309100e-01
  3744 7.308365e-01
  3745 7.307631e-01
  3746 7.306902e-01
  3747 7.306168e-01
  3748 7.305433e-01
  3749 7.304704e-01
  3750 7.303980e-01
  3751 7.303251e-01
  3752 7.302516e-01
  3753 7.301786e-01
  3754 7.301051e-01
  3755 7.300322e-01
  3756 7.299587e-01
  3757 7.298857e-01
  3758 7.298122e-01
  3759 7.297392e-01
  3760 7.296656e-01
  3761 7.295937e-01
  3762 7.295202e-01
  3763 7.294471e-01
  3764 7.293736e-01
  3765 7.293005e-01
  3766 7.292275e-01
  3767 7.291539e-01
  3768 7.290808e-01
  3769 7.290078e-01
  3770 7.289353e-01
  3771 7.288622e-01
  3772 7.287891e-01
  3773 7.287155e-01
  3774 7.286424e-01
  3775 7.285693e-01
  3776 7.284961e-01
  3777 7.284230e-01
  3778 7.283504e-01
  3779 7.282773e-01
  3780 7.282042e-01
  3781 7.281305e-01
  3782 7.280573e-01
  3783 7.279841e-01
  3784 7.279110e-01
  3785 7.278378e-01
  3786 7.277657e-01
  3787 7.276920e-01
  3788 7.276188e-01
  3789 7.275455e-01
  3790 7.274723e-01
  3791 7.273991e-01
  3792 7.273270e-01
  3793 7.272537e-01
  3794 7.271805e-01
  3795 7.271072e-01
  3796 7.270340e-01
  3797 7.269602e-01
  3798 7.268874e-01
  3799 7.268153e-01
  3800 7.267414e-01
  3801 7.266681e-01
  3802 7.265954e-01
  3803 7.265215e-01
  3804 7.264487e-01
  3805 7.263765e-01
  3806 7.263032e-01
  3807 7.262298e-01
  3808 7.261565e-01
  3809 7.260831e-01
  3810 7.260098e-01
  3811 7.259375e-01
  3812 7.258641e-01
  3813 7.257907e-01
  3814 7.257179e-01
  3815 7.256445e-01
  3816 7.255711e-01
  3817 7.254988e-01
  3818 7.254253e-01
  3819 7.253519e-01
  3820 7.252790e-01
  3821 7.252056e-01
  3822 7.251321e-01
  3823 7.250598e-01
  3824 7.249863e-01
  3825 7.249134e-01
  3826 7.248399e-01
  3827 7.247664e-01
  3828 7.246935e-01
  3829 7.246211e-01
  3830 7.245476e-01
  3831 7.244746e-01
  3832 7.244011e-01
  3833 7.243275e-01
  3834 7.242545e-01
  3835 7.241821e-01
  3836 7.241091e-01
  3837 7.240355e-01
  3838 7.239620e-01
  3839 7.238889e-01
  3840 7.238159e-01
  3841 7.237434e-01
  3842 7.236698e-01
  3843 7.235968e-01
  3844 7.235231e-01
  3845 7.234501e-01
  3846 7.233770e-01
  3847 7.233045e-01
  3848 7.232308e-01
  3849 7.231577e-01
  3850 7.230846e-01
  3851 7.230109e-01
  3852 7.229378e-01
  3853 7.228652e-01
  3854 7.227921e-01
  3855 7.227190e-01
  3856 7.226453e-01
  3857 7.225721e-01
  3858 7.224989e-01
  3859 7.224263e-01
  3860 7.223531e-01
  3861 7.222799e-01
  3862 7.222062e-01
  3863 7.221335e-01
  3864 7.220609e-01
  3865 7.219877e-01
  3866 7.219144e-01
  3867 7.218407e-01
  3868 7.217680e-01
  3869 7.216953e-01
  3870 7.216220e-01
  3871 7.215488e-01
  3872 7.214755e-01
  3873 7.214022e-01
  3874 7.213295e-01
  3875 7.212562e-01
  3876 7.211829e-01
  3877 7.211096e-01
  3878 7.210368e-01
  3879 7.209641e-01
  3880 7.208907e-01
  3881 7.208174e-01
  3882 7.207441e-01
  3883 7.206713e-01
  3884 7.205985e-01
  3885 7.205251e-01
  3886 7.204517e-01
  3887 7.203789e-01
  3888 7.203061e-01
  3889 7.202327e-01
  3890 7.201593e-01
  3891 7.200864e-01
  3892 7.200141e-01
  3893 7.199407e-01
  3894 7.198672e-01
  3895 7.197943e-01
  3896 7.197220e-01
  3897 7.196486e-01
  3898 7.195751e-01
  3899 7.195022e-01
  3900 7.194298e-01
  3901 7.193563e-01
  3902 7.192828e-01
  3903 7.192099e-01
  3904 7.191375e-01
  3905 7.190640e-01
  3906 7.189910e-01
  3907 7.189186e-01
  3908 7.188451e-01
  3909 7.187715e-01
  3910 7.186985e-01
  3911 7.186261e-01
  3912 7.185525e-01
  3913 7.184800e-01
  3914 7.184076e-01
  3915 7.183340e-01
  3916 7.182604e-01
  3917 7.181879e-01
  3918 7.181154e-01
  3919 7.180418e-01
  3920 7.179687e-01
  3921 7.178962e-01
  3922 7.178231e-01
  3923 7.177500e-01
  3924 7.176775e-01
  3925 7.176038e-01
  3926 7.175313e-01
  3927 7.174587e-01
  3928 7.173850e-01
  3929 7.173124e-01
  3930 7.172398e-01
  3931 7.171661e-01
  3932 7.170935e-01
  3933 7.170209e-01
  3934 7.169472e-01
  3935 7.168746e-01
  3936 7.168019e-01
  3937 7.167287e-01
  3938 7.166555e-01
  3939 7.165834e-01
  3940 7.165097e-01
  3941 7.164370e-01
  3942 7.163643e-01
  3943 7.162905e-01
  3944 7.162178e-01
  3945 7.161457e-01
  3946 7.160719e-01
  3947 7.159992e-01
  3948 7.159264e-01
  3949 7.158537e-01
  3950 7.157810e-01
  3951 7.157077e-01
  3952 7.156344e-01
  3953 7.155622e-01
  3954 7.154883e-01
  3955 7.154155e-01
  3956 7.153433e-01
  3957 7.152694e-01
  3958 7.151972e-01
  3959 7.151244e-01
  3960 7.150510e-01
  3961 7.149787e-01
  3962 7.149054e-01
  3963 7.148325e-01
  3964 7.147597e-01
  3965 7.146863e-01
  3966 7.146134e-01
  3967 7.145406e-01
  3968 7.144677e-01
  3969 7.143954e-01
  3970 7.143219e-01
  3971 7.142491e-01
  3972 7.141762e-01
  3973 7.141027e-01
  3974 7.140298e-01
  3975 7.139574e-01
  3976 7.138845e-01
  3977 7.138116e-01
  3978 7.137381e-01
  3979 7.136651e-01
  3980 7.135927e-01
  3981 7.135192e-01
  3982 7.134462e-01
  3983 7.133738e-01
  3984 7.133008e-01
  3985 7.132284e-01
  3986 7.131542e-01
  3987 7.130818e-01
  3988 7.130093e-01
  3989 7.129358e-01
  3990 7.128627e-01
  3991 7.127897e-01
  3992 7.127172e-01
  3993 7.126442e-01
  3994 7.125705e-01
  3995 7.124980e-01
  3996 7.124255e-01
  3997 7.123519e-01
  3998 7.122788e-01
  3999 7.122062e-01
  4000 7.121331e-01
 