     0 1.000000e+00
     1 1.000000e+00
     2 9.999956e-01
     3 9.999912e-01
     4 9.999868e-01
     5 9.999781e-01
     6 9.999649e-01
     7 9.999561e-01
     8 9.999386e-01
     9 9.999254e-01
    10 9.999079e-01
    11 9.998860e-01
    12 9.998640e-01
    13 9.998421e-01
    14 9.998158e-01
    15 9.997895e-01
    16 9.997588e-01
    17 9.997281e-01
    18 9.996974e-01
    19 9.996623e-01
    20 9.996272e-01
    21 9.995877e-01
    22 9.995482e-01
    23 9.995087e-01
    24 9.994648e-01
    25 9.994210e-01
    26 9.993771e-01
    27 9.993288e-01
    28 9.992805e-01
    29 9.992279e-01
    30 9.991752e-01
    31 9.991225e-01
    32 9.990655e-01
    33 9.990084e-01
    34 9.989513e-01
    35 9.988899e-01
    36 9.988284e-01
    37 9.987669e-01
    38 9.987011e-01
    39 9.986352e-01
    40 9.985693e-01
    41 9.984991e-01
    42 9.984288e-01
    43 9.983585e-01
    44 9.982882e-01
    45 9.982136e-01
    46 9.981389e-01
    47 9.980642e-01
    48 9.979851e-01
    49 9.979060e-01
    50 9.978269e-01
    51 9.977478e-01
    52 9.976686e-01
    53 9.975851e-01
    54 9.975016e-01
    55 9.974181e-01
    56 9.973301e-01
    57 9.972466e-01
    58 9.971586e-01
    59 9.970707e-01
    60 9.969827e-01
    61 9.968903e-01
    62 9.968023e-01
    63 9.967099e-01
    64 9.966175e-01
    65 9.965251e-01
    66 9.964327e-01
    67 9.963359e-01
    68 9.962434e-01
    69 9.961510e-01
    70 9.960541e-01
    71 9.959573e-01
    72 9.958604e-01
    73 9.957635e-01
    74 9.956666e-01
    75 9.955653e-01
    76 9.954684e-01
    77 9.953715e-01
    78 9.952701e-01
    79 9.951688e-01
    80 9.950718e-01
    81 9.949705e-01
    82 9.948691e-01
    83 9.947677e-01
    84 9.946663e-01
    85 9.945693e-01
    86 9.944679e-01
    87 9.943620e-01
    88 9.942606e-01
    89 9.941591e-01
    90 9.940577e-01
    91 9.939562e-01
    92 9.938547e-01
    93 9.937532e-01
    94 9.936517e-01
    95 9.935458e-01
    96 9.934443e-01
    97 9.933427e-01
    98 9.932412e-01
    99 9.931396e-01
   100 9.930381e-01
   101 9.929321e-01
   102 9.928305e-01
   103 9.927289e-01
   104 9.926273e-01
   105 9.925257e-01
   106 9.924240e-01
   107 9.923224e-01
   108 9.922252e-01
   109 9.921235e-01
   110 9.920219e-01
   111 9.919202e-01
   112 9.918185e-01
   113 9.917212e-01
   114 9.916195e-01
   115 9.915178e-01
   116 9.914205e-01
   117 9.913187e-01
   118 9.912214e-01
   119 9.911196e-01
   120 9.910223e-01
   121 9.909249e-01
   122 9.908276e-01
   123 9.907258e-01
   124 9.906284e-01
   125 9.905310e-01
   126 9.904336e-01
   127 9.903361e-01
   128 9.902432e-01
   129 9.901457e-01
   130 9.900483e-01
   131 9.899508e-01
   132 9.898578e-01
   133 9.897603e-01
   134 9.896628e-01
   135 9.895698e-01
   136 9.894767e-01
   137 9.893792e-01
   138 9.892861e-01
   139 9.891930e-01
   140 9.890955e-01
   141 9.890024e-01
   142 9.889092e-01
   143 9.888161e-01
   144 9.887230e-01
   145 9.886298e-01
   146 9.885367e-01
   147 9.884435e-01
   148 9.883548e-01
   149 9.882616e-01
   150 9.881684e-01
   151 9.880796e-01
   152 9.879864e-01
   153 9.878932e-01
   154 9.878044e-01
   155 9.877112e-01
   156 9.876224e-01
   157 9.875291e-01
   158 9.874403e-01
   159 9.873470e-01
   160 9.872582e-01
   161 9.871649e-01
   162 9.870761e-01
   163 9.869872e-01
   164 9.868939e-01
   165 9.868050e-01
   166 9.867161e-01
   167 9.866272e-01
   168 9.865339e-01
   169 9.864450e-01
   170 9.863561e-01
   171 9.862671e-01
   172 9.861738e-01
   173 9.860848e-01
   174 9.859959e-01
   175 9.859069e-01
   176 9.858180e-01
   177 9.857245e-01
   178 9.856355e-01
   179 9.855466e-01
   180 9.854576e-01
   181 9.853686e-01
   182 9.852751e-01
   183 9.851861e-01
   184 9.850970e-01
   185 9.850080e-01
   186 9.849145e-01
   187 9.848254e-01
   188 9.847364e-01
   189 9.846473e-01
   190 9.845538e-01
   191 9.844647e-01
   192 9.843756e-01
   193 9.842820e-01
   194 9.841929e-01
   195 9.840993e-01
   196 9.840102e-01
   197 9.839166e-01
   198 9.838275e-01
   199 9.837339e-01
   200 9.836447e-01
   201 9.835511e-01
   202 9.834619e-01
   203 9.833682e-01
   204 9.832746e-01
   205 9.831854e-01
   206 9.830917e-01
   207 9.830025e-01
   208 9.829088e-01
   209 9.828151e-01
   210 9.827214e-01
   211 9.826277e-01
   212 9.825384e-01
   213 9.824447e-01
   214 9.823509e-01
   215 9.822572e-01
   216 9.821634e-01
   217 9.820697e-01
   218 9.819759e-01
   219 9.818821e-01
   220 9.817883e-01
   221 9.816945e-01
   222 9.816007e-01
   223 9.815069e-01
   224 9.814085e-01
   225 9.813147e-01
   226 9.812209e-01
   227 9.811270e-01
   228 9.810331e-01
   229 9.809348e-01
   230 9.808409e-01
   231 9.807470e-01
   232 9.806531e-01
   233 9.805547e-01
   234 9.804608e-01
   235 9.803668e-01
   236 9.802684e-01
   237 9.801745e-01
   238 9.800805e-01
   239 9.799821e-01
   240 9.798881e-01
   241 9.797896e-01
   242 9.796956e-01
   243 9.796016e-01
   244 9.795031e-01
   245 9.794091e-01
   246 9.793106e-01
   247 9.792166e-01
   248 9.791180e-01
   249 9.790240e-01
   250 9.789254e-01
   251 9.788313e-01
   252 9.787372e-01
   253 9.786387e-01
   254 9.785446e-01
   255 9.784460e-01
   256 9.783518e-01
   257 9.782532e-01
   258 9.781591e-01
   259 9.780604e-01
   260 9.779663e-01
   261 9.778676e-01
   262 9.777734e-01
   263 9.776792e-01
   264 9.775805e-01
   265 9.774863e-01
   266 9.773921e-01
   267 9.772934e-01
   268 9.771992e-01
   269 9.771004e-01
   270 9.770062e-01
   271 9.769119e-01
   272 9.768131e-01
   273 9.767189e-01
   274 9.766246e-01
   275 9.765303e-01
   276 9.764315e-01
   277 9.763371e-01
   278 9.762428e-01
   279 9.761485e-01
   280 9.760541e-01
   281 9.759598e-01
   282 9.758609e-01
   283 9.757665e-01
   284 9.756722e-01
   285 9.755778e-01
   286 9.754834e-01
   287 9.753889e-01
   288 9.752945e-01
   289 9.752001e-01
   290 9.751057e-01
   291 9.750112e-01
   292 9.749167e-01
   293 9.748223e-01
   294 9.747278e-01
   295 9.746333e-01
   296 9.745388e-01
   297 9.744443e-01
   298 9.743543e-01
   299 9.742598e-01
   300 9.741653e-01
   301 9.740707e-01
   302 9.739762e-01
   303 9.738861e-01
   304 9.737915e-01
   305 9.736970e-01
   306 9.736024e-01
   307 9.735123e-01
   308 9.734177e-01
   309 9.733231e-01
   310 9.732330e-01
   311 9.731383e-01
   312 9.730437e-01
   313 9.729535e-01
   314 9.728589e-01
   315 9.727687e-01
   316 9.726741e-01
   317 9.725794e-01
   318 9.724892e-01
   319 9.723945e-01
   320 9.723043e-01
   321 9.722096e-01
   322 9.721193e-01
   323 9.720246e-01
   324 9.719344e-01
   325 9.718396e-01
   326 9.717494e-01
   327 9.716546e-01
   328 9.715643e-01
   329 9.714695e-01
   330 9.713792e-01
   331 9.712844e-01
   332 9.711896e-01
   333 9.710993e-01
   334 9.710090e-01
   335 9.709141e-01
   336 9.708238e-01
   337 9.707289e-01
   338 9.706385e-01
   339 9.705437e-01
   340 9.704533e-01
   341 9.703584e-01
   342 9.702680e-01
   343 9.701731e-01
   344 9.700827e-01
   345 9.699877e-01
   346 9.698973e-01
   347 9.698024e-01
   348 9.697119e-01
   349 9.696169e-01
   350 9.695219e-01
   351 9.694315e-01
   352 9.693410e-01
   353 9.692460e-01
   354 9.691510e-01
   355 9.690605e-01
   356 9.689654e-01
   357 9.688749e-01
   358 9.687799e-01
   359 9.686848e-01
   360 9.685942e-01
   361 9.684992e-01
   362 9.684086e-01
   363 9.683135e-01
   364 9.682184e-01
   365 9.681278e-01
   366 9.680327e-01
   367 9.679375e-01
   368 9.678424e-01
   369 9.677517e-01
   370 9.676566e-01
   371 9.675614e-01
   372 9.674707e-01
   373 9.673756e-01
   374 9.672804e-01
   375 9.671851e-01
   376 9.670944e-01
   377 9.669992e-01
   378 9.669040e-01
   379 9.668087e-01
   380 9.667135e-01
   381 9.666227e-01
   382 9.665275e-01
   383 9.664322e-01
   384 9.663369e-01
   385 9.662416e-01
   386 9.661463e-01
   387 9.660555e-01
   388 9.659601e-01
   389 9.658648e-01
   390 9.657694e-01
   391 9.656741e-01
   392 9.655787e-01
   393 9.654833e-01
   394 9.653879e-01
   395 9.652925e-01
   396 9.651971e-01
   397 9.651017e-01
   398 9.650108e-01
   399 9.649154e-01
   400 9.648199e-01
   401 9.647245e-01
   402 9.646290e-01
   403 9.645335e-01
   404 9.644381e-01
   405 9.643426e-01
   406 9.642471e-01
   407 9.641516e-01
   408 9.640560e-01
   409 9.639605e-01
   410 9.638650e-01
   411 9.637694e-01
   412 9.636784e-01
   413 9.635828e-01
   414 9.634872e-01
   415 9.633917e-01
   416 9.632961e-01
   417 9.632005e-01
   418 9.631048e-01
   419 9.630092e-01
   420 9.629136e-01
   421 9.628179e-01
   422 9.627223e-01
   423 9.626266e-01
   424 9.625355e-01
   425 9.624398e-01
   426 9.623441e-01
   427 9.622484e-01
   428 9.621527e-01
   429 9.620570e-01
   430 9.619613e-01
   431 9.618701e-01
   432 9.617743e-01
   433 9.616786e-01
   434 9.615828e-01
   435 9.614870e-01
   436 9.613958e-01
   437 9.613000e-01
   438 9.612042e-01
   439 9.611084e-01
   440 9.610171e-01
   441 9.609213e-01
   442 9.608255e-01
   443 9.607296e-01
   444 9.606383e-01
   445 9.605424e-01
   446 9.604465e-01
   447 9.603552e-01
   448 9.602593e-01
   449 9.601634e-01
   450 9.600721e-01
   451 9.599761e-01
   452 9.598802e-01
   453 9.597888e-01
   454 9.596929e-01
   455 9.596015e-01
   456 9.595055e-01
   457 9.594095e-01
   458 9.593181e-01
   459 9.592221e-01
   460 9.591306e-01
   461 9.590346e-01
   462 9.589432e-01
   463 9.588471e-01
   464 9.587556e-01
   465 9.586596e-01
   466 9.585681e-01
   467 9.584720e-01
   468 9.583805e-01
   469 9.582844e-01
   470 9.581929e-01
   471 9.580968e-01
   472 9.580052e-01
   473 9.579137e-01
   474 9.578175e-01
   475 9.577259e-01
   476 9.576298e-01
   477 9.575382e-01
   478 9.574466e-01
   479 9.573504e-01
   480 9.572588e-01
   481 9.571626e-01
   482 9.570709e-01
   483 9.569793e-01
   484 9.568830e-01
   485 9.567914e-01
   486 9.566997e-01
   487 9.566034e-01
   488 9.565117e-01
   489 9.564155e-01
   490 9.563237e-01
   491 9.562320e-01
   492 9.561357e-01
   493 9.560440e-01
   494 9.559522e-01
   495 9.558559e-01
   496 9.557641e-01
   497 9.556724e-01
   498 9.555760e-01
   499 9.554842e-01
   500 9.553924e-01
   501 9.552960e-01
   502 9.552042e-01
   503 9.551078e-01
   504 9.550159e-01
   505 9.549241e-01
   506 9.548276e-01
   507 9.547358e-01
   508 9.546439e-01
   509 9.545474e-01
   510 9.544555e-01
   511 9.543591e-01
   512 9.542672e-01
   513 9.541752e-01
   514 9.540787e-01
   515 9.539868e-01
   516 9.538948e-01
   517 9.537983e-01
   518 9.537063e-01
   519 9.536098e-01
   520 9.535178e-01
   521 9.534258e-01
   522 9.533292e-01
   523 9.532372e-01
   524 9.531406e-01
   525 9.530486e-01
   526 9.529519e-01
   527 9.528599e-01
   528 9.527632e-01
   529 9.526712e-01
   530 9.525791e-01
   531 9.524824e-01
   532 9.523857e-01
   533 9.522936e-01
   534 9.522015e-01
   535 9.521048e-01
   536 9.520127e-01
   537 9.519159e-01
   538 9.518238e-01
   539 9.517270e-01
   540 9.516303e-01
   541 9.515381e-01
   542 9.514413e-01
   543 9.513491e-01
   544 9.512523e-01
   545 9.511601e-01
   546 9.510633e-01
   547 9.509710e-01
   548 9.508742e-01
   549 9.507820e-01
   550 9.506851e-01
   551 9.505928e-01
   552 9.504959e-01
   553 9.504037e-01
   554 9.503068e-01
   555 9.502145e-01
   556 9.501175e-01
   557 9.500206e-01
   558 9.499283e-01
   559 9.498313e-01
   560 9.497390e-01
   561 9.496420e-01
   562 9.495496e-01
   563 9.494526e-01
   564 9.493603e-01
   565 9.492633e-01
   566 9.491709e-01
   567 9.490738e-01
   568 9.489768e-01
   569 9.488844e-01
   570 9.487873e-01
   571 9.486949e-01
   572 9.485978e-01
   573 9.485053e-01
   574 9.484082e-01
   575 9.483157e-01
   576 9.482186e-01
   577 9.481261e-01
   578 9.480290e-01
   579 9.479365e-01
   580 9.478393e-01
   581 9.477468e-01
   582 9.476496e-01
   583 9.475570e-01
   584 9.474598e-01
   585 9.473673e-01
   586 9.472700e-01
   587 9.471774e-01
   588 9.470802e-01
   589 9.469876e-01
   590 9.468903e-01
   591 9.467977e-01
   592 9.467004e-01
   593 9.466078e-01
   594 9.465105e-01
   595 9.464178e-01
   596 9.463252e-01
   597 9.462278e-01
   598 9.461351e-01
   599 9.460378e-01
   600 9.459451e-01
   601 9.458524e-01
   602 9.457550e-01
   603 9.456622e-01
   604 9.455648e-01
   605 9.454721e-01
   606 9.453793e-01
   607 9.452865e-01
   608 9.451891e-01
   609 9.450963e-01
   610 9.449989e-01
   611 9.449060e-01
   612 9.448132e-01
   613 9.447204e-01
   614 9.446229e-01
   615 9.445300e-01
   616 9.444325e-01
   617 9.443397e-01
   618 9.442468e-01
   619 9.441539e-01
   620 9.440563e-01
   621 9.439634e-01
   622 9.438705e-01
   623 9.437776e-01
   624 9.436846e-01
   625 9.435871e-01
   626 9.434941e-01
   627 9.434011e-01
   628 9.433035e-01
   629 9.432105e-01
   630 9.431175e-01
   631 9.430245e-01
   632 9.429315e-01
   633 9.428338e-01
   634 9.427408e-01
   635 9.426478e-01
   636 9.425547e-01
   637 9.424617e-01
   638 9.423640e-01
   639 9.422709e-01
   640 9.421778e-01
   641 9.420847e-01
   642 9.419916e-01
   643 9.418985e-01
   644 9.418007e-01
   645 9.417076e-01
   646 9.416144e-01
   647 9.415213e-01
   648 9.414281e-01
   649 9.413349e-01
   650 9.412371e-01
   651 9.411439e-01
   652 9.410507e-01
   653 9.409575e-01
   654 9.408643e-01
   655 9.407711e-01
   656 9.406778e-01
   657 9.405799e-01
   658 9.404867e-01
   659 9.403934e-01
   660 9.403001e-01
   661 9.402069e-01
   662 9.401136e-01
   663 9.400156e-01
   664 9.399223e-01
   665 9.398290e-01
   666 9.397357e-01
   667 9.396423e-01
   668 9.395490e-01
   669 9.394509e-01
   670 9.393576e-01
   671 9.392642e-01
   672 9.391708e-01
   673 9.390774e-01
   674 9.389794e-01
   675 9.388859e-01
   676 9.387925e-01
   677 9.386991e-01
   678 9.386057e-01
   679 9.385075e-01
   680 9.384141e-01
   681 9.383206e-01
   682 9.382271e-01
   683 9.381336e-01
   684 9.380401e-01
   685 9.379420e-01
   686 9.378484e-01
   687 9.377549e-01
   688 9.376614e-01
   689 9.375632e-01
   690 9.374696e-01
   691 9.373760e-01
   692 9.372825e-01
   693 9.371889e-01
   694 9.370906e-01
   695 9.369970e-01
   696 9.369034e-01
   697 9.368098e-01
   698 9.367115e-01
   699 9.366178e-01
   700 9.365242e-01
   701 9.364291e-01
   702 9.363350e-01
   703 9.362399e-01
   704 9.361448e-01
   705 9.360507e-01
   706 9.359556e-01
   707 9.358604e-01
   708 9.357653e-01
   709 9.356711e-01
   710 9.355760e-01
   711 9.354808e-01
   712 9.353856e-01
   713 9.352914e-01
   714 9.351967e-01
   715 9.351015e-01
   716 9.350063e-01
   717 9.349111e-01
   718 9.348172e-01
   719 9.347220e-01
   720 9.346268e-01
   721 9.345320e-01
   722 9.344367e-01
   723 9.343424e-01
   724 9.342476e-01
   725 9.341523e-01
   726 9.340574e-01
   727 9.339621e-01
   728 9.338673e-01
   729 9.337729e-01
   730 9.336780e-01
   731 9.335826e-01
   732 9.334877e-01
   733 9.333928e-01
   734 9.332975e-01
   735 9.332035e-01
   736 9.331086e-01
   737 9.330131e-01
   738 9.329182e-01
   739 9.328242e-01
   740 9.327292e-01
   741 9.326338e-01
   742 9.325388e-01
   743 9.324447e-01
   744 9.323497e-01
   745 9.322547e-01
   746 9.321606e-01
   747 9.320656e-01
   748 9.319705e-01
   749 9.318764e-01
   750 9.317813e-01
   751 9.316863e-01
   752 9.315921e-01
   753 9.314970e-01
   754 9.314029e-01
   755 9.313077e-01
   756 9.312126e-01
   757 9.311184e-01
   758 9.310233e-01
   759 9.309296e-01
   760 9.308344e-01
   761 9.307402e-01
   762 9.306464e-01
   763 9.305512e-01
   764 9.304569e-01
   765 9.303617e-01
   766 9.302679e-01
   767 9.301736e-01
   768 9.300784e-01
   769 9.299846e-01
   770 9.298902e-01
   771 9.297955e-01
   772 9.297011e-01
   773 9.296072e-01
   774 9.295129e-01
   775 9.294181e-01
   776 9.293242e-01
   777 9.292298e-01
   778 9.291358e-01
   779 9.290414e-01
   780 9.289466e-01
   781 9.288526e-01
   782 9.287582e-01
   783 9.286642e-01
   784 9.285702e-01
   785 9.284758e-01
   786 9.283818e-01
   787 9.282878e-01
   788 9.281938e-01
   789 9.280993e-01
   790 9.280043e-01
   791 9.279102e-01
   792 9.278162e-01
   793 9.277221e-01
   794 9.276276e-01
   795 9.275335e-01
   796 9.274394e-01
   797 9.273453e-01
   798 9.272512e-01
   799 9.271571e-01
   800 9.270629e-01
   801 9.269688e-01
   802 9.268746e-01
   803 9.267805e-01
   804 9.266863e-01
   805 9.265921e-01
   806 9.264980e-01
   807 9.264038e-01
   808 9.263095e-01
   809 9.262153e-01
   810 9.261211e-01
   811 9.260269e-01
   812 9.259331e-01
   813 9.258384e-01
   814 9.257436e-01
   815 9.256494e-01
   816 9.255551e-01
   817 9.254608e-01
   818 9.253670e-01
   819 9.252726e-01
   820 9.251783e-01
   821 9.250840e-01
   822 9.249887e-01
   823 9.248948e-01
   824 9.248005e-01
   825 9.247066e-01
   826 9.246117e-01
   827 9.245168e-01
   828 9.244229e-01
   829 9.243285e-01
   830 9.242341e-01
   831 9.241392e-01
   832 9.240452e-01
   833 9.239503e-01
   834 9.238554e-01
   835 9.237614e-01
   836 9.236669e-01
   837 9.235715e-01
   838 9.234779e-01
   839 9.233829e-01
   840 9.232880e-01
   841 9.231934e-01
   842 9.230989e-01
   843 9.230043e-01
   844 9.229093e-01
   845 9.228148e-01
   846 9.227197e-01
   847 9.226251e-01
   848 9.225305e-01
   849 9.224359e-01
   850 9.223404e-01
   851 9.222457e-01
   852 9.221511e-01
   853 9.220560e-01
   854 9.219618e-01
   855 9.218662e-01
   856 9.217715e-01
   857 9.216769e-01
   858 9.215817e-01
   859 9.214865e-01
   860 9.213918e-01
   861 9.212971e-01
   862 9.212019e-01
   863 9.211062e-01
   864 9.210114e-01
   865 9.209172e-01
   866 9.208219e-01
   867 9.207267e-01
   868 9.206314e-01
   869 9.205366e-01
   870 9.204418e-01
   871 9.203465e-01
   872 9.202512e-01
   873 9.201559e-01
   874 9.200615e-01
   875 9.199667e-01
   876 9.198713e-01
   877 9.197764e-01
   878 9.196811e-01
   879 9.195857e-01
   880 9.194903e-01
   881 9.193959e-01
   882 9.193014e-01
   883 9.192060e-01
   884 9.191106e-01
   885 9.190156e-01
   886 9.189202e-01
   887 9.188247e-01
   888 9.187302e-01
   889 9.186357e-01
   890 9.185402e-01
   891 9.184452e-01
   892 9.183497e-01
   893 9.182552e-01
   894 9.181606e-01
   895 9.180656e-01
   896 9.179700e-01
   897 9.178749e-01
   898 9.177803e-01
   899 9.176857e-01
   900 9.175906e-01
   901 9.174950e-01
   902 9.174009e-01
   903 9.173057e-01
   904 9.172106e-01
   905 9.171154e-01
   906 9.170208e-01
   907 9.169261e-01
   908 9.168309e-01
   909 9.167362e-01
   910 9.166415e-01
   911 9.165462e-01
   912 9.164520e-01
   913 9.163572e-01
   914 9.162620e-01
   915 9.161677e-01
   916 9.160724e-01
   917 9.159781e-01
   918 9.158833e-01
   919 9.157890e-01
   920 9.156937e-01
   921 9.155993e-01
   922 9.155045e-01
   923 9.154101e-01
   924 9.153153e-01
   925 9.152209e-01
   926 9.151260e-01
   927 9.150316e-01
   928 9.149367e-01
   929 9.148423e-01
   930 9.147473e-01
   931 9.146529e-01
   932 9.145589e-01
   933 9.144640e-01
   934 9.143695e-01
   935 9.142755e-01
   936 9.141805e-01
   937 9.140860e-01
   938 9.139920e-01
   939 9.138970e-01
   940 9.138029e-01
   941 9.137088e-01
   942 9.136138e-01
   943 9.135192e-01
   944 9.134256e-01
   945 9.133306e-01
   946 9.132360e-01
   947 9.131418e-01
   948 9.130477e-01
   949 9.129531e-01
   950 9.128584e-01
   951 9.127643e-01
   952 9.126706e-01
   953 9.125754e-01
   954 9.124812e-01
   955 9.123870e-01
   956 9.122928e-01
   957 9.121976e-01
   958 9.121034e-01
   959 9.120097e-01
   960 9.119154e-01
   961 9.118202e-01
   962 9.117259e-01
   963 9.116321e-01
   964 9.115378e-01
   965 9.114430e-01
   966 9.113487e-01
   967 9.112544e-01
   968 9.111606e-01
   969 9.110653e-01
   970 9.109714e-01
   971 9.108770e-01
   972 9.107822e-01
   973 9.106878e-01
   974 9.105939e-01
   975 9.104995e-01
   976 9.104046e-01
   977 9.103102e-01
   978 9.102162e-01
   979 9.101213e-01
   980 9.100269e-01
   981 9.099319e-01
   982 9.098380e-01
   983 9.097440e-01
   984 9.096485e-01
   985 9.095545e-01
   986 9.094595e-01
   987 9.093655e-01
   988 9.092700e-01
   989 9.091759e-01
   990 9.090819e-01
   991 9.089868e-01
   992 9.088928e-01
   993 9.087977e-01
   994 9.087036e-01
   995 9.086085e-01
   996 9.085134e-01
   997 9.084193e-01
   998 9.083237e-01
   999 9.082300e-01
  1000 9.081349e-01
  1001 9.080407e-01
  1002 9.079456e-01
  1003 9.078504e-01
  1004 9.077562e-01
  1005 9.076611e-01
  1006 9.075659e-01
  1007 9.074717e-01
  1008 9.073764e-01
  1009 9.072817e-01
  1010 9.071865e-01
  1011 9.070922e-01
  1012 9.069970e-01
  1013 9.069022e-01
  1014 9.068079e-01
  1015 9.067126e-01
  1016 9.066173e-01
  1017 9.065225e-01
  1018 9.064272e-01
  1019 9.063334e-01
  1020 9.062380e-01
  1021 9.061427e-01
  1022 9.060478e-01
  1023 9.059525e-01
  1024 9.058586e-01
  1025 9.057632e-01
  1026 9.056683e-01
  1027 9.055729e-01
  1028 9.054780e-01
  1029 9.053826e-01
  1030 9.052876e-01
  1031 9.051936e-01
  1032 9.050982e-01
  1033 9.050032e-01
  1034 9.049078e-01
  1035 9.048128e-01
  1036 9.047178e-01
  1037 9.046223e-01
  1038 9.045272e-01
  1039 9.044322e-01
  1040 9.043381e-01
  1041 9.042426e-01
  1042 9.041475e-01
  1043 9.040525e-01
  1044 9.039574e-01
  1045 9.038623e-01
  1046 9.037672e-01
  1047 9.036731e-01
  1048 9.035779e-01
  1049 9.034828e-01
  1050 9.033877e-01
  1051 9.032925e-01
  1052 9.031969e-01
  1053 9.031022e-01
  1054 9.030080e-01
  1055 9.029128e-01
  1056 9.028176e-01
  1057 9.027224e-01
  1058 9.026276e-01
  1059 9.025329e-01
  1060 9.024377e-01
  1061 9.023429e-01
  1062 9.022476e-01
  1063 9.021528e-01
  1064 9.020585e-01
  1065 9.019628e-01
  1066 9.018679e-01
  1067 9.017741e-01
  1068 9.016788e-01
  1069 9.015834e-01
  1070 9.014886e-01
  1071 9.013942e-01
  1072 9.012988e-01
  1073 9.012040e-01
  1074 9.011096e-01
  1075 9.010142e-01
  1076 9.009197e-01
  1077 9.008253e-01
  1078 9.007304e-01
  1079 9.006359e-01
  1080 9.005405e-01
  1081 9.004460e-01
  1082 9.003515e-01
  1083 9.002565e-01
  1084 9.001620e-01
  1085 9.000670e-01
  1086 8.999730e-01
  1087 8.998779e-01
  1088 8.997834e-01
  1089 8.996883e-01
  1090 8.995943e-01
  1091 8.994992e-01
  1092 8.994046e-01
  1093 8.993100e-01
  1094 8.992154e-01
  1095 8.991208e-01
  1096 8.990262e-01
  1097 8.989315e-01
  1098 8.988369e-01
  1099 8.987417e-01
  1100 8.986480e-01
  1101 8.985534e-01
  1102 8.984587e-01
  1103 8.983640e-01
  1104 8.982693e-01
  1105 8.981750e-01
  1106 8.980803e-01
  1107 8.979856e-01
  1108 8.978913e-01
  1109 8.977966e-01
  1110 8.977023e-01
  1111 8.976075e-01
  1112 8.975132e-01
  1113 8.974184e-01
  1114 8.973236e-01
  1115 8.972298e-01
  1116 8.971349e-01
  1117 8.970401e-01
  1118 8.969458e-01
  1119 8.968509e-01
  1120 8.967570e-01
  1121 8.966621e-01
  1122 8.965672e-01
  1123 8.964728e-01
  1124 8.963779e-01
  1125 8.962840e-01
  1126 8.961891e-01
  1127 8.960946e-01
  1128 8.960002e-01
  1129 8.959052e-01
  1130 8.958107e-01
  1131 8.957158e-01
  1132 8.956222e-01
  1133 8.955272e-01
  1134 8.954327e-01
  1135 8.953377e-01
  1136 8.952432e-01
  1137 8.951486e-01
  1138 8.950541e-01
  1139 8.949590e-01
  1140 8.948644e-01
  1141 8.947698e-01
  1142 8.946752e-01
  1143 8.945806e-01
  1144 8.944860e-01
  1145 8.943914e-01
  1146 8.942958e-01
  1147 8.942016e-01
  1148 8.941070e-01
  1149 8.940123e-01
  1150 8.939176e-01
  1151 8.938220e-01
  1152 8.937277e-01
  1153 8.936330e-01
  1154 8.935378e-01
  1155 8.934431e-01
  1156 8.933484e-01
  1157 8.932531e-01
  1158 8.931589e-01
  1159 8.930641e-01
  1160 8.929688e-01
  1161 8.928745e-01
  1162 8.927797e-01
  1163 8.926844e-01
  1164 8.925891e-01
  1165 8.924948e-01
  1166 8.923999e-01
  1167 8.923046e-01
  1168 8.922093e-01
  1169 8.921149e-01
  1170 8.920200e-01
  1171 8.919251e-01
  1172 8.918297e-01
  1173 8.917343e-01
  1174 8.916404e-01
  1175 8.915455e-01
  1176 8.914500e-01
  1177 8.913551e-01
  1178 8.912596e-01
  1179 8.911647e-01
  1180 8.910702e-01
  1181 8.909752e-01
  1182 8.908802e-01
  1183 8.907847e-01
  1184 8.906897e-01
  1185 8.905946e-01
  1186 8.904991e-01
  1187 8.904040e-01
  1188 8.903100e-01
  1189 8.902149e-01
  1190 8.901193e-01
  1191 8.900242e-01
  1192 8.899291e-01
  1193 8.898340e-01
  1194 8.897389e-01
  1195 8.896438e-01
  1196 8.895491e-01
  1197 8.894545e-01
  1198 8.893593e-01
  1199 8.892641e-01
  1200 8.891689e-01
  1201 8.890738e-01
  1202 8.889785e-01
  1203 8.888833e-01
  1204 8.887876e-01
  1205 8.886934e-01
  1206 8.885986e-01
  1207 8.885034e-01
  1208 8.884081e-01
  1209 8.883128e-01
  1210 8.882175e-01
  1211 8.881232e-01
  1212 8.880284e-01
  1213 8.879331e-01
  1214 8.878378e-01
  1215 8.877429e-01
  1216 8.876476e-01
  1217 8.875532e-01
  1218 8.874584e-01
  1219 8.873630e-01
  1220 8.872676e-01
  1221 8.871727e-01
  1222 8.870783e-01
  1223 8.869834e-01
  1224 8.868879e-01
  1225 8.867930e-01
  1226 8.866985e-01
  1227 8.866036e-01
  1228 8.865081e-01
  1229 8.864141e-01
  1230 8.863186e-01
  1231 8.862236e-01
  1232 8.861296e-01
  1233 8.860341e-01
  1234 8.859390e-01
  1235 8.858450e-01
  1236 8.857494e-01
  1237 8.856544e-01
  1238 8.855603e-01
  1239 8.854652e-01
  1240 8.853696e-01
  1241 8.852755e-01
  1242 8.851804e-01
  1243 8.850862e-01
  1244 8.849911e-01
  1245 8.848959e-01
  1246 8.848018e-01
  1247 8.847066e-01
  1248 8.846124e-01
  1249 8.845172e-01
  1250 8.844230e-01
  1251 8.843278e-01
  1252 8.842336e-01
  1253 8.841384e-01
  1254 8.840441e-01
  1255 8.839489e-01
  1256 8.838536e-01
  1257 8.837593e-01
  1258 8.836646e-01
  1259 8.835703e-01
  1260 8.834750e-01
  1261 8.833806e-01
  1262 8.832868e-01
  1263 8.831915e-01
  1264 8.830971e-01
  1265 8.830023e-01
  1266 8.829079e-01
  1267 8.828125e-01
  1268 8.827186e-01
  1269 8.826233e-01
  1270 8.825293e-01
  1271 8.824339e-01
  1272 8.823400e-01
  1273 8.822446e-01
  1274 8.821506e-01
  1275 8.820552e-01
  1276 8.819612e-01
  1277 8.818662e-01
  1278 8.817717e-01
  1279 8.816767e-01
  1280 8.815822e-01
  1281 8.814872e-01
  1282 8.813932e-01
  1283 8.812981e-01
  1284 8.812036e-01
  1285 8.811085e-01
  1286 8.810145e-01
  1287 8.809194e-01
  1288 8.808253e-01
  1289 8.807302e-01
  1290 8.806361e-01
  1291 8.805410e-01
  1292 8.804468e-01
  1293 8.803517e-01
  1294 8.802575e-01
  1295 8.801624e-01
  1296 8.800682e-01
  1297 8.799730e-01
  1298 8.798778e-01
  1299 8.797836e-01
  1300 8.796884e-01
  1301 8.795947e-01
  1302 8.794989e-01
  1303 8.794042e-01
  1304 8.793099e-01
  1305 8.792152e-01
  1306 8.791209e-01
  1307 8.790256e-01
  1308 8.789308e-01
  1309 8.788365e-01
  1310 8.787412e-01
  1311 8.786464e-01
  1312 8.785520e-01
  1313 8.784567e-01
  1314 8.783618e-01
  1315 8.782670e-01
  1316 8.781726e-01
  1317 8.780772e-01
  1318 8.779828e-01
  1319 8.778884e-01
  1320 8.777930e-01
  1321 8.776981e-01
  1322 8.776031e-01
  1323 8.775092e-01
  1324 8.774137e-01
  1325 8.773188e-01
  1326 8.772238e-01
  1327 8.771288e-01
  1328 8.770343e-01
  1329 8.769393e-01
  1330 8.768443e-01
  1331 8.767492e-01
  1332 8.766542e-01
  1333 8.765601e-01
  1334 8.764651e-01
  1335 8.763700e-01
  1336 8.762749e-01
  1337 8.761793e-01
  1338 8.760847e-01
  1339 8.759906e-01
  1340 8.758955e-01
  1341 8.758004e-01
  1342 8.757052e-01
  1343 8.756101e-01
  1344 8.755149e-01
  1345 8.754202e-01
  1346 8.753260e-01
  1347 8.752308e-01
  1348 8.751356e-01
  1349 8.750404e-01
  1350 8.749452e-01
  1351 8.748505e-01
  1352 8.747557e-01
  1353 8.746615e-01
  1354 8.745662e-01
  1355 8.744709e-01
  1356 8.743756e-01
  1357 8.742808e-01
  1358 8.741855e-01
  1359 8.740907e-01
  1360 8.739959e-01
  1361 8.739015e-01
  1362 8.738062e-01
  1363 8.737113e-01
  1364 8.736160e-01
  1365 8.735211e-01
  1366 8.734262e-01
  1367 8.733318e-01
  1368 8.732364e-01
  1369 8.731415e-01
  1370 8.730465e-01
  1371 8.729516e-01
  1372 8.728571e-01
  1373 8.727622e-01
  1374 8.726672e-01
  1375 8.725717e-01
  1376 8.724772e-01
  1377 8.723827e-01
  1378 8.722877e-01
  1379 8.721922e-01
  1380 8.720977e-01
  1381 8.720031e-01
  1382 8.719081e-01
  1383 8.718135e-01
  1384 8.717189e-01
  1385 8.716238e-01
  1386 8.715282e-01
  1387 8.714341e-01
  1388 8.713395e-01
  1389 8.712439e-01
  1390 8.711498e-01
  1391 8.710551e-01
  1392 8.709595e-01
  1393 8.708653e-01
  1394 8.707706e-01
  1395 8.706749e-01
  1396 8.705807e-01
  1397 8.704860e-01
  1398 8.703913e-01
  1399 8.702966e-01
  1400 8.702013e-01
  1401 8.701071e-01
  1402 8.700123e-01
  1403 8.699176e-01
  1404 8.698228e-01
  1405 8.697275e-01
  1406 8.696332e-01
  1407 8.695384e-01
  1408 8.694436e-01
  1409 8.693487e-01
  1410 8.692544e-01
  1411 8.691595e-01
  1412 8.690652e-01
  1413 8.689698e-01
  1414 8.688754e-01
  1415 8.687805e-01
  1416 8.686861e-01
  1417 8.685912e-01
  1418 8.684968e-01
  1419 8.684019e-01
  1420 8.683074e-01
  1421 8.682125e-01
  1422 8.681180e-01
  1423 8.680231e-01
  1424 8.679286e-01
  1425 8.678336e-01
  1426 8.677391e-01
  1427 8.676441e-01
  1428 8.675495e-01
  1429 8.674545e-01
  1430 8.673605e-01
  1431 8.672654e-01
  1432 8.671708e-01
  1433 8.670758e-01
  1434 8.669817e-01
  1435 8.668866e-01
  1436 8.667920e-01
  1437 8.666969e-01
  1438 8.666027e-01
  1439 8.665076e-01
  1440 8.664130e-01
  1441 8.663183e-01
  1442 8.662226e-01
  1443 8.661284e-01
  1444 8.660333e-01
  1445 8.659391e-01
  1446 8.658438e-01
  1447 8.657496e-01
  1448 8.656544e-01
  1449 8.655602e-01
  1450 8.654649e-01
  1451 8.653707e-01
  1452 8.652754e-01
  1453 8.651801e-01
  1454 8.650858e-01
  1455 8.649910e-01
  1456 8.648967e-01
  1457 8.648014e-01
  1458 8.647071e-01
  1459 8.646117e-01
  1460 8.645163e-01
  1461 8.644225e-01
  1462 8.643271e-01
  1463 8.642317e-01
  1464 8.641378e-01
  1465 8.640424e-01
  1466 8.639480e-01
  1467 8.638531e-01
  1468 8.637576e-01
  1469 8.636637e-01
  1470 8.635682e-01
  1471 8.634733e-01
  1472 8.633788e-01
  1473 8.632838e-01
  1474 8.631883e-01
  1475 8.630933e-01
  1476 8.629988e-01
  1477 8.629038e-01
  1478 8.628087e-01
  1479 8.627142e-01
  1480 8.626191e-01
  1481 8.625240e-01
  1482 8.624290e-01
  1483 8.623344e-01
  1484 8.622393e-01
  1485 8.621442e-01
  1486 8.620490e-01
  1487 8.619549e-01
  1488 8.618598e-01
  1489 8.617641e-01
  1490 8.616689e-01
  1491 8.615748e-01
  1492 8.614796e-01
  1493 8.613844e-01
  1494 8.612892e-01
  1495 8.611940e-01
  1496 8.610998e-01
  1497 8.610050e-01
  1498 8.609098e-01
  1499 8.608145e-01
  1500 8.607192e-01
  1501 8.606250e-01
  1502 8.605297e-01
  1503 8.604349e-01
  1504 8.603396e-01
  1505 8.602443e-01
  1506 8.601504e-01
  1507 8.600551e-01
  1508 8.599597e-01
  1509 8.598649e-01
  1510 8.597695e-01
  1511 8.596757e-01
  1512 8.595803e-01
  1513 8.594854e-01
  1514 8.593899e-01
  1515 8.592950e-01
  1516 8.592006e-01
  1517 8.591057e-01
  1518 8.590102e-01
  1519 8.589152e-01
  1520 8.588203e-01
  1521 8.587258e-01
  1522 8.586308e-01
  1523 8.585358e-01
  1524 8.584408e-01
  1525 8.583463e-01
  1526 8.582512e-01
  1527 8.581562e-01
  1528 8.580611e-01
  1529 8.579671e-01
  1530 8.578715e-01
  1531 8.577769e-01
  1532 8.576829e-01
  1533 8.575872e-01
  1534 8.574921e-01
  1535 8.573975e-01
  1536 8.573034e-01
  1537 8.572077e-01
  1538 8.571131e-01
  1539 8.570189e-01
  1540 8.569237e-01
  1541 8.568285e-01
  1542 8.567344e-01
  1543 8.566392e-01
  1544 8.565444e-01
  1545 8.564502e-01
  1546 8.563550e-01
  1547 8.562608e-01
  1548 8.561655e-01
  1549 8.560707e-01
  1550 8.559765e-01
  1551 8.558812e-01
  1552 8.557874e-01
  1553 8.556921e-01
  1554 8.555973e-01
  1555 8.555029e-01
  1556 8.554076e-01
  1557 8.553138e-01
  1558 8.552184e-01
  1559 8.551245e-01
  1560 8.550292e-01
  1561 8.549353e-01
  1562 8.548399e-01
  1563 8.547450e-01
  1564 8.546506e-01
  1565 8.545556e-01
  1566 8.544612e-01
  1567 8.543662e-01
  1568 8.542723e-01
  1569 8.541773e-01
  1570 8.540829e-01
  1571 8.539879e-01
  1572 8.538939e-01
  1573 8.537989e-01
  1574 8.537049e-01
  1575 8.536103e-01
  1576 8.535153e-01
  1577 8.534207e-01
  1578 8.533262e-01
  1579 8.532316e-01
  1580 8.531365e-01
  1581 8.530425e-01
  1582 8.529474e-01
  1583 8.528533e-01
  1584 8.527581e-01
  1585 8.526640e-01
  1586 8.525689e-01
  1587 8.524747e-01
  1588 8.523801e-01
  1589 8.522854e-01
  1590 8.521907e-01
  1591 8.520960e-01
  1592 8.520018e-01
  1593 8.519066e-01
  1594 8.518124e-01
  1595 8.517177e-01
  1596 8.516229e-01
  1597 8.515282e-01
  1598 8.514334e-01
  1599 8.513386e-01
  1600 8.512443e-01
  1601 8.511495e-01
  1602 8.510547e-01
  1603 8.509599e-01
  1604 8.508656e-01
  1605 8.507703e-01
  1606 8.506764e-01
  1607 8.505821e-01
  1608 8.504867e-01
  1609 8.503918e-01
  1610 8.502969e-01
  1611 8.502025e-01
  1612 8.501076e-01
  1613 8.500132e-01
  1614 8.499183e-01
  1615 8.498233e-01
  1616 8.497289e-01
  1617 8.496339e-01
  1618 8.495395e-01
  1619 8.494445e-01
  1620 8.493500e-01
  1621 8.492545e-01
  1622 8.491600e-01
  1623 8.490655e-01
  1624 8.489704e-01
  1625 8.488759e-01
  1626 8.487808e-01
  1627 8.486863e-01
  1628 8.485912e-01
  1629 8.484966e-01
  1630 8.484015e-01
  1631 8.483069e-01
  1632 8.482123e-01
  1633 8.481166e-01
  1634 8.480220e-01
  1635 8.479274e-01
  1636 8.478322e-01
  1637 8.477375e-01
  1638 8.476429e-01
  1639 8.475472e-01
  1640 8.474525e-01
  1641 8.473578e-01
  1642 8.472625e-01
  1643 8.471678e-01
  1644 8.470731e-01
  1645 8.469778e-01
  1646 8.468830e-01
  1647 8.467883e-01
  1648 8.466930e-01
  1649 8.465982e-01
  1650 8.465034e-01
  1651 8.464081e-01
  1652 8.463138e-01
  1653 8.462189e-01
  1654 8.461236e-01
  1655 8.460287e-01
  1656 8.459339e-01
  1657 8.458385e-01
  1658 8.457441e-01
  1659 8.456492e-01
  1660 8.455538e-01
  1661 8.454583e-01
  1662 8.453639e-01
  1663 8.452695e-01
  1664 8.451735e-01
  1665 8.450796e-01
  1666 8.449846e-01
  1667 8.448891e-01
  1668 8.447947e-01
  1669 8.446997e-01
  1670 8.446041e-01
  1671 8.445096e-01
  1672 8.444151e-01
  1673 8.443195e-01
  1674 8.442250e-01
  1675 8.441299e-01
  1676 8.440349e-01
  1677 8.439403e-01
  1678 8.438452e-01
  1679 8.437501e-01
  1680 8.436555e-01
  1681 8.435609e-01
  1682 8.434652e-01
  1683 8.433711e-01
  1684 8.432759e-01
  1685 8.431803e-01
  1686 8.430861e-01
  1687 8.429909e-01
  1688 8.428968e-01
  1689 8.428015e-01
  1690 8.427063e-01
  1691 8.426121e-01
  1692 8.425169e-01
  1693 8.424226e-01
  1694 8.423274e-01
  1695 8.422331e-01
  1696 8.421378e-01
  1697 8.420425e-01
  1698 8.419483e-01
  1699 8.418535e-01
  1700 8.417592e-01
  1701 8.416638e-01
  1702 8.415695e-01
  1703 8.414747e-01
  1704 8.413803e-01
  1705 8.412850e-01
  1706 8.411906e-01
  1707 8.410957e-01
  1708 8.410013e-01
  1709 8.409059e-01
  1710 8.408120e-01
  1711 8.407166e-01
  1712 8.406227e-01
  1713 8.405272e-01
  1714 8.404333e-01
  1715 8.403378e-01
  1716 8.402439e-01
  1717 8.401494e-01
  1718 8.400544e-01
  1719 8.399604e-01
  1720 8.398649e-01
  1721 8.397709e-01
  1722 8.396758e-01
  1723 8.395813e-01
  1724 8.394873e-01
  1725 8.393922e-01
  1726 8.392981e-01
  1727 8.392025e-01
  1728 8.391084e-01
  1729 8.390144e-01
  1730 8.389192e-01
  1731 8.388251e-01
  1732 8.387310e-01
  1733 8.386359e-01
  1734 8.385417e-01
  1735 8.384465e-01
  1736 8.383524e-01
  1737 8.382582e-01
  1738 8.381630e-01
  1739 8.380688e-01
  1740 8.379746e-01
  1741 8.378794e-01
  1742 8.377852e-01
  1743 8.376899e-01
  1744 8.375956e-01
  1745 8.375019e-01
  1746 8.374066e-01
  1747 8.373123e-01
  1748 8.372181e-01
  1749 8.371233e-01
  1750 8.370289e-01
  1751 8.369346e-01
  1752 8.368398e-01
  1753 8.367455e-01
  1754 8.366511e-01
  1755 8.365562e-01
  1756 8.364619e-01
  1757 8.363670e-01
  1758 8.362726e-01
  1759 8.361787e-01
  1760 8.360833e-01
  1761 8.359894e-01
  1762 8.358949e-01
  1763 8.358000e-01
  1764 8.357055e-01
  1765 8.356105e-01
  1766 8.355166e-01
  1767 8.354221e-01
  1768 8.353271e-01
  1769 8.352331e-01
  1770 8.351381e-01
  1771 8.350435e-01
  1772 8.349485e-01
  1773 8.348545e-01
  1774 8.347604e-01
  1775 8.346653e-01
  1776 8.345708e-01
  1777 8.344756e-01
  1778 8.343816e-01
  1779 8.342864e-01
  1780 8.341923e-01
  1781 8.340982e-01
  1782 8.340031e-01
  1783 8.339089e-01
  1784 8.338137e-01
  1785 8.337196e-01
  1786 8.336244e-01
  1787 8.335302e-01
  1788 8.334350e-01
  1789 8.333408e-01
  1790 8.332461e-01
  1791 8.331513e-01
  1792 8.330566e-01
  1793 8.329623e-01
  1794 8.328670e-01
  1795 8.327728e-01
  1796 8.326780e-01
  1797 8.325837e-01
  1798 8.324884e-01
  1799 8.323941e-01
  1800 8.322992e-01
  1801 8.322049e-01
  1802 8.321101e-01
  1803 8.320157e-01
  1804 8.319208e-01
  1805 8.318265e-01
  1806 8.317310e-01
  1807 8.316372e-01
  1808 8.315417e-01
  1809 8.314479e-01
  1810 8.313524e-01
  1811 8.312574e-01
  1812 8.311630e-01
  1813 8.310680e-01
  1814 8.309735e-01
  1815 8.308785e-01
  1816 8.307846e-01
  1817 8.306896e-01
  1818 8.305951e-01
  1819 8.305000e-01
  1820 8.304055e-01
  1821 8.303110e-01
  1822 8.302164e-01
  1823 8.301213e-01
  1824 8.300268e-01
  1825 8.299322e-01
  1826 8.298376e-01
  1827 8.297425e-01
  1828 8.296484e-01
  1829 8.295532e-01
  1830 8.294591e-01
  1831 8.293640e-01
  1832 8.292693e-01
  1833 8.291746e-01
  1834 8.290800e-01
  1835 8.289853e-01
  1836 8.288906e-01
  1837 8.287959e-01
  1838 8.287017e-01
  1839 8.286064e-01
  1840 8.285122e-01
  1841 8.284169e-01
  1842 8.283227e-01
  1843 8.282279e-01
  1844 8.281331e-01
  1845 8.280383e-01
  1846 8.279446e-01
  1847 8.278498e-01
  1848 8.277550e-01
  1849 8.276601e-01
  1850 8.275658e-01
  1851 8.274709e-01
  1852 8.273761e-01
  1853 8.272822e-01
  1854 8.271874e-01
  1855 8.270924e-01
  1856 8.269981e-01
  1857 8.269031e-01
  1858 8.268093e-01
  1859 8.267143e-01
  1860 8.266194e-01
  1861 8.265255e-01
  1862 8.264310e-01
  1863 8.263360e-01
  1864 8.262421e-01
  1865 8.261471e-01
  1866 8.260526e-01
  1867 8.259586e-01
  1868 8.258636e-01
  1869 8.257690e-01
  1870 8.256750e-01
  1871 8.255805e-01
  1872 8.254859e-01
  1873 8.253914e-01
  1874 8.252973e-01
  1875 8.252022e-01
  1876 8.251076e-01
  1877 8.250135e-01
  1878 8.249194e-01
  1879 8.248248e-01
  1880 8.247296e-01
  1881 8.246355e-01
  1882 8.245419e-01
  1883 8.244467e-01
  1884 8.243520e-01
  1885 8.242578e-01
  1886 8.241636e-01
  1887 8.240689e-01
  1888 8.239742e-01
  1889 8.238805e-01
  1890 8.237858e-01
  1891 8.236921e-01
  1892 8.235973e-01
  1893 8.235025e-01
  1894 8.234082e-01
  1895 8.233140e-01
  1896 8.232202e-01
  1897 8.231249e-01
  1898 8.230306e-01
  1899 8.229362e-01
  1900 8.228419e-01
  1901 8.227481e-01
  1902 8.226532e-01
  1903 8.225583e-01
  1904 8.224645e-01
  1905 8.223701e-01
  1906 8.222762e-01
  1907 8.221813e-01
  1908 8.220864e-01
  1909 8.219925e-01
  1910 8.218980e-01
  1911 8.218041e-01
  1912 8.217091e-01
  1913 8.216147e-01
  1914 8.215207e-01
  1915 8.214262e-01
  1916 8.213312e-01
  1917 8.212367e-01
  1918 8.211427e-01
  1919 8.210487e-01
  1920 8.209547e-01
  1921 8.208596e-01
  1922 8.207650e-01
  1923 8.206710e-01
  1924 8.205769e-01
  1925 8.204818e-01
  1926 8.203872e-01
  1927 8.202931e-01
  1928 8.201990e-01
  1929 8.201049e-01
  1930 8.200097e-01
  1931 8.199150e-01
  1932 8.198209e-01
  1933 8.197273e-01
  1934 8.196320e-01
  1935 8.195373e-01
  1936 8.194432e-01
  1937 8.193495e-01
  1938 8.192542e-01
  1939 8.191600e-01
  1940 8.190658e-01
  1941 8.189705e-01
  1942 8.188762e-01
  1943 8.187820e-01
  1944 8.186877e-01
  1945 8.185929e-01
  1946 8.184986e-01
  1947 8.184043e-01
  1948 8.183094e-01
  1949 8.182151e-01
  1950 8.181208e-01
  1951 8.180264e-01
  1952 8.179315e-01
  1953 8.178372e-01
  1954 8.177428e-01
  1955 8.176478e-01
  1956 8.175534e-01
  1957 8.174596e-01
  1958 8.173641e-01
  1959 8.172702e-01
  1960 8.171757e-01
  1961 8.170807e-01
  1962 8.169863e-01
  1963 8.168923e-01
  1964 8.167973e-01
  1965 8.167028e-01
  1966 8.166088e-01
  1967 8.165143e-01
  1968 8.164192e-01
  1969 8.163252e-01
  1970 8.162307e-01
  1971 8.161356e-01
  1972 8.160415e-01
  1973 8.159475e-01
  1974 8.158518e-01
  1975 8.157577e-01
  1976 8.156637e-01
  1977 8.155685e-01
  1978 8.154744e-01
  1979 8.153803e-01
  1980 8.152851e-01
  1981 8.151904e-01
  1982 8.150962e-01
  1983 8.150021e-01
  1984 8.149068e-01
  1985 8.148127e-01
  1986 8.147185e-01
  1987 8.146232e-01
  1988 8.145290e-01
  1989 8.144347e-01
  1990 8.143405e-01
  1991 8.142457e-01
  1992 8.141515e-01
  1993 8.140572e-01
  1994 8.139629e-01
  1995 8.138675e-01
  1996 8.137732e-01
  1997 8.136795e-01
  1998 8.135852e-01
  1999 8.134897e-01
  2000 8.133954e-01
  2001 8.133016e-01
  2002 8.132072e-01
  2003 8.131118e-01
  2004 8.130179e-01
  2005 8.129235e-01
  2006 8.128291e-01
  2007 8.127352e-01
  2008 8.126397e-01
  2009 8.125458e-01
  2010 8.124513e-01
  2011 8.123574e-01
  2012 8.122629e-01
  2013 8.121685e-01
  2014 8.120734e-01
  2015 8.119794e-01
  2016 8.118849e-01
  2017 8.117909e-01
  2018 8.116964e-01
  2019 8.116024e-01
  2020 8.115078e-01
  2021 8.114127e-01
  2022 8.113186e-01
  2023 8.112246e-01
  2024 8.111300e-01
  2025 8.110359e-01
  2026 8.109418e-01
  2027 8.108477e-01
  2028 8.107531e-01
  2029 8.106589e-01
  2030 8.105648e-01
  2031 8.104707e-01
  2032 8.103765e-01
  2033 8.102823e-01
  2034 8.101871e-01
  2035 8.100929e-01
  2036 8.099987e-01
  2037 8.099045e-01
  2038 8.098103e-01
  2039 8.097160e-01
  2040 8.096218e-01
  2041 8.095275e-01
  2042 8.094333e-01
  2043 8.093390e-01
  2044 8.092447e-01
  2045 8.091504e-01
  2046 8.090561e-01
  2047 8.089623e-01
  2048 8.088680e-01
  2049 8.087736e-01
  2050 8.086793e-01
  2051 8.085849e-01
  2052 8.084911e-01
  2053 8.083967e-01
  2054 8.083023e-01
  2055 8.082084e-01
  2056 8.081140e-01
  2057 8.080201e-01
  2058 8.079257e-01
  2059 8.078312e-01
  2060 8.077373e-01
  2061 8.076429e-01
  2062 8.075489e-01
  2063 8.074544e-01
  2064 8.073605e-01
  2065 8.072670e-01
  2066 8.071730e-01
  2067 8.070790e-01
  2068 8.069845e-01
  2069 8.068905e-01
  2070 8.067959e-01
  2071 8.067019e-01
  2072 8.066078e-01
  2073 8.065137e-01
  2074 8.064191e-01
  2075 8.063250e-01
  2076 8.062309e-01
  2077 8.061368e-01
  2078 8.060427e-01
  2079 8.059486e-01
  2080 8.058539e-01
  2081 8.057598e-01
  2082 8.056656e-01
  2083 8.055714e-01
  2084 8.054772e-01
  2085 8.053830e-01
  2086 8.052888e-01
  2087 8.051946e-01
  2088 8.051004e-01
  2089 8.050067e-01
  2090 8.049124e-01
  2091 8.048182e-01
  2092 8.047239e-01
  2093 8.046296e-01
  2094 8.045353e-01
  2095 8.044416e-01
  2096 8.043473e-01
  2097 8.042529e-01
  2098 8.041591e-01
  2099 8.040648e-01
  2100 8.039704e-01
  2101 8.038766e-01
  2102 8.037822e-01
  2103 8.036878e-01
  2104 8.035929e-01
  2105 8.034990e-01
  2106 8.034046e-01
  2107 8.033107e-01
  2108 8.032162e-01
  2109 8.031223e-01
  2110 8.030279e-01
  2111 8.029339e-01
  2112 8.028400e-01
  2113 8.027455e-01
  2114 8.026515e-01
  2115 8.025575e-01
  2116 8.024630e-01
  2117 8.023690e-01
  2118 8.022750e-01
  2119 8.021810e-01
  2120 8.020864e-01
  2121 8.019923e-01
  2122 8.018983e-01
  2123 8.018042e-01
  2124 8.017101e-01
  2125 8.016155e-01
  2126 8.015208e-01
  2127 8.014267e-01
  2128 8.013326e-01
  2129 8.012385e-01
  2130 8.011443e-01
  2131 8.010502e-01
  2132 8.009560e-01
  2133 8.008618e-01
  2134 8.007676e-01
  2135 8.006734e-01
  2136 8.005798e-01
  2137 8.004855e-01
  2138 8.003913e-01
  2139 8.002971e-01
  2140 8.002028e-01
  2141 8.001091e-01
  2142 8.000148e-01
  2143 7.999205e-01
  2144 7.998268e-01
  2145 7.997324e-01
  2146 7.996381e-01
  2147 7.995443e-01
  2148 7.994500e-01
  2149 7.993562e-01
  2150 7.992618e-01
  2151 7.991674e-01
  2152 7.990736e-01
  2153 7.989792e-01
  2154 7.988853e-01
  2155 7.987909e-01
  2156 7.986970e-01
  2157 7.986031e-01
  2158 7.985087e-01
  2159 7.984148e-01
  2160 7.983203e-01
  2161 7.982263e-01
  2162 7.981329e-01
  2163 7.980390e-01
  2164 7.979450e-01
  2165 7.978510e-01
  2166 7.977565e-01
  2167 7.976625e-01
  2168 7.975684e-01
  2169 7.974744e-01
  2170 7.973804e-01
  2171 7.972858e-01
  2172 7.971928e-01
  2173 7.970987e-01
  2174 7.970047e-01
  2175 7.969106e-01
  2176 7.968165e-01
  2177 7.967218e-01
  2178 7.966288e-01
  2179 7.965346e-01
  2180 7.964405e-01
  2181 7.963463e-01
  2182 7.962521e-01
  2183 7.961579e-01
  2184 7.960649e-01
  2185 7.959706e-01
  2186 7.958764e-01
  2187 7.957822e-01
  2188 7.956891e-01
  2189 7.955954e-01
  2190 7.955011e-01
  2191 7.954068e-01
  2192 7.953125e-01
  2193 7.952193e-01
  2194 7.951250e-01
  2195 7.950313e-01
  2196 7.949369e-01
  2197 7.948437e-01
  2198 7.947494e-01
  2199 7.946555e-01
  2200 7.945612e-01
  2201 7.944679e-01
  2202 7.943740e-01
  2203 7.942796e-01
  2204 7.941863e-01
  2205 7.940919e-01
  2206 7.939980e-01
  2207 7.939036e-01
  2208 7.938102e-01
  2209 7.937163e-01
  2210 7.936218e-01
  2211 7.935290e-01
  2212 7.934344e-01
  2213 7.933405e-01
  2214 7.932471e-01
  2215 7.931531e-01
  2216 7.930585e-01
  2217 7.929645e-01
  2218 7.928710e-01
  2219 7.927770e-01
  2220 7.926830e-01
  2221 7.925895e-01
  2222 7.924954e-01
  2223 7.924013e-01
  2224 7.923078e-01
  2225 7.922137e-01
  2226 7.921196e-01
  2227 7.920260e-01
  2228 7.919319e-01
  2229 7.918377e-01
  2230 7.917447e-01
  2231 7.916500e-01
  2232 7.915558e-01
  2233 7.914616e-01
  2234 7.913685e-01
  2235 7.912743e-01
  2236 7.911801e-01
  2237 7.910869e-01
  2238 7.909927e-01
  2239 7.908984e-01
  2240 7.908047e-01
  2241 7.907104e-01
  2242 7.906167e-01
  2243 7.905224e-01
  2244 7.904286e-01
  2245 7.903349e-01
  2246 7.902405e-01
  2247 7.901473e-01
  2248 7.900529e-01
  2249 7.899586e-01
  2250 7.898653e-01
  2251 7.897709e-01
  2252 7.896771e-01
  2253 7.895827e-01
  2254 7.894893e-01
  2255 7.893949e-01
  2256 7.893010e-01
  2257 7.892077e-01
  2258 7.891132e-01
  2259 7.890193e-01
  2260 7.889248e-01
  2261 7.888314e-01
  2262 7.887374e-01
  2263 7.886429e-01
  2264 7.885489e-01
  2265 7.884555e-01
  2266 7.883615e-01
  2267 7.882669e-01
  2268 7.881740e-01
  2269 7.880794e-01
  2270 7.879854e-01
  2271 7.878913e-01
  2272 7.877978e-01
  2273 7.877037e-01
  2274 7.876096e-01
  2275 7.875161e-01
  2276 7.874220e-01
  2277 7.873273e-01
  2278 7.872337e-01
  2279 7.871401e-01
  2280 7.870459e-01
  2281 7.869518e-01
  2282 7.868576e-01
  2283 7.867639e-01
  2284 7.866697e-01
  2285 7.865761e-01
  2286 7.864824e-01
  2287 7.863882e-01
  2288 7.862939e-01
  2289 7.861997e-01
  2290 7.861065e-01
  2291 7.860122e-01
  2292 7.859185e-01
  2293 7.858247e-01
  2294 7.857304e-01
  2295 7.856366e-01
  2296 7.855434e-01
  2297 7.854491e-01
  2298 7.853547e-01
  2299 7.852614e-01
  2300 7.851676e-01
  2301 7.850732e-01
  2302 7.849794e-01
  2303 7.848861e-01
  2304 7.847916e-01
  2305 7.846983e-01
  2306 7.846039e-01
  2307 7.845099e-01
  2308 7.844172e-01
  2309 7.843227e-01
  2310 7.842287e-01
  2311 7.841353e-01
  2312 7.840408e-01
  2313 7.839474e-01
  2314 7.838540e-01
  2315 7.837600e-01
  2316 7.836665e-01
  2317 7.835720e-01
  2318 7.834785e-01
  2319 7.833850e-01
  2320 7.832909e-01
  2321 7.831974e-01
  2322 7.831034e-01
  2323 7.830104e-01
  2324 7.829157e-01
  2325 7.828222e-01
  2326 7.827286e-01
  2327 7.826345e-01
  2328 7.825415e-01
  2329 7.824473e-01
  2330 7.823537e-01
  2331 7.822601e-01
  2332 7.821665e-01
  2333 7.820728e-01
  2334 7.819792e-01
  2335 7.818855e-01
  2336 7.817919e-01
  2337 7.816982e-01
  2338 7.816045e-01
  2339 7.815108e-01
  2340 7.814176e-01
  2341 7.813233e-01
  2342 7.812302e-01
  2343 7.811364e-01
  2344 7.810432e-01
  2345 7.809494e-01
  2346 7.808557e-01
  2347 7.807624e-01
  2348 7.806686e-01
  2349 7.805748e-01
  2350 7.804810e-01
  2351 7.803883e-01
  2352 7.802944e-01
  2353 7.802005e-01
  2354 7.801072e-01
  2355 7.800133e-01
  2356 7.799206e-01
  2357 7.798267e-01
  2358 7.797327e-01
  2359 7.796394e-01
  2360 7.795454e-01
  2361 7.794526e-01
  2362 7.793592e-01
  2363 7.792652e-01
  2364 7.791724e-01
  2365 7.790784e-01
  2366 7.789849e-01
  2367 7.788909e-01
  2368 7.787974e-01
  2369 7.787045e-01
  2370 7.786105e-01
  2371 7.785170e-01
  2372 7.784240e-01
  2373 7.783299e-01
  2374 7.782364e-01
  2375 7.781434e-01
  2376 7.780499e-01
  2377 7.779557e-01
  2378 7.778627e-01
  2379 7.777691e-01
  2380 7.776755e-01
  2381 7.775825e-01
  2382 7.774888e-01
  2383 7.773946e-01
  2384 7.773021e-01
  2385 7.772079e-01
  2386 7.771142e-01
  2387 7.770211e-01
  2388 7.769274e-01
  2389 7.768337e-01
  2390 7.767405e-01
  2391 7.766468e-01
  2392 7.765531e-01
  2393 7.764605e-01
  2394 7.763661e-01
  2395 7.762724e-01
  2396 7.761797e-01
  2397 7.760853e-01
  2398 7.759921e-01
  2399 7.758989e-01
  2400 7.758050e-01
  2401 7.757112e-01
  2402 7.756185e-01
  2403 7.755240e-01
  2404 7.754307e-01
  2405 7.753368e-01
  2406 7.752429e-01
  2407 7.751502e-01
  2408 7.750562e-01
  2409 7.749623e-01
  2410 7.748695e-01
  2411 7.747756e-01
  2412 7.746816e-01
  2413 7.745887e-01
  2414 7.744948e-01
  2415 7.744013e-01
  2416 7.743079e-01
  2417 7.742139e-01
  2418 7.741204e-01
  2419 7.740275e-01
  2420 7.739334e-01
  2421 7.738399e-01
  2422 7.737464e-01
  2423 7.736523e-01
  2424 7.735588e-01
  2425 7.734658e-01
  2426 7.733717e-01
  2427 7.732781e-01
  2428 7.731840e-01
  2429 7.730904e-01
  2430 7.729973e-01
  2431 7.729032e-01
  2432 7.728095e-01
  2433 7.727165e-01
  2434 7.726228e-01
  2435 7.725292e-01
  2436 7.724361e-01
  2437 7.723418e-01
  2438 7.722481e-01
  2439 7.721550e-01
  2440 7.720607e-01
  2441 7.719675e-01
  2442 7.718744e-01
  2443 7.717800e-01
  2444 7.716868e-01
  2445 7.715936e-01
  2446 7.714993e-01
  2447 7.714055e-01
  2448 7.713123e-01
  2449 7.712196e-01
  2450 7.711252e-01
  2451 7.710319e-01
  2452 7.709386e-01
  2453 7.708442e-01
  2454 7.707509e-01
  2455 7.706576e-01
  2456 7.705637e-01
  2457 7.704698e-01
  2458 7.703770e-01
  2459 7.702836e-01
  2460 7.701891e-01
  2461 7.700957e-01
  2462 7.700029e-01
  2463 7.699095e-01
  2464 7.698149e-01
  2465 7.697221e-01
  2466 7.696286e-01
  2467 7.695352e-01
  2468 7.694411e-01
  2469 7.693476e-01
  2470 7.692542e-01
  2471 7.691612e-01
  2472 7.690677e-01
  2473 7.689736e-01
  2474 7.688801e-01
  2475 7.687871e-01
  2476 7.686936e-01
  2477 7.686006e-01
  2478 7.685064e-01
  2479 7.684128e-01
  2480 7.683198e-01
  2481 7.682262e-01
  2482 7.681331e-01
  2483 7.680401e-01
  2484 7.679458e-01
  2485 7.678522e-01
  2486 7.677591e-01
  2487 7.676660e-01
  2488 7.675729e-01
  2489 7.674792e-01
  2490 7.673860e-01
  2491 7.672929e-01
  2492 7.671997e-01
  2493 7.671054e-01
  2494 7.670122e-01
  2495 7.669190e-01
  2496 7.668258e-01
  2497 7.667325e-01
  2498 7.666393e-01
  2499 7.665461e-01
  2500 7.664528e-01
  2501 7.663595e-01
  2502 7.662663e-01
  2503 7.661730e-01
  2504 7.660797e-01
  2505 7.659863e-01
  2506 7.658930e-01
  2507 7.657997e-01
  2508 7.657069e-01
  2509 7.656135e-01
  2510 7.655202e-01
  2511 7.654268e-01
  2512 7.653340e-01
  2513 7.652406e-01
  2514 7.651471e-01
  2515 7.650543e-01
  2516 7.649609e-01
  2517 7.648674e-01
  2518 7.647745e-01
  2519 7.646810e-01
  2520 7.645881e-01
  2521 7.644946e-01
  2522 7.644017e-01
  2523 7.643082e-01
  2524 7.642152e-01
  2525 7.641223e-01
  2526 7.640287e-01
  2527 7.639357e-01
  2528 7.638421e-01
  2529 7.637491e-01
  2530 7.636561e-01
  2531 7.635625e-01
  2532 7.634694e-01
  2533 7.633764e-01
  2534 7.632845e-01
  2535 7.631908e-01
  2536 7.630977e-01
  2537 7.630046e-01
  2538 7.629115e-01
  2539 7.628184e-01
  2540 7.627252e-01
  2541 7.626321e-01
  2542 7.625383e-01
  2543 7.624452e-01
  2544 7.623520e-01
  2545 7.622588e-01
  2546 7.621656e-01
  2547 7.620729e-01
  2548 7.619803e-01
  2549 7.618870e-01
  2550 7.617944e-01
  2551 7.617011e-01
  2552 7.616078e-01
  2553 7.615145e-01
  2554 7.614212e-01
  2555 7.613279e-01
  2556 7.612352e-01
  2557 7.611419e-01
  2558 7.610485e-01
  2559 7.609557e-01
  2560 7.608635e-01
  2561 7.607701e-01
  2562 7.606768e-01
  2563 7.605839e-01
  2564 7.604905e-01
  2565 7.603971e-01
  2566 7.603042e-01
  2567 7.602108e-01
  2568 7.601179e-01
  2569 7.600244e-01
  2570 7.599315e-01
  2571 7.598380e-01
  2572 7.597451e-01
  2573 7.596528e-01
  2574 7.595598e-01
  2575 7.594663e-01
  2576 7.593733e-01
  2577 7.592803e-01
  2578 7.591867e-01
  2579 7.590937e-01
  2580 7.590007e-01
  2581 7.589077e-01
  2582 7.588141e-01
  2583 7.587216e-01
  2584 7.586291e-01
  2585 7.585355e-01
  2586 7.584424e-01
  2587 7.583493e-01
  2588 7.582562e-01
  2589 7.581630e-01
  2590 7.580699e-01
  2591 7.579768e-01
  2592 7.578836e-01
  2593 7.577899e-01
  2594 7.576973e-01
  2595 7.576047e-01
  2596 7.575115e-01
  2597 7.574183e-01
  2598 7.573250e-01
  2599 7.572318e-01
  2600 7.571391e-01
  2601 7.570453e-01
  2602 7.569526e-01
  2603 7.568605e-01
  2604 7.567672e-01
  2605 7.566739e-01
  2606 7.565806e-01
  2607 7.564872e-01
  2608 7.563945e-01
  2609 7.563011e-01
  2610 7.562084e-01
  2611 7.561156e-01
  2612 7.560228e-01
  2613 7.559294e-01
  2614 7.558360e-01
  2615 7.557425e-01
  2616 7.556503e-01
  2617 7.555574e-01
  2618 7.554645e-01
  2619 7.553711e-01
  2620 7.552776e-01
  2621 7.551853e-01
  2622 7.550923e-01
  2623 7.549994e-01
  2624 7.549059e-01
  2625 7.548135e-01
  2626 7.547206e-01
  2627 7.546276e-01
  2628 7.545340e-01
  2629 7.544410e-01
  2630 7.543486e-01
  2631 7.542556e-01
  2632 7.541625e-01
  2633 7.540701e-01
  2634 7.539770e-01
  2635 7.538839e-01
  2636 7.537903e-01
  2637 7.536978e-01
  2638 7.536053e-01
  2639 7.535116e-01
  2640 7.534196e-01
  2641 7.533265e-01
  2642 7.532333e-01
  2643 7.531407e-01
  2644 7.530482e-01
  2645 7.529544e-01
  2646 7.528624e-01
  2647 7.527692e-01
  2648 7.526759e-01
  2649 7.525833e-01
  2650 7.524906e-01
  2651 7.523974e-01
  2652 7.523047e-01
  2653 7.522120e-01
  2654 7.521193e-01
  2655 7.520266e-01
  2656 7.519333e-01
  2657 7.518406e-01
  2658 7.517478e-01
  2659 7.516550e-01
  2660 7.515623e-01
  2661 7.514689e-01
  2662 7.513767e-01
  2663 7.512839e-01
  2664 7.511911e-01
  2665 7.510982e-01
  2666 7.510060e-01
  2667 7.509131e-01
  2668 7.508203e-01
  2669 7.507274e-01
  2670 7.506339e-01
  2671 7.505416e-01
  2672 7.504487e-01
  2673 7.503564e-01
  2674 7.502634e-01
  2675 7.501711e-01
  2676 7.500781e-01
  2677 7.499857e-01
  2678 7.498928e-01
  2679 7.498004e-01
  2680 7.497068e-01
  2681 7.496149e-01
  2682 7.495213e-01
  2683 7.494295e-01
  2684 7.493364e-01
  2685 7.492439e-01
  2686 7.491509e-01
  2687 7.490584e-01
  2688 7.489653e-01
  2689 7.488728e-01
  2690 7.487797e-01
  2691 7.486871e-01
  2692 7.485951e-01
  2693 7.485020e-01
  2694 7.484100e-01
  2695 7.483168e-01
  2696 7.482242e-01
  2697 7.481310e-01
  2698 7.480390e-01
  2699 7.479458e-01
  2700 7.478537e-01
  2701 7.477605e-01
  2702 7.476678e-01
  2703 7.475757e-01
  2704 7.474830e-01
  2705 7.473903e-01
  2706 7.472976e-01
  2707 7.472049e-01
  2708 7.471121e-01
  2709 7.470194e-01
  2710 7.469266e-01
  2711 7.468345e-01
  2712 7.467411e-01
  2713 7.466489e-01
  2714 7.465567e-01
  2715 7.464633e-01
  2716 7.463710e-01
  2717 7.462782e-01
  2718 7.461859e-01
  2719 7.460925e-01
  2720 7.460002e-01
  2721 7.459079e-01
  2722 7.458150e-01
  2723 7.457226e-01
  2724 7.456297e-01
  2725 7.455374e-01
  2726 7.454438e-01
  2727 7.453521e-01
  2728 7.452585e-01
  2729 7.451661e-01
  2730 7.450743e-01
  2731 7.449807e-01
  2732 7.448889e-01
  2733 7.447953e-01
  2734 7.447034e-01
  2735 7.446104e-01
  2736 7.445179e-01
  2737 7.444254e-01
  2738 7.443323e-01
  2739 7.442404e-01
  2740 7.441467e-01
  2741 7.440548e-01
  2742 7.439628e-01
  2743 7.438691e-01
  2744 7.437771e-01
  2745 7.436840e-01
  2746 7.435920e-01
  2747 7.434982e-01
  2748 7.434062e-01
  2749 7.433141e-01
  2750 7.432209e-01
  2751 7.431289e-01
  2752 7.430356e-01
  2753 7.429429e-01
  2754 7.428509e-01
  2755 7.427576e-01
  2756 7.426655e-01
  2757 7.425733e-01
  2758 7.424800e-01
  2759 7.423879e-01
  2760 7.422945e-01
  2761 7.422024e-01
  2762 7.421102e-01
  2763 7.420168e-01
  2764 7.419246e-01
  2765 7.418324e-01
  2766 7.417390e-01
  2767 7.416473e-01
  2768 7.415545e-01
  2769 7.414617e-01
  2770 7.413694e-01
  2771 7.412771e-01
  2772 7.411836e-01
  2773 7.410919e-01
  2774 7.409996e-01
  2775 7.409061e-01
  2776 7.408143e-01
  2777 7.407220e-01
  2778 7.406284e-01
  2779 7.405366e-01
  2780 7.404442e-01
  2781 7.403518e-01
  2782 7.402588e-01
  2783 7.401664e-01
  2784 7.400740e-01
  2785 7.399821e-01
  2786 7.398885e-01
  2787 7.397966e-01
  2788 7.397041e-01
  2789 7.396116e-01
  2790 7.395186e-01
  2791 7.394266e-01
  2792 7.393341e-01
  2793 7.392422e-01
  2794 7.391496e-01
  2795 7.390565e-01
  2796 7.389645e-01
  2797 7.388719e-01
  2798 7.387799e-01
  2799 7.386879e-01
  2800 7.385953e-01
  2801 7.385020e-01
  2802 7.384100e-01
  2803 7.383179e-01
  2804 7.382253e-01
  2805 7.381332e-01
  2806 7.380411e-01
  2807 7.379484e-01
  2808 7.378557e-01
  2809 7.377635e-01
  2810 7.376708e-01
  2811 7.375787e-01
  2812 7.374865e-01
  2813 7.373943e-01
  2814 7.373021e-01
  2815 7.372099e-01
  2816 7.371177e-01
  2817 7.370255e-01
  2818 7.369327e-01
  2819 7.368398e-01
  2820 7.367476e-01
  2821 7.366553e-01
  2822 7.365630e-01
  2823 7.364707e-01
  2824 7.363784e-01
  2825 7.362861e-01
  2826 7.361938e-01
  2827 7.361021e-01
  2828 7.360097e-01
  2829 7.359174e-01
  2830 7.358250e-01
  2831 7.357326e-01
  2832 7.356408e-01
  2833 7.355484e-01
  2834 7.354560e-01
  2835 7.353635e-01
  2836 7.352717e-01
  2837 7.351793e-01
  2838 7.350874e-01
  2839 7.349949e-01
  2840 7.349024e-01
  2841 7.348105e-01
  2842 7.347180e-01
  2843 7.346261e-01
  2844 7.345335e-01
  2845 7.344410e-01
  2846 7.343496e-01
  2847 7.342583e-01
  2848 7.341657e-01
  2849 7.340737e-01
  2850 7.339811e-01
  2851 7.338891e-01
  2852 7.337964e-01
  2853 7.337044e-01
  2854 7.336124e-01
  2855 7.335197e-01
  2856 7.334276e-01
  2857 7.333355e-01
  2858 7.332434e-01
  2859 7.331507e-01
  2860 7.330586e-01
  2861 7.329671e-01
  2862 7.328755e-01
  2863 7.327828e-01
  2864 7.326906e-01
  2865 7.325984e-01
  2866 7.325062e-01
  2867 7.324140e-01
  2868 7.323218e-01
  2869 7.322296e-01
  2870 7.321373e-01
  2871 7.320451e-01
  2872 7.319528e-01
  2873 7.318612e-01
  2874 7.317695e-01
  2875 7.316772e-01
  2876 7.315849e-01
  2877 7.314925e-01
  2878 7.314008e-01
  2879 7.313085e-01
  2880 7.312161e-01
  2881 7.311238e-01
  2882 7.310314e-01
  2883 7.309402e-01
  2884 7.308484e-01
  2885 7.307560e-01
  2886 7.306642e-01
  2887 7.305717e-01
  2888 7.304793e-01
  2889 7.303874e-01
  2890 7.302949e-01
  2891 7.302025e-01
  2892 7.301112e-01
  2893 7.300193e-01
  2894 7.299273e-01
  2895 7.298348e-01
  2896 7.297429e-01
  2897 7.296509e-01
  2898 7.295584e-01
  2899 7.294664e-01
  2900 7.293750e-01
  2901 7.292830e-01
  2902 7.291904e-01
  2903 7.290984e-01
  2904 7.290063e-01
  2905 7.289143e-01
  2906 7.288216e-01
  2907 7.287302e-01
  2908 7.286387e-01
  2909 7.285466e-01
  2910 7.284545e-01
  2911 7.283618e-01
  2912 7.282697e-01
  2913 7.281781e-01
  2914 7.280866e-01
  2915 7.279944e-01
  2916 7.279023e-01
  2917 7.278101e-01
  2918 7.277179e-01
  2919 7.276263e-01
  2920 7.275347e-01
  2921 7.274424e-01
  2922 7.273502e-01
  2923 7.272585e-01
  2924 7.271669e-01
  2925 7.270746e-01
  2926 7.269823e-01
  2927 7.268900e-01
  2928 7.267989e-01
  2929 7.267072e-01
  2930 7.266148e-01
  2931 7.265225e-01
  2932 7.264313e-01
  2933 7.263396e-01
  2934 7.262472e-01
  2935 7.261548e-01
  2936 7.260636e-01
  2937 7.259718e-01
  2938 7.258794e-01
  2939 7.257881e-01
  2940 7.256963e-01
  2941 7.256038e-01
  2942 7.255126e-01
  2943 7.254207e-01
  2944 7.253288e-01
  2945 7.252363e-01
  2946 7.251449e-01
  2947 7.250530e-01
  2948 7.249617e-01
  2949 7.248697e-01
  2950 7.247778e-01
  2951 7.246864e-01
  2952 7.245944e-01
  2953 7.245024e-01
  2954 7.244110e-01
  2955 7.243190e-01
  2956 7.242269e-01
  2957 7.241355e-01
  2958 7.240434e-01
  2959 7.239520e-01
  2960 7.238599e-01
  2961 7.237690e-01
  2962 7.236769e-01
  2963 7.235848e-01
  2964 7.234933e-01
  2965 7.234011e-01
  2966 7.233102e-01
  2967 7.232180e-01
  2968 7.231265e-01
  2969 7.230343e-01
  2970 7.229433e-01
  2971 7.228511e-01
  2972 7.227601e-01
  2973 7.226679e-01
  2974 7.225768e-01
  2975 7.224846e-01
  2976 7.223935e-01
  2977 7.223012e-01
  2978 7.222102e-01
  2979 7.221179e-01
  2980 7.220268e-01
  2981 7.219344e-01
  2982 7.218433e-01
  2983 7.217510e-01
  2984 7.216598e-01
  2985 7.215674e-01
  2986 7.214763e-01
  2987 7.213851e-01
  2988 7.212933e-01
  2989 7.212021e-01
  2990 7.211096e-01
  2991 7.210184e-01
  2992 7.209266e-01
  2993 7.208353e-01
  2994 7.207441e-01
  2995 7.206516e-01
  2996 7.205603e-01
  2997 7.204684e-01
  2998 7.203771e-01
  2999 7.202857e-01
  3000 7.201938e-01
  3001 7.201025e-01
  3002 7.200099e-01
  3003 7.199191e-01
  3004 7.198278e-01
  3005 7.197358e-01
  3006 7.196444e-01
  3007 7.195529e-01
  3008 7.194609e-01
  3009 7.193695e-01
  3010 7.192780e-01
  3011 7.191860e-01
  3012 7.190951e-01
  3013 7.190024e-01
  3014 7.189115e-01
  3015 7.188200e-01
  3016 7.187279e-01
  3017 7.186369e-01
  3018 7.185454e-01
  3019 7.184532e-01
  3020 7.183617e-01
  3021 7.182707e-01
  3022 7.181785e-01
  3023 7.180869e-01
  3024 7.179959e-01
  3025 7.179037e-01
  3026 7.178127e-01
  3027 7.177210e-01
  3028 7.176287e-01
  3029 7.175377e-01
  3030 7.174460e-01
  3031 7.173537e-01
  3032 7.172626e-01
  3033 7.171715e-01
  3034 7.170792e-01
  3035 7.169880e-01
  3036 7.168969e-01
  3037 7.168051e-01
  3038 7.167133e-01
  3039 7.166222e-01
  3040 7.165304e-01
  3041 7.164386e-01
  3042 7.163474e-01
  3043 7.162555e-01
  3044 7.161637e-01
  3045 7.160724e-01
  3046 7.159812e-01
  3047 7.158893e-01
  3048 7.157974e-01
  3049 7.157061e-01
  3050 7.156148e-01
  3051 7.155223e-01
  3052 7.154315e-01
  3053 7.153402e-01
  3054 7.152489e-01
  3055 7.151563e-01
  3056 7.150655e-01
  3057 7.149735e-01
  3058 7.148815e-01
  3059 7.147907e-01
  3060 7.146993e-01
  3061 7.146079e-01
  3062 7.145158e-01
  3063 7.144243e-01
  3064 7.143329e-01
  3065 7.142414e-01
  3066 7.141493e-01
  3067 7.140584e-01
  3068 7.139669e-01
  3069 7.138760e-01
  3070 7.137844e-01
  3071 7.136923e-01
  3072 7.136007e-01
  3073 7.135098e-01
  3074 7.134182e-01
  3075 7.133260e-01
  3076 7.132350e-01
  3077 7.131433e-01
  3078 7.130523e-01
  3079 7.129613e-01
  3080 7.128696e-01
  3081 7.127774e-01
  3082 7.126863e-01
  3083 7.125952e-01
  3084 7.125041e-01
  3085 7.124124e-01
  3086 7.123207e-01
  3087 7.122290e-01
  3088 7.121378e-01
  3089 7.120467e-01
  3090 7.119555e-01
  3091 7.118644e-01
  3092 7.117726e-01
  3093 7.116820e-01
  3094 7.115902e-01
  3095 7.114983e-01
  3096 7.114071e-01
  3097 7.113159e-01
  3098 7.112246e-01
  3099 7.111334e-01
  3100 7.110421e-01
  3101 7.109508e-01
  3102 7.108595e-01
  3103 7.107682e-01
  3104 7.106769e-01
  3105 7.105862e-01
  3106 7.104948e-01
  3107 7.104035e-01
  3108 7.103121e-01
  3109 7.102213e-01
  3110 7.101299e-01
  3111 7.100385e-01
  3112 7.099471e-01
  3113 7.098563e-01
  3114 7.097649e-01
  3115 7.096740e-01
  3116 7.095826e-01
  3117 7.094911e-01
  3118 7.094002e-01
  3119 7.093087e-01
  3120 7.092178e-01
  3121 7.091263e-01
  3122 7.090354e-01
  3123 7.089445e-01
  3124 7.088529e-01
  3125 7.087620e-01
  3126 7.086704e-01
  3127 7.085794e-01
  3128 7.084891e-01
  3129 7.083981e-01
  3130 7.083071e-01
  3131 7.082154e-01
  3132 7.081244e-01
  3133 7.080334e-01
  3134 7.079423e-01
  3135 7.078506e-01
  3136 7.077602e-01
  3137 7.076697e-01
  3138 7.075786e-01
  3139 7.074875e-01
  3140 7.073957e-01
  3141 7.073046e-01
  3142 7.072134e-01
  3143 7.071229e-01
  3144 7.070324e-01
  3145 7.069412e-01
  3146 7.068500e-01
  3147 7.067588e-01
  3148 7.066682e-01
  3149 7.065776e-01
  3150 7.064863e-01
  3151 7.063951e-01
  3152 7.063038e-01
  3153 7.062131e-01
  3154 7.061225e-01
  3155 7.060312e-01
  3156 7.059399e-01
  3157 7.058498e-01
  3158 7.057591e-01
  3159 7.056677e-01
  3160 7.055764e-01
  3161 7.054862e-01
  3162 7.053949e-01
  3163 7.053041e-01
  3164 7.052127e-01
  3165 7.051225e-01
  3166 7.050311e-01
  3167 7.049402e-01
  3168 7.048488e-01
  3169 7.047586e-01
  3170 7.046677e-01
  3171 7.045762e-01
  3172 7.044860e-01
  3173 7.043951e-01
  3174 7.043036e-01
  3175 7.042126e-01
  3176 7.041223e-01
  3177 7.040314e-01
  3178 7.039398e-01
  3179 7.038495e-01
  3180 7.037585e-01
  3181 7.036675e-01
  3182 7.035759e-01
  3183 7.034855e-01
  3184 7.033945e-01
  3185 7.033035e-01
  3186 7.032131e-01
  3187 7.031220e-01
  3188 7.030309e-01
  3189 7.029405e-01
  3190 7.028494e-01
  3191 7.027583e-01
  3192 7.026678e-01
  3193 7.025767e-01
  3194 7.024855e-01
  3195 7.023950e-01
  3196 7.023045e-01
  3197 7.022127e-01
  3198 7.021228e-01
  3199 7.020316e-01
  3200 7.019404e-01
  3201 7.018498e-01
  3202 7.017585e-01
  3203 7.016673e-01
  3204 7.015773e-01
  3205 7.014860e-01
  3206 7.013947e-01
  3207 7.013041e-01
  3208 7.012134e-01
  3209 7.011221e-01
  3210 7.010314e-01
  3211 7.009407e-01
  3212 7.008499e-01
  3213 7.007592e-01
  3214 7.006678e-01
  3215 7.005771e-01
  3216 7.004863e-01
  3217 7.003949e-01
  3218 7.003047e-01
  3219 7.002133e-01
  3220 7.001231e-01
  3221 7.000316e-01
  3222 6.999408e-01
  3223 6.998499e-01
  3224 6.997591e-01
  3225 6.996688e-01
  3226 6.995773e-01
  3227 6.994870e-01
  3228 6.993961e-01
  3229 6.993046e-01
  3230 6.992143e-01
  3231 6.991233e-01
  3232 6.990330e-01
  3233 6.989414e-01
  3234 6.988510e-01
  3235 6.987600e-01
  3236 6.986697e-01
  3237 6.985780e-01
  3238 6.984882e-01
  3239 6.983966e-01
  3240 6.983061e-01
  3241 6.982151e-01
  3242 6.981246e-01
  3243 6.980335e-01
  3244 6.979431e-01
  3245 6.978519e-01
  3246 6.977614e-01
  3247 6.976703e-01
  3248 6.975804e-01
  3249 6.974886e-01
  3250 6.973987e-01
  3251 6.973075e-01
  3252 6.972170e-01
  3253 6.971257e-01
  3254 6.970352e-01
  3255 6.969452e-01
  3256 6.968539e-01
  3257 6.967633e-01
  3258 6.966720e-01
  3259 6.965820e-01
  3260 6.964914e-01
  3261 6.964001e-01
  3262 6.963100e-01
  3263 6.962187e-01
  3264 6.961286e-01
  3265 6.960379e-01
  3266 6.959465e-01
  3267 6.958564e-01
  3268 6.957663e-01
  3269 6.956749e-01
  3270 6.955847e-01
  3271 6.954946e-01
  3272 6.954031e-01
  3273 6.953129e-01
  3274 6.952227e-01
  3275 6.951313e-01
  3276 6.950410e-01
  3277 6.949508e-01
  3278 6.948606e-01
  3279 6.947690e-01
  3280 6.946788e-01
  3281 6.945885e-01
  3282 6.944982e-01
  3283 6.944066e-01
  3284 6.943170e-01
  3285 6.942266e-01
  3286 6.941363e-01
  3287 6.940447e-01
  3288 6.939543e-01
  3289 6.938646e-01
  3290 6.937736e-01
  3291 6.936825e-01
  3292 6.935928e-01
  3293 6.935023e-01
  3294 6.934119e-01
  3295 6.933215e-01
  3296 6.932310e-01
  3297 6.931399e-01
  3298 6.930501e-01
  3299 6.929596e-01
  3300 6.928691e-01
  3301 6.927792e-01
  3302 6.926887e-01
  3303 6.925975e-01
  3304 6.925076e-01
  3305 6.924170e-01
  3306 6.923271e-01
  3307 6.922365e-01
  3308 6.921465e-01
  3309 6.920559e-01
  3310 6.919653e-01
  3311 6.918746e-01
  3312 6.917846e-01
  3313 6.916940e-01
  3314 6.916039e-01
  3315 6.915139e-01
  3316 6.914232e-01
  3317 6.913331e-01
  3318 6.912430e-01
  3319 6.911530e-01
  3320 6.910622e-01
  3321 6.909721e-01
  3322 6.908807e-01
  3323 6.907906e-01
  3324 6.907004e-01
  3325 6.906102e-01
  3326 6.905201e-01
  3327 6.904299e-01
  3328 6.903397e-01
  3329 6.902495e-01
  3330 6.901592e-01
  3331 6.900690e-01
  3332 6.899788e-01
  3333 6.898885e-01
  3334 6.897982e-01
  3335 6.897080e-01
  3336 6.896177e-01
  3337 6.895274e-01
  3338 6.894377e-01
  3339 6.893473e-01
  3340 6.892570e-01
  3341 6.891666e-01
  3342 6.890763e-01
  3343 6.889865e-01
  3344 6.888962e-01
  3345 6.888058e-01
  3346 6.887153e-01
  3347 6.886256e-01
  3348 6.885351e-01
  3349 6.884453e-01
  3350 6.883548e-01
  3351 6.882644e-01
  3352 6.881745e-01
  3353 6.880840e-01
  3354 6.879942e-01
  3355 6.879036e-01
  3356 6.878137e-01
  3357 6.877232e-01
  3358 6.876333e-01
  3359 6.875427e-01
  3360 6.874528e-01
  3361 6.873622e-01
  3362 6.872722e-01
  3363 6.871823e-01
  3364 6.870916e-01
  3365 6.870016e-01
  3366 6.869116e-01
  3367 6.868210e-01
  3368 6.867309e-01
  3369 6.866409e-01
  3370 6.865508e-01
  3371 6.864607e-01
  3372 6.863713e-01
  3373 6.862812e-01
  3374 6.861911e-01
  3375 6.861003e-01
  3376 6.860102e-01
  3377 6.859201e-01
  3378 6.858299e-01
  3379 6.857397e-01
  3380 6.856496e-01
  3381 6.855594e-01
  3382 6.854698e-01
  3383 6.853802e-01
  3384 6.852900e-01
  3385 6.851998e-01
  3386 6.851095e-01
  3387 6.850193e-01
  3388 6.849290e-01
  3389 6.848394e-01
  3390 6.847497e-01
  3391 6.846594e-01
  3392 6.845691e-01
  3393 6.844788e-01
  3394 6.843884e-01
  3395 6.842993e-01
  3396 6.842096e-01
  3397 6.841192e-01
  3398 6.840288e-01
  3399 6.839384e-01
  3400 6.838493e-01
  3401 6.837595e-01
  3402 6.836691e-01
  3403 6.835786e-01
  3404 6.834882e-01
  3405 6.833990e-01
  3406 6.833091e-01
  3407 6.832186e-01
  3408 6.831288e-01
  3409 6.830389e-01
  3410 6.829490e-01
  3411 6.828591e-01
  3412 6.827685e-01
  3413 6.826792e-01
  3414 6.825893e-01
  3415 6.824987e-01
  3416 6.824094e-01
  3417 6.823194e-01
  3418 6.822294e-01
  3419 6.821401e-01
  3420 6.820501e-01
  3421 6.819594e-01
  3422 6.818700e-01
  3423 6.817806e-01
  3424 6.816899e-01
  3425 6.816005e-01
  3426 6.815104e-01
  3427 6.814203e-01
  3428 6.813308e-01
  3429 6.812407e-01
  3430 6.811512e-01
  3431 6.810618e-01
  3432 6.809710e-01
  3433 6.808821e-01
  3434 6.807919e-01
  3435 6.807024e-01
  3436 6.806122e-01
  3437 6.805226e-01
  3438 6.804330e-01
  3439 6.803428e-01
  3440 6.802532e-01
  3441 6.801629e-01
  3442 6.800739e-01
  3443 6.799836e-01
  3444 6.798940e-01
  3445 6.798043e-01
  3446 6.797147e-01
  3447 6.796250e-01
  3448 6.795353e-01
  3449 6.794449e-01
  3450 6.793558e-01
  3451 6.792655e-01
  3452 6.791764e-01
  3453 6.790860e-01
  3454 6.789968e-01
  3455 6.789071e-01
  3456 6.788173e-01
  3457 6.787281e-01
  3458 6.786383e-01
  3459 6.785491e-01
  3460 6.784586e-01
  3461 6.783694e-01
  3462 6.782789e-01
  3463 6.781897e-01
  3464 6.781004e-01
  3465 6.780105e-01
  3466 6.779213e-01
  3467 6.778307e-01
  3468 6.777414e-01
  3469 6.776528e-01
  3470 6.775622e-01
  3471 6.774728e-01
  3472 6.773828e-01
  3473 6.772935e-01
  3474 6.772041e-01
  3475 6.771141e-01
  3476 6.770247e-01
  3477 6.769353e-01
  3478 6.768453e-01
  3479 6.767559e-01
  3480 6.766671e-01
  3481 6.765764e-01
  3482 6.764875e-01
  3483 6.763974e-01
  3484 6.763080e-01
  3485 6.762185e-01
  3486 6.761283e-01
  3487 6.760395e-01
  3488 6.759499e-01
  3489 6.758597e-01
  3490 6.757702e-01
  3491 6.756813e-01
  3492 6.755917e-01
  3493 6.755015e-01
  3494 6.754125e-01
  3495 6.753236e-01
  3496 6.752333e-01
  3497 6.751437e-01
  3498 6.750547e-01
  3499 6.749644e-01
  3500 6.748754e-01
  3501 6.747857e-01
  3502 6.746966e-01
  3503 6.746063e-01
  3504 6.745172e-01
  3505 6.744281e-01
  3506 6.743377e-01
  3507 6.742486e-01
  3508 6.741595e-01
  3509 6.740698e-01
  3510 6.739800e-01
  3511 6.738908e-01
  3512 6.738010e-01
  3513 6.737118e-01
  3514 6.736220e-01
  3515 6.735328e-01
  3516 6.734436e-01
  3517 6.733537e-01
  3518 6.732639e-01
  3519 6.731746e-01
  3520 6.730854e-01
  3521 6.729961e-01
  3522 6.729068e-01
  3523 6.728169e-01
  3524 6.727276e-01
  3525 6.726383e-01
  3526 6.725489e-01
  3527 6.724596e-01
  3528 6.723696e-01
  3529 6.722802e-01
  3530 6.721909e-01
  3531 6.721021e-01
  3532 6.720127e-01
  3533 6.719220e-01
  3534 6.718332e-01
  3535 6.717438e-01
  3536 6.716544e-01
  3537 6.715656e-01
  3538 6.714761e-01
  3539 6.713860e-01
  3540 6.712965e-01
  3541 6.712076e-01
  3542 6.711181e-01
  3543 6.710292e-01
  3544 6.709397e-01
  3545 6.708501e-01
  3546 6.707599e-01
  3547 6.706710e-01
  3548 6.705821e-01
  3549 6.704925e-01
  3550 6.704035e-01
  3551 6.703139e-01
  3552 6.702249e-01
  3553 6.701359e-01
  3554 6.700463e-01
  3555 6.699572e-01
  3556 6.698682e-01
  3557 6.697785e-01
  3558 6.696881e-01
  3559 6.695991e-01
  3560 6.695100e-01
  3561 6.694209e-01
  3562 6.693312e-01
  3563 6.692421e-01
  3564 6.691529e-01
  3565 6.690638e-01
  3566 6.689746e-01
  3567 6.688855e-01
  3568 6.687963e-01
  3569 6.687065e-01
  3570 6.686173e-01
  3571 6.685281e-01
  3572 6.684389e-01
  3573 6.683503e-01
  3574 6.682617e-01
  3575 6.681724e-01
  3576 6.680832e-01
  3577 6.679939e-01
  3578 6.679046e-01
  3579 6.678153e-01
  3580 6.677260e-01
  3581 6.676367e-01
  3582 6.675473e-01
  3583 6.674580e-01
  3584 6.673693e-01
  3585 6.672812e-01
  3586 6.671918e-01
  3587 6.671024e-01
  3588 6.670130e-01
  3589 6.669236e-01
  3590 6.668342e-01
  3591 6.667454e-01
  3592 6.666572e-01
  3593 6.665678e-01
  3594 6.664783e-01
  3595 6.663895e-01
  3596 6.662999e-01
  3597 6.662111e-01
  3598 6.661229e-01
  3599 6.660333e-01
  3600 6.659438e-01
  3601 6.658549e-01
  3602 6.657666e-01
  3603 6.656770e-01
  3604 6.655881e-01
  3605 6.654991e-01
  3606 6.654108e-01
  3607 6.653212e-01
  3608 6.652315e-01
  3609 6.651432e-01
  3610 6.650542e-01
  3611 6.649652e-01
  3612 6.648755e-01
  3613 6.647871e-01
  3614 6.646987e-01
  3615 6.646089e-01
  3616 6.645205e-01
  3617 6.644314e-01
  3618 6.643423e-01
  3619 6.642538e-01
  3620 6.641647e-01
  3621 6.640756e-01
  3622 6.639864e-01
  3623 6.638979e-01
  3624 6.638087e-01
  3625 6.637202e-01
  3626 6.636310e-01
  3627 6.635418e-01
  3628 6.634532e-01
  3629 6.633646e-01
  3630 6.632747e-01
  3631 6.631861e-01
  3632 6.630975e-01
  3633 6.630089e-01
  3634 6.629202e-01
  3635 6.628309e-01
  3636 6.627423e-01
  3637 6.626529e-01
  3638 6.625642e-01
  3639 6.624755e-01
  3640 6.623862e-01
  3641 6.622981e-01
  3642 6.622087e-01
  3643 6.621200e-01
  3644 6.620312e-01
  3645 6.619424e-01
  3646 6.618537e-01
  3647 6.617642e-01
  3648 6.616761e-01
  3649 6.615872e-01
  3650 6.614984e-01
  3651 6.614096e-01
  3652 6.613207e-01
  3653 6.612318e-01
  3654 6.611436e-01
  3655 6.610547e-01
  3656 6.609652e-01
  3657 6.608769e-01
  3658 6.607873e-01
  3659 6.606991e-01
  3660 6.606101e-01
  3661 6.605218e-01
  3662 6.604329e-01
  3663 6.603439e-01
  3664 6.602549e-01
  3665 6.601665e-01
  3666 6.600775e-01
  3667 6.599891e-01
  3668 6.599001e-01
  3669 6.598117e-01
  3670 6.597226e-01
  3671 6.596342e-01
  3672 6.595451e-01
  3673 6.594567e-01
  3674 6.593676e-01
  3675 6.592791e-01
  3676 6.591913e-01
  3677 6.591022e-01
  3678 6.590137e-01
  3679 6.589245e-01
  3680 6.588360e-01
  3681 6.587468e-01
  3682 6.586589e-01
  3683 6.585697e-01
  3684 6.584811e-01
  3685 6.583932e-01
  3686 6.583039e-01
  3687 6.582153e-01
  3688 6.581260e-01
  3689 6.580381e-01
  3690 6.579487e-01
  3691 6.578601e-01
  3692 6.577721e-01
  3693 6.576834e-01
  3694 6.575947e-01
  3695 6.575060e-01
  3696 6.574173e-01
  3697 6.573293e-01
  3698 6.572398e-01
  3699 6.571518e-01
  3700 6.570637e-01
  3701 6.569742e-01
  3702 6.568861e-01
  3703 6.567980e-01
  3704 6.567085e-01
  3705 6.566204e-01
  3706 6.565322e-01
  3707 6.564433e-01
  3708 6.563545e-01
  3709 6.562670e-01
  3710 6.561774e-01
  3711 6.560892e-01
  3712 6.560009e-01
  3713 6.559120e-01
  3714 6.558238e-01
  3715 6.557355e-01
  3716 6.556472e-01
  3717 6.555582e-01
  3718 6.554699e-01
  3719 6.553816e-01
  3720 6.552933e-01
  3721 6.552043e-01
  3722 6.551159e-01
  3723 6.550282e-01
  3724 6.549398e-01
  3725 6.548508e-01
  3726 6.547624e-01
  3727 6.546740e-01
  3728 6.545862e-01
  3729 6.544978e-01
  3730 6.544100e-01
  3731 6.543202e-01
  3732 6.542324e-01
  3733 6.541439e-01
  3734 6.540561e-01
  3735 6.539675e-01
  3736 6.538797e-01
  3737 6.537905e-01
  3738 6.537019e-01
  3739 6.536141e-01
  3740 6.535262e-01
  3741 6.534376e-01
  3742 6.533496e-01
  3743 6.532610e-01
  3744 6.531731e-01
  3745 6.530851e-01
  3746 6.529965e-01
  3747 6.529078e-01
  3748 6.528192e-01
  3749 6.527312e-01
  3750 6.526431e-01
  3751 6.525551e-01
  3752 6.524664e-01
  3753 6.523783e-01
  3754 6.522903e-01
  3755 6.522022e-01
  3756 6.521141e-01
  3757 6.520260e-01
  3758 6.519372e-01
  3759 6.518491e-01
  3760 6.517610e-01
  3761 6.516728e-01
  3762 6.515847e-01
  3763 6.514965e-01
  3764 6.514083e-01
  3765 6.513201e-01
  3766 6.512319e-01
  3767 6.511437e-01
  3768 6.510568e-01
  3769 6.509685e-01
  3770 6.508803e-01
  3771 6.507920e-01
  3772 6.507037e-01
  3773 6.506154e-01
  3774 6.505278e-01
  3775 6.504395e-01
  3776 6.503512e-01
  3777 6.502628e-01
  3778 6.501751e-01
  3779 6.500874e-01
  3780 6.499991e-01
  3781 6.499114e-01
  3782 6.498230e-01
  3783 6.497345e-01
  3784 6.496461e-01
  3785 6.495584e-01
  3786 6.494713e-01
  3787 6.493828e-01
  3788 6.492943e-01
  3789 6.492065e-01
  3790 6.491180e-01
  3791 6.490302e-01
  3792 6.489430e-01
  3793 6.488545e-01
  3794 6.487659e-01
  3795 6.486781e-01
  3796 6.485895e-01
  3797 6.485016e-01
  3798 6.484144e-01
  3799 6.483257e-01
  3800 6.482378e-01
  3801 6.481499e-01
  3802 6.480619e-01
  3803 6.479739e-01
  3804 6.478859e-01
  3805 6.477979e-01
  3806 6.477099e-01
  3807 6.476226e-01
  3808 6.475339e-01
  3809 6.474458e-01
  3810 6.473577e-01
  3811 6.472704e-01
  3812 6.471816e-01
  3813 6.470935e-01
  3814 6.470054e-01
  3815 6.469179e-01
  3816 6.468298e-01
  3817 6.467417e-01
  3818 6.466535e-01
  3819 6.465660e-01
  3820 6.464778e-01
  3821 6.463897e-01
  3822 6.463021e-01
  3823 6.462139e-01
  3824 6.461257e-01
  3825 6.460374e-01
  3826 6.459506e-01
  3827 6.458616e-01
  3828 6.457740e-01
  3829 6.456864e-01
  3830 6.455981e-01
  3831 6.455098e-01
  3832 6.454228e-01
  3833 6.453338e-01
  3834 6.452461e-01
  3835 6.451585e-01
  3836 6.450701e-01
  3837 6.449824e-01
  3838 6.448947e-01
  3839 6.448063e-01
  3840 6.447185e-01
  3841 6.446308e-01
  3842 6.445423e-01
  3843 6.444546e-01
  3844 6.443668e-01
  3845 6.442790e-01
  3846 6.441918e-01
  3847 6.441033e-01
  3848 6.440155e-01
  3849 6.439276e-01
  3850 6.438398e-01
  3851 6.437519e-01
  3852 6.436633e-01
  3853 6.435761e-01
  3854 6.434882e-01
  3855 6.434003e-01
  3856 6.433124e-01
  3857 6.432244e-01
  3858 6.431372e-01
  3859 6.430485e-01
  3860 6.429612e-01
  3861 6.428732e-01
  3862 6.427852e-01
  3863 6.426979e-01
  3864 6.426098e-01
  3865 6.425218e-01
  3866 6.424344e-01
  3867 6.423464e-01
  3868 6.422583e-01
  3869 6.421709e-01
  3870 6.420828e-01
  3871 6.419954e-01
  3872 6.419072e-01
  3873 6.418198e-01
  3874 6.417316e-01
  3875 6.416448e-01
  3876 6.415567e-01
  3877 6.414692e-01
  3878 6.413810e-01
  3879 6.412935e-01
  3880 6.412059e-01
  3881 6.411177e-01
  3882 6.410308e-01
  3883 6.409432e-01
  3884 6.408550e-01
  3885 6.407674e-01
  3886 6.406798e-01
  3887 6.405928e-01
  3888 6.405045e-01
  3889 6.404169e-01
  3890 6.403299e-01
  3891 6.402415e-01
  3892 6.401539e-01
  3893 6.400668e-01
  3894 6.399791e-01
  3895 6.398914e-01
  3896 6.398044e-01
  3897 6.397160e-01
  3898 6.396282e-01
  3899 6.395418e-01
  3900 6.394533e-01
  3901 6.393656e-01
  3902 6.392784e-01
  3903 6.391913e-01
  3904 6.391035e-01
  3905 6.390157e-01
  3906 6.389285e-01
  3907 6.388413e-01
  3908 6.387534e-01
  3909 6.386662e-01
  3910 6.385790e-01
  3911 6.384918e-01
  3912 6.384046e-01
  3913 6.383166e-01
  3914 6.382287e-01
  3915 6.381414e-01
  3916 6.380542e-01
  3917 6.379675e-01
  3918 6.378796e-01
  3919 6.377915e-01
  3920 6.377049e-01
  3921 6.376176e-01
  3922 6.375302e-01
  3923 6.374428e-01
  3924 6.373562e-01
  3925 6.372681e-01
  3926 6.371800e-01
  3927 6.370933e-01
  3928 6.370058e-01
  3929 6.369184e-01
  3930 6.368316e-01
  3931 6.367442e-01
  3932 6.366574e-01
  3933 6.365699e-01
  3934 6.364824e-01
  3935 6.363949e-01
  3936 6.363074e-01
  3937 6.362198e-01
  3938 6.361330e-01
  3939 6.360454e-01
  3940 6.359585e-01
  3941 6.358710e-01
  3942 6.357841e-01
  3943 6.356971e-01
  3944 6.356095e-01
  3945 6.355226e-01
  3946 6.354349e-01
  3947 6.353480e-01
  3948 6.352610e-01
  3949 6.351733e-01
  3950 6.350863e-01
  3951 6.349993e-01
  3952 6.349123e-01
  3953 6.348246e-01
  3954 6.347375e-01
  3955 6.346505e-01
  3956 6.345634e-01
  3957 6.344763e-01
  3958 6.343885e-01
  3959 6.343014e-01
  3960 6.342143e-01
  3961 6.341272e-01
  3962 6.340400e-01
  3963 6.339529e-01
  3964 6.338657e-01
  3965 6.337785e-01
  3966 6.336913e-01
  3967 6.336041e-01
  3968 6.335176e-01
  3969 6.334304e-01
  3970 6.333431e-01
  3971 6.332559e-01
  3972 6.331686e-01
  3973 6.330814e-01
  3974 6.329948e-01
  3975 6.329075e-01
  3976 6.328202e-01
  3977 6.327328e-01
  3978 6.326455e-01
  3979 6.325581e-01
  3980 6.324722e-01
  3981 6.323848e-01
  3982 6.322974e-01
  3983 6.322107e-01
  3984 6.321233e-01
  3985 6.320359e-01
  3986 6.319485e-01
  3987 6.318617e-01
  3988 6.317756e-01
  3989 6.316882e-01
  3990 6.316007e-01
  3991 6.315139e-01
  3992 6.314264e-01
  3993 6.313389e-01
  3994 6.312527e-01
  3995 6.311659e-01
  3996 6.310783e-01
  3997 6.309915e-01
  3998 6.309039e-01
  3999 6.308177e-01
  4000 6.307301e-01
