0.000000 1.000000e+00
1.000000 1.000000e+00
2.000000 9.999986e-01
3.000000 9.999972e-01
4.000000 9.999953e-01
5.000000 9.999929e-01
6.000000 9.999901e-01
7.000000 9.999868e-01
8.000000 9.999830e-01
9.000000 9.999787e-01
10.000000 9.999740e-01
11.000000 9.999687e-01
12.000000 9.999630e-01
13.000000 9.999568e-01
14.000000 9.999501e-01
15.000000 9.999429e-01
16.000000 9.999352e-01
17.000000 9.999270e-01
18.000000 9.999183e-01
19.000000 9.999091e-01
20.000000 9.998994e-01
21.000000 9.998893e-01
22.000000 9.998786e-01
23.000000 9.998675e-01
24.000000 9.998559e-01
25.000000 9.998437e-01
26.000000 9.998311e-01
27.000000 9.998180e-01
28.000000 9.998044e-01
29.000000 9.997904e-01
30.000000 9.997759e-01
31.000000 9.997610e-01
32.000000 9.997456e-01
33.000000 9.997298e-01
34.000000 9.997136e-01
35.000000 9.996970e-01
36.000000 9.996800e-01
37.000000 9.996625e-01
38.000000 9.996447e-01
39.000000 9.996264e-01
40.000000 9.996072e-01
41.000000 9.995875e-01
42.000000 9.995674e-01
43.000000 9.995468e-01
44.000000 9.995257e-01
45.000000 9.995042e-01
46.000000 9.994822e-01
47.000000 9.994597e-01
48.000000 9.994368e-01
49.000000 9.994135e-01
50.000000 9.993897e-01
51.000000 9.993654e-01
52.000000 9.993406e-01
53.000000 9.993156e-01
54.000000 9.992900e-01
55.000000 9.992640e-01
56.000000 9.992373e-01
57.000000 9.992102e-01
58.000000 9.991825e-01
59.000000 9.991545e-01
60.000000 9.991259e-01
61.000000 9.990969e-01
62.000000 9.990674e-01
63.000000 9.990375e-01
64.000000 9.990071e-01
65.000000 9.989763e-01
66.000000 9.989450e-01
67.000000 9.989133e-01
68.000000 9.988811e-01
69.000000 9.988485e-01
70.000000 9.988154e-01
71.000000 9.987820e-01
72.000000 9.987479e-01
73.000000 9.987133e-01
74.000000 9.986783e-01
75.000000 9.986428e-01
76.000000 9.986069e-01
77.000000 9.985705e-01
78.000000 9.985337e-01
79.000000 9.984964e-01
80.000000 9.984587e-01
81.000000 9.984205e-01
82.000000 9.983819e-01
83.000000 9.983428e-01
84.000000 9.983033e-01
85.000000 9.982633e-01
86.000000 9.982230e-01
87.000000 9.981822e-01
88.000000 9.981408e-01
89.000000 9.980990e-01
90.000000 9.980567e-01
91.000000 9.980139e-01
92.000000 9.979708e-01
93.000000 9.979272e-01
94.000000 9.978831e-01
95.000000 9.978386e-01
96.000000 9.977937e-01
97.000000 9.977483e-01
98.000000 9.977024e-01
99.000000 9.976562e-01
100.000000 9.976095e-01
101.000000 9.975623e-01
102.000000 9.975148e-01
103.000000 9.974668e-01
104.000000 9.974183e-01
105.000000 9.973693e-01
106.000000 9.973199e-01
107.000000 9.972701e-01
108.000000 9.972198e-01
109.000000 9.971691e-01
110.000000 9.971180e-01
111.000000 9.970663e-01
112.000000 9.970143e-01
113.000000 9.969619e-01
114.000000 9.969090e-01
115.000000 9.968557e-01
116.000000 9.968019e-01
117.000000 9.967478e-01
118.000000 9.966932e-01
119.000000 9.966382e-01
120.000000 9.965827e-01
121.000000 9.965268e-01
122.000000 9.964704e-01
123.000000 9.964136e-01
124.000000 9.963564e-01
125.000000 9.962987e-01
126.000000 9.962406e-01
127.000000 9.961821e-01
128.000000 9.961232e-01
129.000000 9.960638e-01
130.000000 9.960041e-01
131.000000 9.959438e-01
132.000000 9.958832e-01
133.000000 9.958222e-01
134.000000 9.957607e-01
135.000000 9.956989e-01
136.000000 9.956365e-01
137.000000 9.955738e-01
138.000000 9.955106e-01
139.000000 9.954469e-01
140.000000 9.953829e-01
141.000000 9.953185e-01
142.000000 9.952536e-01
143.000000 9.951883e-01
144.000000 9.951226e-01
145.000000 9.950565e-01
146.000000 9.949900e-01
147.000000 9.949231e-01
148.000000 9.948557e-01
149.000000 9.947880e-01
150.000000 9.947198e-01
151.000000 9.946512e-01
152.000000 9.945822e-01
153.000000 9.945127e-01
154.000000 9.944429e-01
155.000000 9.943726e-01
156.000000 9.943019e-01
157.000000 9.942308e-01
158.000000 9.941593e-01
159.000000 9.940874e-01
160.000000 9.940151e-01
161.000000 9.939424e-01
162.000000 9.938692e-01
163.000000 9.937957e-01
164.000000 9.937218e-01
165.000000 9.936474e-01
166.000000 9.935727e-01
167.000000 9.934975e-01
168.000000 9.934220e-01
169.000000 9.933460e-01
170.000000 9.932696e-01
171.000000 9.931928e-01
172.000000 9.931156e-01
173.000000 9.930380e-01
174.000000 9.929600e-01
175.000000 9.928816e-01
176.000000 9.928028e-01
177.000000 9.927236e-01
178.000000 9.926441e-01
179.000000 9.925641e-01
180.000000 9.924837e-01
181.000000 9.924029e-01
182.000000 9.923218e-01
183.000000 9.922402e-01
184.000000 9.921583e-01
185.000000 9.920759e-01
186.000000 9.919931e-01
187.000000 9.919099e-01
188.000000 9.918263e-01
189.000000 9.917424e-01
190.000000 9.916580e-01
191.000000 9.915733e-01
192.000000 9.914881e-01
193.000000 9.914026e-01
194.000000 9.913167e-01
195.000000 9.912304e-01
196.000000 9.911437e-01
197.000000 9.910566e-01
198.000000 9.909692e-01
199.000000 9.908813e-01
200.000000 9.907931e-01
201.000000 9.907044e-01
202.000000 9.906153e-01
203.000000 9.905259e-01
204.000000 9.904361e-01
205.000000 9.903459e-01
206.000000 9.902553e-01
207.000000 9.901643e-01
208.000000 9.900730e-01
209.000000 9.899812e-01
210.000000 9.898891e-01
211.000000 9.897966e-01
212.000000 9.897037e-01
213.000000 9.896104e-01
214.000000 9.895168e-01
215.000000 9.894228e-01
216.000000 9.893284e-01
217.000000 9.892336e-01
218.000000 9.891383e-01
219.000000 9.890428e-01
220.000000 9.889469e-01
221.000000 9.888505e-01
222.000000 9.887538e-01
223.000000 9.886567e-01
224.000000 9.885592e-01
225.000000 9.884614e-01
226.000000 9.883632e-01
227.000000 9.882646e-01
228.000000 9.881657e-01
229.000000 9.880663e-01
230.000000 9.879666e-01
231.000000 9.878665e-01
232.000000 9.877661e-01
233.000000 9.876652e-01
234.000000 9.875640e-01
235.000000 9.874623e-01
236.000000 9.873603e-01
237.000000 9.872580e-01
238.000000 9.871553e-01
239.000000 9.870522e-01
240.000000 9.869487e-01
241.000000 9.868449e-01
242.000000 9.867407e-01
243.000000 9.866361e-01
244.000000 9.865312e-01
245.000000 9.864259e-01
246.000000 9.863203e-01
247.000000 9.862142e-01
248.000000 9.861078e-01
249.000000 9.860010e-01
250.000000 9.858938e-01
251.000000 9.857863e-01
252.000000 9.856783e-01
253.000000 9.855701e-01
254.000000 9.854615e-01
255.000000 9.853525e-01
256.000000 9.852431e-01
257.000000 9.851334e-01
258.000000 9.850233e-01
259.000000 9.849129e-01
260.000000 9.848021e-01
261.000000 9.846909e-01
262.000000 9.845793e-01
263.000000 9.844675e-01
264.000000 9.843552e-01
265.000000 9.842425e-01
266.000000 9.841295e-01
267.000000 9.840161e-01
268.000000 9.839024e-01
269.000000 9.837883e-01
270.000000 9.836738e-01
271.000000 9.835590e-01
272.000000 9.834439e-01
273.000000 9.833283e-01
274.000000 9.832125e-01
275.000000 9.830962e-01
276.000000 9.829796e-01
277.000000 9.828627e-01
278.000000 9.827453e-01
279.000000 9.826277e-01
280.000000 9.825096e-01
281.000000 9.823912e-01
282.000000 9.822724e-01
283.000000 9.821533e-01
284.000000 9.820339e-01
285.000000 9.819140e-01
286.000000 9.817938e-01
287.000000 9.816733e-01
288.000000 9.815524e-01
289.000000 9.814312e-01
290.000000 9.813096e-01
291.000000 9.811876e-01
292.000000 9.810653e-01
293.000000 9.809426e-01
294.000000 9.808196e-01
295.000000 9.806963e-01
296.000000 9.805726e-01
297.000000 9.804485e-01
298.000000 9.803241e-01
299.000000 9.801993e-01
300.000000 9.800742e-01
301.000000 9.799487e-01
302.000000 9.798228e-01
303.000000 9.796967e-01
304.000000 9.795701e-01
305.000000 9.794432e-01
306.000000 9.793160e-01
307.000000 9.791884e-01
308.000000 9.790605e-01
309.000000 9.789323e-01
310.000000 9.788036e-01
311.000000 9.786747e-01
312.000000 9.785454e-01
313.000000 9.784157e-01
314.000000 9.782856e-01
315.000000 9.781553e-01
316.000000 9.780245e-01
317.000000 9.778935e-01
318.000000 9.777621e-01
319.000000 9.776303e-01
320.000000 9.774982e-01
321.000000 9.773658e-01
322.000000 9.772330e-01
323.000000 9.770998e-01
324.000000 9.769664e-01
325.000000 9.768325e-01
326.000000 9.766984e-01
327.000000 9.765639e-01
328.000000 9.764291e-01
329.000000 9.762938e-01
330.000000 9.761583e-01
331.000000 9.760224e-01
332.000000 9.758862e-01
333.000000 9.757496e-01
334.000000 9.756127e-01
335.000000 9.754754e-01
336.000000 9.753378e-01
337.000000 9.751999e-01
338.000000 9.750616e-01
339.000000 9.749230e-01
340.000000 9.747840e-01
341.000000 9.746448e-01
342.000000 9.745052e-01
343.000000 9.743652e-01
344.000000 9.742249e-01
345.000000 9.740842e-01
346.000000 9.739432e-01
347.000000 9.738018e-01
348.000000 9.736601e-01
349.000000 9.735181e-01
350.000000 9.733758e-01
351.000000 9.732331e-01
352.000000 9.730901e-01
353.000000 9.729467e-01
354.000000 9.728030e-01
355.000000 9.726590e-01
356.000000 9.725146e-01
357.000000 9.723699e-01
358.000000 9.722249e-01
359.000000 9.720794e-01
360.000000 9.719338e-01
361.000000 9.717877e-01
362.000000 9.716413e-01
363.000000 9.714946e-01
364.000000 9.713475e-01
365.000000 9.712001e-01
366.000000 9.710524e-01
367.000000 9.709044e-01
368.000000 9.707560e-01
369.000000 9.706072e-01
370.000000 9.704582e-01
371.000000 9.703088e-01
372.000000 9.701590e-01
373.000000 9.700089e-01
374.000000 9.698586e-01
375.000000 9.697079e-01
376.000000 9.695568e-01
377.000000 9.694054e-01
378.000000 9.692537e-01
379.000000 9.691016e-01
380.000000 9.689493e-01
381.000000 9.687965e-01
382.000000 9.686435e-01
383.000000 9.684901e-01
384.000000 9.683364e-01
385.000000 9.681824e-01
386.000000 9.680280e-01
387.000000 9.678733e-01
388.000000 9.677183e-01
389.000000 9.675629e-01
390.000000 9.674073e-01
391.000000 9.672513e-01
392.000000 9.670950e-01
393.000000 9.669382e-01
394.000000 9.667813e-01
395.000000 9.666239e-01
396.000000 9.664663e-01
397.000000 9.663083e-01
398.000000 9.661500e-01
399.000000 9.659914e-01
400.000000 9.658324e-01
401.000000 9.656732e-01
402.000000 9.655135e-01
403.000000 9.653536e-01
404.000000 9.651933e-01
405.000000 9.650327e-01
406.000000 9.648719e-01
407.000000 9.647107e-01
408.000000 9.645491e-01
409.000000 9.643872e-01
410.000000 9.642250e-01
411.000000 9.640624e-01
412.000000 9.638996e-01
413.000000 9.637364e-01
414.000000 9.635729e-01
415.000000 9.634091e-01
416.000000 9.632449e-01
417.000000 9.630805e-01
418.000000 9.629157e-01
419.000000 9.627506e-01
420.000000 9.625852e-01
421.000000 9.624194e-01
422.000000 9.622533e-01
423.000000 9.620869e-01
424.000000 9.619202e-01
425.000000 9.617532e-01
426.000000 9.615858e-01
427.000000 9.614182e-01
428.000000 9.612501e-01
429.000000 9.610818e-01
430.000000 9.609132e-01
431.000000 9.607443e-01
432.000000 9.605750e-01
433.000000 9.604054e-01
434.000000 9.602354e-01
435.000000 9.600652e-01
436.000000 9.598947e-01
437.000000 9.597238e-01
438.000000 9.595527e-01
439.000000 9.593811e-01
440.000000 9.592094e-01
441.000000 9.590373e-01
442.000000 9.588647e-01
443.000000 9.586920e-01
444.000000 9.585189e-01
445.000000 9.583455e-01
446.000000 9.581718e-01
447.000000 9.579978e-01
448.000000 9.578234e-01
449.000000 9.576488e-01
450.000000 9.574738e-01
451.000000 9.572986e-01
452.000000 9.571229e-01
453.000000 9.569471e-01
454.000000 9.567709e-01
455.000000 9.565943e-01
456.000000 9.564175e-01
457.000000 9.562404e-01
458.000000 9.560629e-01
459.000000 9.558851e-01
460.000000 9.557070e-01
461.000000 9.555286e-01
462.000000 9.553499e-01
463.000000 9.551709e-01
464.000000 9.549915e-01
465.000000 9.548119e-01
466.000000 9.546320e-01
467.000000 9.544517e-01
468.000000 9.542711e-01
469.000000 9.540903e-01
470.000000 9.539091e-01
471.000000 9.537276e-01
472.000000 9.535459e-01
473.000000 9.533638e-01
474.000000 9.531813e-01
475.000000 9.529986e-01
476.000000 9.528155e-01
477.000000 9.526322e-01
478.000000 9.524485e-01
479.000000 9.522646e-01
480.000000 9.520804e-01
481.000000 9.518958e-01
482.000000 9.517110e-01
483.000000 9.515258e-01
484.000000 9.513403e-01
485.000000 9.511546e-01
486.000000 9.509685e-01
487.000000 9.507821e-01
488.000000 9.505954e-01
489.000000 9.504085e-01
490.000000 9.502212e-01
491.000000 9.500336e-01
492.000000 9.498457e-01
493.000000 9.496575e-01
494.000000 9.494690e-01
495.000000 9.492802e-01
496.000000 9.490911e-01
497.000000 9.489017e-01
498.000000 9.487120e-01
499.000000 9.485220e-01
500.000000 9.483318e-01
501.000000 9.481412e-01
502.000000 9.479503e-01
503.000000 9.477591e-01
504.000000 9.475676e-01
505.000000 9.473758e-01
506.000000 9.471837e-01
507.000000 9.469914e-01
508.000000 9.467987e-01
509.000000 9.466057e-01
510.000000 9.464124e-01
511.000000 9.462189e-01
512.000000 9.460250e-01
513.000000 9.458309e-01
514.000000 9.456364e-01
515.000000 9.454417e-01
516.000000 9.452466e-01
517.000000 9.450513e-01
518.000000 9.448557e-01
519.000000 9.446597e-01
520.000000 9.444635e-01
521.000000 9.442670e-01
522.000000 9.440702e-01
523.000000 9.438731e-01
524.000000 9.436757e-01
525.000000 9.434780e-01
526.000000 9.432801e-01
527.000000 9.430818e-01
528.000000 9.428833e-01
529.000000 9.426844e-01
530.000000 9.424853e-01
531.000000 9.422859e-01
532.000000 9.420862e-01
533.000000 9.418862e-01
534.000000 9.416859e-01
535.000000 9.414853e-01
536.000000 9.412845e-01
537.000000 9.410834e-01
538.000000 9.408819e-01
539.000000 9.406802e-01
540.000000 9.404782e-01
541.000000 9.402758e-01
542.000000 9.400732e-01
543.000000 9.398703e-01
544.000000 9.396672e-01
545.000000 9.394637e-01
546.000000 9.392600e-01
547.000000 9.390560e-01
548.000000 9.388517e-01
549.000000 9.386471e-01
550.000000 9.384423e-01
551.000000 9.382371e-01
552.000000 9.380316e-01
553.000000 9.378259e-01
554.000000 9.376199e-01
555.000000 9.374137e-01
556.000000 9.372071e-01
557.000000 9.370002e-01
558.000000 9.367930e-01
559.000000 9.365856e-01
560.000000 9.363779e-01
561.000000 9.361700e-01
562.000000 9.359617e-01
563.000000 9.357532e-01
564.000000 9.355443e-01
565.000000 9.353352e-01
566.000000 9.351259e-01
567.000000 9.349162e-01
568.000000 9.347063e-01
569.000000 9.344960e-01
570.000000 9.342855e-01
571.000000 9.340748e-01
572.000000 9.338637e-01
573.000000 9.336524e-01
574.000000 9.334407e-01
575.000000 9.332288e-01
576.000000 9.330166e-01
577.000000 9.328043e-01
578.000000 9.325915e-01
579.000000 9.323785e-01
580.000000 9.321652e-01
581.000000 9.319517e-01
582.000000 9.317379e-01
583.000000 9.315238e-01
584.000000 9.313094e-01
585.000000 9.310947e-01
586.000000 9.308798e-01
587.000000 9.306646e-01
588.000000 9.304491e-01
589.000000 9.302333e-01
590.000000 9.300174e-01
591.000000 9.298011e-01
592.000000 9.295845e-01
593.000000 9.293676e-01
594.000000 9.291505e-01
595.000000 9.289331e-01
596.000000 9.287155e-01
597.000000 9.284975e-01
598.000000 9.282793e-01
599.000000 9.280609e-01
600.000000 9.278421e-01
601.000000 9.276231e-01
602.000000 9.274038e-01
603.000000 9.271843e-01
604.000000 9.269644e-01
605.000000 9.267443e-01
606.000000 9.265239e-01
607.000000 9.263033e-01
608.000000 9.260824e-01
609.000000 9.258612e-01
610.000000 9.256398e-01
611.000000 9.254181e-01
612.000000 9.251961e-01
613.000000 9.249738e-01
614.000000 9.247513e-01
615.000000 9.245285e-01
616.000000 9.243054e-01
617.000000 9.240821e-01
618.000000 9.238585e-01
619.000000 9.236347e-01
620.000000 9.234105e-01
621.000000 9.231861e-01
622.000000 9.229615e-01
623.000000 9.227365e-01
624.000000 9.225114e-01
625.000000 9.222859e-01
626.000000 9.220602e-01
627.000000 9.218342e-01
628.000000 9.216080e-01
629.000000 9.213815e-01
630.000000 9.211547e-01
631.000000 9.209276e-01
632.000000 9.207003e-01
633.000000 9.204727e-01
634.000000 9.202449e-01
635.000000 9.200169e-01
636.000000 9.197884e-01
637.000000 9.195598e-01
638.000000 9.193309e-01
639.000000 9.191018e-01
640.000000 9.188724e-01
641.000000 9.186427e-01
642.000000 9.184128e-01
643.000000 9.181826e-01
644.000000 9.179521e-01
645.000000 9.177214e-01
646.000000 9.174905e-01
647.000000 9.172592e-01
648.000000 9.170277e-01
649.000000 9.167960e-01
650.000000 9.165639e-01
651.000000 9.163317e-01
652.000000 9.160991e-01
653.000000 9.158663e-01
654.000000 9.156333e-01
655.000000 9.154000e-01
656.000000 9.151664e-01
657.000000 9.149326e-01
658.000000 9.146984e-01
659.000000 9.144641e-01
660.000000 9.142295e-01
661.000000 9.139946e-01
662.000000 9.137595e-01
663.000000 9.135241e-01
664.000000 9.132885e-01
665.000000 9.130526e-01
666.000000 9.128164e-01
667.000000 9.125800e-01
668.000000 9.123434e-01
669.000000 9.121064e-01
670.000000 9.118693e-01
671.000000 9.116319e-01
672.000000 9.113942e-01
673.000000 9.111563e-01
674.000000 9.109181e-01
675.000000 9.106796e-01
676.000000 9.104410e-01
677.000000 9.102020e-01
678.000000 9.099627e-01
679.000000 9.097233e-01
680.000000 9.094836e-01
681.000000 9.092436e-01
682.000000 9.090034e-01
683.000000 9.087629e-01
684.000000 9.085222e-01
685.000000 9.082812e-01
686.000000 9.080400e-01
687.000000 9.077985e-01
688.000000 9.075568e-01
689.000000 9.073148e-01
690.000000 9.070726e-01
691.000000 9.068301e-01
692.000000 9.065874e-01
693.000000 9.063444e-01
694.000000 9.061012e-01
695.000000 9.058577e-01
696.000000 9.056139e-01
697.000000 9.053700e-01
698.000000 9.051257e-01
699.000000 9.048812e-01
700.000000 9.046365e-01
701.000000 9.043915e-01
702.000000 9.041464e-01
703.000000 9.039009e-01
704.000000 9.036551e-01
705.000000 9.034092e-01
706.000000 9.031629e-01
707.000000 9.029165e-01
708.000000 9.026698e-01
709.000000 9.024228e-01
710.000000 9.021756e-01
711.000000 9.019282e-01
712.000000 9.016805e-01
713.000000 9.014326e-01
714.000000 9.011844e-01
715.000000 9.009359e-01
716.000000 9.006873e-01
717.000000 9.004384e-01
718.000000 9.001892e-01
719.000000 8.999398e-01
720.000000 8.996902e-01
721.000000 8.994403e-01
722.000000 8.991901e-01
723.000000 8.989398e-01
724.000000 8.986892e-01
725.000000 8.984383e-01
726.000000 8.981872e-01
727.000000 8.979358e-01
728.000000 8.976843e-01
729.000000 8.974325e-01
730.000000 8.971803e-01
731.000000 8.969280e-01
732.000000 8.966755e-01
733.000000 8.964227e-01
734.000000 8.961696e-01
735.000000 8.959164e-01
736.000000 8.956629e-01
737.000000 8.954091e-01
738.000000 8.951551e-01
739.000000 8.949009e-01
740.000000 8.946464e-01
741.000000 8.943917e-01
742.000000 8.941368e-01
743.000000 8.938816e-01
744.000000 8.936261e-01
745.000000 8.933705e-01
746.000000 8.931145e-01
747.000000 8.928584e-01
748.000000 8.926021e-01
749.000000 8.923454e-01
750.000000 8.920886e-01
751.000000 8.918315e-01
752.000000 8.915742e-01
753.000000 8.913166e-01
754.000000 8.910588e-01
755.000000 8.908008e-01
756.000000 8.905426e-01
757.000000 8.902841e-01
758.000000 8.900253e-01
759.000000 8.897664e-01
760.000000 8.895072e-01
761.000000 8.892477e-01
762.000000 8.889881e-01
763.000000 8.887282e-01
764.000000 8.884680e-01
765.000000 8.882077e-01
766.000000 8.879470e-01
767.000000 8.876862e-01
768.000000 8.874252e-01
769.000000 8.871638e-01
770.000000 8.869023e-01
771.000000 8.866405e-01
772.000000 8.863785e-01
773.000000 8.861163e-01
774.000000 8.858539e-01
775.000000 8.855912e-01
776.000000 8.853283e-01
777.000000 8.850651e-01
778.000000 8.848018e-01
779.000000 8.845381e-01
780.000000 8.842743e-01
781.000000 8.840102e-01
782.000000 8.837459e-01
783.000000 8.834814e-01
784.000000 8.832167e-01
785.000000 8.829517e-01
786.000000 8.826865e-01
787.000000 8.824210e-01
788.000000 8.821553e-01
789.000000 8.818895e-01
790.000000 8.816233e-01
791.000000 8.813570e-01
792.000000 8.810904e-01
793.000000 8.808236e-01
794.000000 8.805566e-01
795.000000 8.802893e-01
796.000000 8.800218e-01
797.000000 8.797541e-01
798.000000 8.794862e-01
799.000000 8.792180e-01
800.000000 8.789496e-01
801.000000 8.786810e-01
802.000000 8.784122e-01
803.000000 8.781431e-01
804.000000 8.778738e-01
805.000000 8.776043e-01
806.000000 8.773346e-01
807.000000 8.770646e-01
808.000000 8.767945e-01
809.000000 8.765241e-01
810.000000 8.762534e-01
811.000000 8.759826e-01
812.000000 8.757115e-01
813.000000 8.754402e-01
814.000000 8.751686e-01
815.000000 8.748969e-01
816.000000 8.746249e-01
817.000000 8.743527e-01
818.000000 8.740804e-01
819.000000 8.738077e-01
820.000000 8.735349e-01
821.000000 8.732619e-01
822.000000 8.729886e-01
823.000000 8.727151e-01
824.000000 8.724413e-01
825.000000 8.721673e-01
826.000000 8.718931e-01
827.000000 8.716188e-01
828.000000 8.713442e-01
829.000000 8.710693e-01
830.000000 8.707943e-01
831.000000 8.705190e-01
832.000000 8.702436e-01
833.000000 8.699678e-01
834.000000 8.696919e-01
835.000000 8.694158e-01
836.000000 8.691394e-01
837.000000 8.688629e-01
838.000000 8.685861e-01
839.000000 8.683091e-01
840.000000 8.680318e-01
841.000000 8.677543e-01
842.000000 8.674767e-01
843.000000 8.671988e-01
844.000000 8.669207e-01
845.000000 8.666424e-01
846.000000 8.663639e-01
847.000000 8.660852e-01
848.000000 8.658062e-01
849.000000 8.655270e-01
850.000000 8.652477e-01
851.000000 8.649681e-01
852.000000 8.646883e-01
853.000000 8.644082e-01
854.000000 8.641280e-01
855.000000 8.638475e-01
856.000000 8.635669e-01
857.000000 8.632860e-01
858.000000 8.630049e-01
859.000000 8.627236e-01
860.000000 8.624420e-01
861.000000 8.621603e-01
862.000000 8.618784e-01
863.000000 8.615962e-01
864.000000 8.613139e-01
865.000000 8.610313e-01
866.000000 8.607485e-01
867.000000 8.604655e-01
868.000000 8.601823e-01
869.000000 8.598989e-01
870.000000 8.596152e-01
871.000000 8.593314e-01
872.000000 8.590473e-01
873.000000 8.587631e-01
874.000000 8.584786e-01
875.000000 8.581939e-01
876.000000 8.579090e-01
877.000000 8.576239e-01
878.000000 8.573386e-01
879.000000 8.570531e-01
880.000000 8.567674e-01
881.000000 8.564815e-01
882.000000 8.561953e-01
883.000000 8.559090e-01
884.000000 8.556224e-01
885.000000 8.553356e-01
886.000000 8.550487e-01
887.000000 8.547615e-01
888.000000 8.544741e-01
889.000000 8.541865e-01
890.000000 8.538988e-01
891.000000 8.536108e-01
892.000000 8.533225e-01
893.000000 8.530341e-01
894.000000 8.527455e-01
895.000000 8.524567e-01
896.000000 8.521677e-01
897.000000 8.518784e-01
898.000000 8.515890e-01
899.000000 8.512994e-01
900.000000 8.510096e-01
901.000000 8.507195e-01
902.000000 8.504293e-01
903.000000 8.501388e-01
904.000000 8.498482e-01
905.000000 8.495574e-01
906.000000 8.492663e-01
907.000000 8.489751e-01
908.000000 8.486836e-01
909.000000 8.483920e-01
910.000000 8.481001e-01
911.000000 8.478080e-01
912.000000 8.475158e-01
913.000000 8.472233e-01
914.000000 8.469307e-01
915.000000 8.466378e-01
916.000000 8.463448e-01
917.000000 8.460516e-01
918.000000 8.457580e-01
919.000000 8.454645e-01
920.000000 8.451706e-01
921.000000 8.448765e-01
922.000000 8.445823e-01
923.000000 8.442878e-01
924.000000 8.439932e-01
925.000000 8.436984e-01
926.000000 8.434034e-01
927.000000 8.431081e-01
928.000000 8.428127e-01
929.000000 8.425171e-01
930.000000 8.422213e-01
931.000000 8.419252e-01
932.000000 8.416290e-01
933.000000 8.413326e-01
934.000000 8.410361e-01
935.000000 8.407393e-01
936.000000 8.404423e-01
937.000000 8.401452e-01
938.000000 8.398478e-01
939.000000 8.395502e-01
940.000000 8.392524e-01
941.000000 8.389545e-01
942.000000 8.386563e-01
943.000000 8.383580e-01
944.000000 8.380595e-01
945.000000 8.377608e-01
946.000000 8.374619e-01
947.000000 8.371628e-01
948.000000 8.368635e-01
949.000000 8.365640e-01
950.000000 8.362644e-01
951.000000 8.359645e-01
952.000000 8.356645e-01
953.000000 8.353643e-01
954.000000 8.350639e-01
955.000000 8.347632e-01
956.000000 8.344625e-01
957.000000 8.341614e-01
958.000000 8.338603e-01
959.000000 8.335589e-01
960.000000 8.332573e-01
961.000000 8.329556e-01
962.000000 8.326537e-01
963.000000 8.323516e-01
964.000000 8.320493e-01
965.000000 8.317468e-01
966.000000 8.314442e-01
967.000000 8.311413e-01
968.000000 8.308382e-01
969.000000 8.305351e-01
970.000000 8.302317e-01
971.000000 8.299281e-01
972.000000 8.296243e-01
973.000000 8.293203e-01
974.000000 8.290162e-01
975.000000 8.287118e-01
976.000000 8.284073e-01
977.000000 8.281026e-01
978.000000 8.277978e-01
979.000000 8.274928e-01
980.000000 8.271875e-01
981.000000 8.268821e-01
982.000000 8.265765e-01
983.000000 8.262707e-01
984.000000 8.259648e-01
985.000000 8.256586e-01
986.000000 8.253523e-01
987.000000 8.250458e-01
988.000000 8.247391e-01
989.000000 8.244323e-01
990.000000 8.241252e-01
991.000000 8.238180e-01
992.000000 8.235106e-01
993.000000 8.232031e-01
994.000000 8.228953e-01
995.000000 8.225874e-01
996.000000 8.222793e-01
997.000000 8.219710e-01
998.000000 8.216626e-01
999.000000 8.213540e-01
1000.000000 8.210451e-01
1001.000000 8.207361e-01
1002.000000 8.204270e-01
1003.000000 8.201176e-01
1004.000000 8.198082e-01
1005.000000 8.194985e-01
1006.000000 8.191886e-01
1007.000000 8.188786e-01
1008.000000 8.185684e-01
1009.000000 8.182580e-01
1010.000000 8.179474e-01
1011.000000 8.176367e-01
1012.000000 8.173258e-01
1013.000000 8.170148e-01
1014.000000 8.167035e-01
1015.000000 8.163921e-01
1016.000000 8.160805e-01
1017.000000 8.157688e-01
1018.000000 8.154568e-01
1019.000000 8.151447e-01
1020.000000 8.148324e-01
1021.000000 8.145200e-01
1022.000000 8.142074e-01
1023.000000 8.138946e-01
1024.000000 8.135817e-01
1025.000000 8.132685e-01
1026.000000 8.129552e-01
1027.000000 8.126418e-01
1028.000000 8.123282e-01
1029.000000 8.120144e-01
1030.000000 8.117005e-01
1031.000000 8.113863e-01
1032.000000 8.110720e-01
1033.000000 8.107576e-01
1034.000000 8.104429e-01
1035.000000 8.101281e-01
1036.000000 8.098132e-01
1037.000000 8.094980e-01
1038.000000 8.091828e-01
1039.000000 8.088673e-01
1040.000000 8.085517e-01
1041.000000 8.082358e-01
1042.000000 8.079199e-01
1043.000000 8.076038e-01
1044.000000 8.072875e-01
1045.000000 8.069711e-01
1046.000000 8.066544e-01
1047.000000 8.063376e-01
1048.000000 8.060207e-01
1049.000000 8.057037e-01
1050.000000 8.053864e-01
1051.000000 8.050690e-01
1052.000000 8.047514e-01
1053.000000 8.044336e-01
1054.000000 8.041157e-01
1055.000000 8.037976e-01
1056.000000 8.034794e-01
1057.000000 8.031610e-01
1058.000000 8.028425e-01
1059.000000 8.025237e-01
1060.000000 8.022048e-01
1061.000000 8.018858e-01
1062.000000 8.015666e-01
1063.000000 8.012473e-01
1064.000000 8.009278e-01
1065.000000 8.006081e-01
1066.000000 8.002883e-01
1067.000000 7.999683e-01
1068.000000 7.996482e-01
1069.000000 7.993278e-01
1070.000000 7.990074e-01
1071.000000 7.986868e-01
1072.000000 7.983660e-01
1073.000000 7.980451e-01
1074.000000 7.977240e-01
1075.000000 7.974027e-01
1076.000000 7.970813e-01
1077.000000 7.967597e-01
1078.000000 7.964381e-01
1079.000000 7.961162e-01
1080.000000 7.957942e-01
1081.000000 7.954720e-01
1082.000000 7.951497e-01
1083.000000 7.948272e-01
1084.000000 7.945046e-01
1085.000000 7.941818e-01
1086.000000 7.938589e-01
1087.000000 7.935357e-01
1088.000000 7.932125e-01
1089.000000 7.928891e-01
1090.000000 7.925656e-01
1091.000000 7.922419e-01
1092.000000 7.919180e-01
1093.000000 7.915940e-01
1094.000000 7.912699e-01
1095.000000 7.909456e-01
1096.000000 7.906211e-01
1097.000000 7.902965e-01
1098.000000 7.899718e-01
1099.000000 7.896469e-01
1100.000000 7.893218e-01
1101.000000 7.889966e-01
1102.000000 7.886712e-01
1103.000000 7.883457e-01
1104.000000 7.880201e-01
1105.000000 7.876943e-01
1106.000000 7.873683e-01
1107.000000 7.870423e-01
1108.000000 7.867160e-01
1109.000000 7.863896e-01
1110.000000 7.860631e-01
1111.000000 7.857365e-01
1112.000000 7.854097e-01
1113.000000 7.850827e-01
1114.000000 7.847556e-01
1115.000000 7.844283e-01
1116.000000 7.841009e-01
1117.000000 7.837733e-01
1118.000000 7.834457e-01
1119.000000 7.831179e-01
1120.000000 7.827899e-01
1121.000000 7.824617e-01
1122.000000 7.821335e-01
1123.000000 7.818051e-01
1124.000000 7.814765e-01
1125.000000 7.811479e-01
1126.000000 7.808190e-01
1127.000000 7.804900e-01
1128.000000 7.801610e-01
1129.000000 7.798317e-01
1130.000000 7.795023e-01
1131.000000 7.791728e-01
1132.000000 7.788431e-01
1133.000000 7.785133e-01
1134.000000 7.781833e-01
1135.000000 7.778532e-01
1136.000000 7.775230e-01
1137.000000 7.771926e-01
1138.000000 7.768622e-01
1139.000000 7.765315e-01
1140.000000 7.762007e-01
1141.000000 7.758698e-01
1142.000000 7.755388e-01
1143.000000 7.752075e-01
1144.000000 7.748762e-01
1145.000000 7.745448e-01
1146.000000 7.742132e-01
1147.000000 7.738814e-01
1148.000000 7.735496e-01
1149.000000 7.732176e-01
1150.000000 7.728854e-01
1151.000000 7.725532e-01
1152.000000 7.722207e-01
1153.000000 7.718882e-01
1154.000000 7.715555e-01
1155.000000 7.712227e-01
1156.000000 7.708897e-01
1157.000000 7.705567e-01
1158.000000 7.702235e-01
1159.000000 7.698901e-01
1160.000000 7.695567e-01
1161.000000 7.692231e-01
1162.000000 7.688893e-01
1163.000000 7.685555e-01
1164.000000 7.682215e-01
1165.000000 7.678874e-01
1166.000000 7.675531e-01
1167.000000 7.672187e-01
1168.000000 7.668842e-01
1169.000000 7.665496e-01
1170.000000 7.662148e-01
1171.000000 7.658799e-01
1172.000000 7.655449e-01
1173.000000 7.652098e-01
1174.000000 7.648745e-01
1175.000000 7.645391e-01
1176.000000 7.642035e-01
1177.000000 7.638679e-01
1178.000000 7.635321e-01
1179.000000 7.631962e-01
1180.000000 7.628602e-01
1181.000000 7.625240e-01
1182.000000 7.621877e-01
1183.000000 7.618513e-01
1184.000000 7.615147e-01
1185.000000 7.611781e-01
1186.000000 7.608413e-01
1187.000000 7.605044e-01
1188.000000 7.601673e-01
1189.000000 7.598303e-01
1190.000000 7.594930e-01
1191.000000 7.591555e-01
1192.000000 7.588180e-01
1193.000000 7.584804e-01
1194.000000 7.581426e-01
1195.000000 7.578048e-01
1196.000000 7.574668e-01
1197.000000 7.571286e-01
1198.000000 7.567904e-01
1199.000000 7.564521e-01
1200.000000 7.561136e-01
1201.000000 7.557750e-01
1202.000000 7.554362e-01
1203.000000 7.550974e-01
1204.000000 7.547585e-01
1205.000000 7.544194e-01
1206.000000 7.540802e-01
1207.000000 7.537409e-01
1208.000000 7.534015e-01
1209.000000 7.530619e-01
1210.000000 7.527223e-01
1211.000000 7.523825e-01
1212.000000 7.520426e-01
1213.000000 7.517026e-01
1214.000000 7.513625e-01
1215.000000 7.510222e-01
1216.000000 7.506819e-01
1217.000000 7.503415e-01
1218.000000 7.500009e-01
1219.000000 7.496602e-01
1220.000000 7.493194e-01
1221.000000 7.489785e-01
1222.000000 7.486375e-01
1223.000000 7.482963e-01
1224.000000 7.479551e-01
1225.000000 7.476137e-01
1226.000000 7.472722e-01
1227.000000 7.469306e-01
1228.000000 7.465889e-01
1229.000000 7.462471e-01
1230.000000 7.459052e-01
1231.000000 7.455632e-01
1232.000000 7.452211e-01
1233.000000 7.448788e-01
1234.000000 7.445364e-01
1235.000000 7.441940e-01
1236.000000 7.438514e-01
1237.000000 7.435087e-01
1238.000000 7.431659e-01
1239.000000 7.428230e-01
1240.000000 7.424800e-01
1241.000000 7.421369e-01
1242.000000 7.417937e-01
1243.000000 7.414504e-01
1244.000000 7.411069e-01
1245.000000 7.407634e-01
1246.000000 7.404197e-01
1247.000000 7.400760e-01
1248.000000 7.397321e-01
1249.000000 7.393881e-01
1250.000000 7.390441e-01
1251.000000 7.386999e-01
1252.000000 7.383556e-01
1253.000000 7.380113e-01
1254.000000 7.376668e-01
1255.000000 7.373222e-01
1256.000000 7.369775e-01
1257.000000 7.366327e-01
1258.000000 7.362878e-01
1259.000000 7.359428e-01
1260.000000 7.355977e-01
1261.000000 7.352525e-01
1262.000000 7.349072e-01
1263.000000 7.345619e-01
1264.000000 7.342164e-01
1265.000000 7.338708e-01
1266.000000 7.335250e-01
1267.000000 7.331792e-01
1268.000000 7.328333e-01
1269.000000 7.324874e-01
1270.000000 7.321412e-01
1271.000000 7.317951e-01
1272.000000 7.314487e-01
1273.000000 7.311023e-01
1274.000000 7.307559e-01
1275.000000 7.304093e-01
1276.000000 7.300626e-01
1277.000000 7.297158e-01
1278.000000 7.293689e-01
1279.000000 7.290220e-01
1280.000000 7.286749e-01
1281.000000 7.283277e-01
1282.000000 7.279805e-01
1283.000000 7.276331e-01
1284.000000 7.272857e-01
1285.000000 7.269381e-01
1286.000000 7.265905e-01
1287.000000 7.262428e-01
1288.000000 7.258949e-01
1289.000000 7.255470e-01
1290.000000 7.251989e-01
1291.000000 7.248509e-01
1292.000000 7.245027e-01
1293.000000 7.241544e-01
1294.000000 7.238060e-01
1295.000000 7.234576e-01
1296.000000 7.231089e-01
1297.000000 7.227603e-01
1298.000000 7.224115e-01
1299.000000 7.220627e-01
1300.000000 7.217138e-01
1301.000000 7.213647e-01
1302.000000 7.210157e-01
1303.000000 7.206664e-01
1304.000000 7.203171e-01
1305.000000 7.199678e-01
1306.000000 7.196183e-01
1307.000000 7.192688e-01
1308.000000 7.189191e-01
1309.000000 7.185694e-01
1310.000000 7.182196e-01
1311.000000 7.178697e-01
1312.000000 7.175197e-01
1313.000000 7.171696e-01
1314.000000 7.168195e-01
1315.000000 7.164692e-01
1316.000000 7.161189e-01
1317.000000 7.157685e-01
1318.000000 7.154179e-01
1319.000000 7.150674e-01
1320.000000 7.147167e-01
1321.000000 7.143660e-01
1322.000000 7.140151e-01
1323.000000 7.136642e-01
1324.000000 7.133132e-01
1325.000000 7.129621e-01
1326.000000 7.126109e-01
1327.000000 7.122597e-01
1328.000000 7.119083e-01
1329.000000 7.115569e-01
1330.000000 7.112054e-01
1331.000000 7.108539e-01
1332.000000 7.105022e-01
1333.000000 7.101505e-01
1334.000000 7.097986e-01
1335.000000 7.094467e-01
1336.000000 7.090948e-01
1337.000000 7.087427e-01
1338.000000 7.083905e-01
1339.000000 7.080384e-01
1340.000000 7.076860e-01
1341.000000 7.073337e-01
1342.000000 7.069812e-01
1343.000000 7.066287e-01
1344.000000 7.062761e-01
1345.000000 7.059234e-01
1346.000000 7.055706e-01
1347.000000 7.052178e-01
1348.000000 7.048649e-01
1349.000000 7.045120e-01
1350.000000 7.041589e-01
1351.000000 7.038058e-01
1352.000000 7.034525e-01
1353.000000 7.030992e-01
1354.000000 7.027459e-01
1355.000000 7.023925e-01
1356.000000 7.020389e-01
1357.000000 7.016854e-01
1358.000000 7.013317e-01
1359.000000 7.009780e-01
1360.000000 7.006242e-01
1361.000000 7.002703e-01
1362.000000 6.999164e-01
1363.000000 6.995624e-01
1364.000000 6.992083e-01
1365.000000 6.988542e-01
1366.000000 6.984999e-01
1367.000000 6.981457e-01
1368.000000 6.977913e-01
1369.000000 6.974368e-01
1370.000000 6.970824e-01
1371.000000 6.967278e-01
1372.000000 6.963732e-01
1373.000000 6.960184e-01
1374.000000 6.956637e-01
1375.000000 6.953089e-01
1376.000000 6.949539e-01
1377.000000 6.945990e-01
1378.000000 6.942439e-01
1379.000000 6.938888e-01
1380.000000 6.935336e-01
1381.000000 6.931785e-01
1382.000000 6.928232e-01
1383.000000 6.924677e-01
1384.000000 6.921123e-01
1385.000000 6.917569e-01
1386.000000 6.914013e-01
1387.000000 6.910457e-01
1388.000000 6.906900e-01
1389.000000 6.903342e-01
1390.000000 6.899784e-01
1391.000000 6.896225e-01
1392.000000 6.892666e-01
1393.000000 6.889106e-01
1394.000000 6.885546e-01
1395.000000 6.881985e-01
1396.000000 6.878423e-01
1397.000000 6.874860e-01
1398.000000 6.871297e-01
1399.000000 6.867734e-01
1400.000000 6.864170e-01
1401.000000 6.860605e-01
1402.000000 6.857039e-01
1403.000000 6.853474e-01
1404.000000 6.849907e-01
1405.000000 6.846340e-01
1406.000000 6.842772e-01
1407.000000 6.839204e-01
1408.000000 6.835635e-01
1409.000000 6.832066e-01
1410.000000 6.828496e-01
1411.000000 6.824925e-01
1412.000000 6.821354e-01
1413.000000 6.817783e-01
1414.000000 6.814211e-01
1415.000000 6.810638e-01
1416.000000 6.807065e-01
1417.000000 6.803491e-01
1418.000000 6.799916e-01
1419.000000 6.796342e-01
1420.000000 6.792766e-01
1421.000000 6.789190e-01
1422.000000 6.785614e-01
1423.000000 6.782037e-01
1424.000000 6.778459e-01
1425.000000 6.774881e-01
1426.000000 6.771303e-01
1427.000000 6.767723e-01
1428.000000 6.764144e-01
1429.000000 6.760564e-01
1430.000000 6.756984e-01
1431.000000 6.753402e-01
1432.000000 6.749821e-01
1433.000000 6.746238e-01
1434.000000 6.742656e-01
1435.000000 6.739073e-01
1436.000000 6.735489e-01
1437.000000 6.731905e-01
1438.000000 6.728321e-01
1439.000000 6.724736e-01
1440.000000 6.721151e-01
1441.000000 6.717565e-01
1442.000000 6.713978e-01
1443.000000 6.710392e-01
1444.000000 6.706804e-01
1445.000000 6.703216e-01
1446.000000 6.699629e-01
1447.000000 6.696040e-01
1448.000000 6.692451e-01
1449.000000 6.688861e-01
1450.000000 6.685271e-01
1451.000000 6.681681e-01
1452.000000 6.678090e-01
1453.000000 6.674499e-01
1454.000000 6.670907e-01
1455.000000 6.667315e-01
1456.000000 6.663722e-01
1457.000000 6.660129e-01
1458.000000 6.656536e-01
1459.000000 6.652942e-01
1460.000000 6.649348e-01
1461.000000 6.645753e-01
1462.000000 6.642158e-01
1463.000000 6.638563e-01
1464.000000 6.634967e-01
1465.000000 6.631371e-01
1466.000000 6.627774e-01
1467.000000 6.624177e-01
1468.000000 6.620579e-01
1469.000000 6.616981e-01
1470.000000 6.613383e-01
1471.000000 6.609785e-01
1472.000000 6.606186e-01
1473.000000 6.602586e-01
1474.000000 6.598987e-01
1475.000000 6.595387e-01
1476.000000 6.591786e-01
1477.000000 6.588185e-01
1478.000000 6.584584e-01
1479.000000 6.580983e-01
1480.000000 6.577381e-01
1481.000000 6.573778e-01
1482.000000 6.570176e-01
1483.000000 6.566573e-01
1484.000000 6.562970e-01
1485.000000 6.559366e-01
1486.000000 6.555762e-01
1487.000000 6.552158e-01
1488.000000 6.548553e-01
1489.000000 6.544948e-01
1490.000000 6.541343e-01
1491.000000 6.537737e-01
1492.000000 6.534131e-01
1493.000000 6.530525e-01
1494.000000 6.526918e-01
1495.000000 6.523312e-01
1496.000000 6.519705e-01
1497.000000 6.516097e-01
1498.000000 6.512489e-01
1499.000000 6.508881e-01
1500.000000 6.505273e-01
1501.000000 6.501664e-01
1502.000000 6.498055e-01
1503.000000 6.494446e-01
1504.000000 6.490836e-01
1505.000000 6.487226e-01
1506.000000 6.483616e-01
1507.000000 6.480006e-01
1508.000000 6.476395e-01
1509.000000 6.472784e-01
1510.000000 6.469173e-01
1511.000000 6.465561e-01
1512.000000 6.461949e-01
1513.000000 6.458337e-01
1514.000000 6.454725e-01
1515.000000 6.451113e-01
1516.000000 6.447500e-01
1517.000000 6.443887e-01
1518.000000 6.440273e-01
1519.000000 6.436660e-01
1520.000000 6.433046e-01
1521.000000 6.429432e-01
1522.000000 6.425818e-01
1523.000000 6.422203e-01
1524.000000 6.418588e-01
1525.000000 6.414973e-01
1526.000000 6.411359e-01
1527.000000 6.407743e-01
1528.000000 6.404127e-01
1529.000000 6.400512e-01
1530.000000 6.396895e-01
1531.000000 6.393279e-01
1532.000000 6.389662e-01
1533.000000 6.386046e-01
1534.000000 6.382429e-01
1535.000000 6.378812e-01
1536.000000 6.375194e-01
1537.000000 6.371577e-01
1538.000000 6.367959e-01
1539.000000 6.364342e-01
1540.000000 6.360724e-01
1541.000000 6.357105e-01
1542.000000 6.353487e-01
1543.000000 6.349868e-01
1544.000000 6.346250e-01
1545.000000 6.342631e-01
1546.000000 6.339012e-01
1547.000000 6.335393e-01
1548.000000 6.331773e-01
1549.000000 6.328153e-01
1550.000000 6.324534e-01
1551.000000 6.320914e-01
1552.000000 6.317294e-01
1553.000000 6.313673e-01
1554.000000 6.310053e-01
1555.000000 6.306433e-01
1556.000000 6.302812e-01
1557.000000 6.299191e-01
1558.000000 6.295571e-01
1559.000000 6.291950e-01
1560.000000 6.288328e-01
1561.000000 6.284707e-01
1562.000000 6.281086e-01
1563.000000 6.277464e-01
1564.000000 6.273843e-01
1565.000000 6.270221e-01
1566.000000 6.266599e-01
1567.000000 6.262977e-01
1568.000000 6.259355e-01
1569.000000 6.255733e-01
1570.000000 6.252111e-01
1571.000000 6.248488e-01
1572.000000 6.244866e-01
1573.000000 6.241243e-01
1574.000000 6.237621e-01
1575.000000 6.233998e-01
1576.000000 6.230375e-01
1577.000000 6.226752e-01
1578.000000 6.223129e-01
1579.000000 6.219506e-01
1580.000000 6.215883e-01
1581.000000 6.212260e-01
1582.000000 6.208637e-01
1583.000000 6.205014e-01
1584.000000 6.201390e-01
1585.000000 6.197767e-01
1586.000000 6.194143e-01
1587.000000 6.190520e-01
1588.000000 6.186896e-01
1589.000000 6.183273e-01
1590.000000 6.179649e-01
1591.000000 6.176026e-01
1592.000000 6.172402e-01
1593.000000 6.168779e-01
1594.000000 6.165155e-01
1595.000000 6.161531e-01
1596.000000 6.157907e-01
1597.000000 6.154283e-01
1598.000000 6.150660e-01
1599.000000 6.147036e-01
1600.000000 6.143412e-01
1601.000000 6.139788e-01
1602.000000 6.136164e-01
1603.000000 6.132540e-01
1604.000000 6.128917e-01
1605.000000 6.125293e-01
1606.000000 6.121669e-01
1607.000000 6.118046e-01
1608.000000 6.114421e-01
1609.000000 6.110798e-01
1610.000000 6.107174e-01
1611.000000 6.103550e-01
1612.000000 6.099926e-01
1613.000000 6.096303e-01
1614.000000 6.092680e-01
1615.000000 6.089056e-01
1616.000000 6.085432e-01
1617.000000 6.081808e-01
1618.000000 6.078185e-01
1619.000000 6.074562e-01
1620.000000 6.070938e-01
1621.000000 6.067315e-01
1622.000000 6.063691e-01
1623.000000 6.060068e-01
1624.000000 6.056445e-01
1625.000000 6.052822e-01
1626.000000 6.049199e-01
1627.000000 6.045576e-01
1628.000000 6.041953e-01
1629.000000 6.038331e-01
1630.000000 6.034708e-01
1631.000000 6.031085e-01
1632.000000 6.027463e-01
1633.000000 6.023840e-01
1634.000000 6.020218e-01
1635.000000 6.016595e-01
1636.000000 6.012973e-01
1637.000000 6.009351e-01
1638.000000 6.005729e-01
1639.000000 6.002107e-01
1640.000000 5.998486e-01
1641.000000 5.994864e-01
1642.000000 5.991242e-01
1643.000000 5.987621e-01
1644.000000 5.984000e-01
1645.000000 5.980378e-01
1646.000000 5.976757e-01
1647.000000 5.973136e-01
1648.000000 5.969516e-01
1649.000000 5.965895e-01
1650.000000 5.962274e-01
1651.000000 5.958654e-01
1652.000000 5.955033e-01
1653.000000 5.951413e-01
1654.000000 5.947793e-01
1655.000000 5.944173e-01
1656.000000 5.940553e-01
1657.000000 5.936934e-01
1658.000000 5.933314e-01
1659.000000 5.929695e-01
1660.000000 5.926076e-01
1661.000000 5.922457e-01
1662.000000 5.918838e-01
1663.000000 5.915220e-01
1664.000000 5.911601e-01
1665.000000 5.907983e-01
1666.000000 5.904366e-01
1667.000000 5.900747e-01
1668.000000 5.897130e-01
1669.000000 5.893512e-01
1670.000000 5.889895e-01
1671.000000 5.886278e-01
1672.000000 5.882661e-01
1673.000000 5.879044e-01
1674.000000 5.875427e-01
1675.000000 5.871811e-01
1676.000000 5.868195e-01
1677.000000 5.864579e-01
1678.000000 5.860963e-01
1679.000000 5.857347e-01
1680.000000 5.853732e-01
1681.000000 5.850117e-01
1682.000000 5.846502e-01
1683.000000 5.842888e-01
1684.000000 5.839273e-01
1685.000000 5.835659e-01
1686.000000 5.832045e-01
1687.000000 5.828431e-01
1688.000000 5.824818e-01
1689.000000 5.821204e-01
1690.000000 5.817591e-01
1691.000000 5.813978e-01
1692.000000 5.810366e-01
1693.000000 5.806753e-01
1694.000000 5.803141e-01
1695.000000 5.799530e-01
1696.000000 5.795918e-01
1697.000000 5.792307e-01
1698.000000 5.788695e-01
1699.000000 5.785085e-01
1700.000000 5.781474e-01
1701.000000 5.777864e-01
1702.000000 5.774254e-01
1703.000000 5.770644e-01
1704.000000 5.767035e-01
1705.000000 5.763426e-01
1706.000000 5.759816e-01
1707.000000 5.756208e-01
1708.000000 5.752599e-01
1709.000000 5.748992e-01
1710.000000 5.745384e-01
1711.000000 5.741776e-01
1712.000000 5.738169e-01
1713.000000 5.734562e-01
1714.000000 5.730955e-01
1715.000000 5.727349e-01
1716.000000 5.723743e-01
1717.000000 5.720137e-01
1718.000000 5.716532e-01
1719.000000 5.712927e-01
1720.000000 5.709322e-01
1721.000000 5.705717e-01
1722.000000 5.702113e-01
1723.000000 5.698509e-01
1724.000000 5.694906e-01
1725.000000 5.691303e-01
1726.000000 5.687700e-01
1727.000000 5.684097e-01
1728.000000 5.680495e-01
1729.000000 5.676893e-01
1730.000000 5.673291e-01
1731.000000 5.669690e-01
1732.000000 5.666089e-01
1733.000000 5.662489e-01
1734.000000 5.658889e-01
1735.000000 5.655289e-01
1736.000000 5.651689e-01
1737.000000 5.648090e-01
1738.000000 5.644491e-01
1739.000000 5.640893e-01
1740.000000 5.637295e-01
1741.000000 5.633697e-01
1742.000000 5.630100e-01
1743.000000 5.626503e-01
1744.000000 5.622906e-01
1745.000000 5.619310e-01
1746.000000 5.615714e-01
1747.000000 5.612119e-01
1748.000000 5.608523e-01
1749.000000 5.604929e-01
1750.000000 5.601335e-01
1751.000000 5.597741e-01
1752.000000 5.594147e-01
1753.000000 5.590554e-01
1754.000000 5.586961e-01
1755.000000 5.583369e-01
1756.000000 5.579776e-01
1757.000000 5.576185e-01
1758.000000 5.572594e-01
1759.000000 5.569003e-01
1760.000000 5.565413e-01
1761.000000 5.561823e-01
1762.000000 5.558233e-01
1763.000000 5.554644e-01
1764.000000 5.551055e-01
1765.000000 5.547467e-01
1766.000000 5.543879e-01
1767.000000 5.540292e-01
1768.000000 5.536705e-01
1769.000000 5.533118e-01
1770.000000 5.529532e-01
1771.000000 5.525946e-01
1772.000000 5.522360e-01
1773.000000 5.518775e-01
1774.000000 5.515191e-01
1775.000000 5.511607e-01
1776.000000 5.508023e-01
1777.000000 5.504441e-01
1778.000000 5.500858e-01
1779.000000 5.497276e-01
1780.000000 5.493694e-01
1781.000000 5.490112e-01
1782.000000 5.486532e-01
1783.000000 5.482951e-01
1784.000000 5.479372e-01
1785.000000 5.475792e-01
1786.000000 5.472213e-01
1787.000000 5.468634e-01
1788.000000 5.465057e-01
1789.000000 5.461479e-01
1790.000000 5.457902e-01
1791.000000 5.454325e-01
1792.000000 5.450750e-01
1793.000000 5.447174e-01
1794.000000 5.443599e-01
1795.000000 5.440024e-01
1796.000000 5.436450e-01
1797.000000 5.432876e-01
1798.000000 5.429303e-01
1799.000000 5.425730e-01
1800.000000 5.422158e-01
1801.000000 5.418587e-01
1802.000000 5.415016e-01
1803.000000 5.411445e-01
1804.000000 5.407875e-01
1805.000000 5.404305e-01
1806.000000 5.400736e-01
1807.000000 5.397168e-01
1808.000000 5.393600e-01
1809.000000 5.390032e-01
1810.000000 5.386466e-01
1811.000000 5.382899e-01
1812.000000 5.379333e-01
1813.000000 5.375768e-01
1814.000000 5.372203e-01
1815.000000 5.368638e-01
1816.000000 5.365075e-01
1817.000000 5.361512e-01
1818.000000 5.357949e-01
1819.000000 5.354387e-01
1820.000000 5.350826e-01
1821.000000 5.347265e-01
1822.000000 5.343704e-01
1823.000000 5.340144e-01
1824.000000 5.336585e-01
1825.000000 5.333026e-01
1826.000000 5.329468e-01
1827.000000 5.325910e-01
1828.000000 5.322353e-01
1829.000000 5.318797e-01
1830.000000 5.315241e-01
1831.000000 5.311686e-01
1832.000000 5.308131e-01
1833.000000 5.304577e-01
1834.000000 5.301023e-01
1835.000000 5.297470e-01
1836.000000 5.293918e-01
1837.000000 5.290366e-01
1838.000000 5.286815e-01
1839.000000 5.283265e-01
1840.000000 5.279715e-01
1841.000000 5.276165e-01
1842.000000 5.272617e-01
1843.000000 5.269068e-01
1844.000000 5.265521e-01
1845.000000 5.261974e-01
1846.000000 5.258427e-01
1847.000000 5.254882e-01
1848.000000 5.251337e-01
1849.000000 5.247793e-01
1850.000000 5.244249e-01
1851.000000 5.240706e-01
1852.000000 5.237163e-01
1853.000000 5.233621e-01
1854.000000 5.230080e-01
1855.000000 5.226539e-01
1856.000000 5.222999e-01
1857.000000 5.219460e-01
1858.000000 5.215921e-01
1859.000000 5.212383e-01
1860.000000 5.208845e-01
1861.000000 5.205309e-01
1862.000000 5.201772e-01
1863.000000 5.198237e-01
1864.000000 5.194702e-01
1865.000000 5.191168e-01
1866.000000 5.187634e-01
1867.000000 5.184101e-01
1868.000000 5.180569e-01
1869.000000 5.177038e-01
1870.000000 5.173507e-01
1871.000000 5.169977e-01
1872.000000 5.166447e-01
1873.000000 5.162918e-01
1874.000000 5.159390e-01
1875.000000 5.155863e-01
1876.000000 5.152336e-01
1877.000000 5.148810e-01
1878.000000 5.145284e-01
1879.000000 5.141760e-01
1880.000000 5.138236e-01
1881.000000 5.134712e-01
1882.000000 5.131189e-01
1883.000000 5.127667e-01
1884.000000 5.124146e-01
1885.000000 5.120626e-01
1886.000000 5.117106e-01
1887.000000 5.113587e-01
1888.000000 5.110068e-01
1889.000000 5.106550e-01
1890.000000 5.103033e-01
1891.000000 5.099517e-01
1892.000000 5.096001e-01
1893.000000 5.092487e-01
1894.000000 5.088972e-01
1895.000000 5.085459e-01
1896.000000 5.081946e-01
1897.000000 5.078434e-01
1898.000000 5.074923e-01
1899.000000 5.071412e-01
1900.000000 5.067902e-01
1901.000000 5.064393e-01
1902.000000 5.060885e-01
1903.000000 5.057377e-01
1904.000000 5.053870e-01
1905.000000 5.050364e-01
1906.000000 5.046859e-01
1907.000000 5.043354e-01
1908.000000 5.039850e-01
1909.000000 5.036347e-01
1910.000000 5.032845e-01
1911.000000 5.029343e-01
1912.000000 5.025842e-01
1913.000000 5.022342e-01
1914.000000 5.018843e-01
1915.000000 5.015344e-01
1916.000000 5.011846e-01
1917.000000 5.008349e-01
1918.000000 5.004852e-01
1919.000000 5.001357e-01
1920.000000 4.997862e-01
1921.000000 4.994368e-01
1922.000000 4.990875e-01
1923.000000 4.987382e-01
1924.000000 4.983891e-01
1925.000000 4.980400e-01
1926.000000 4.976910e-01
1927.000000 4.973420e-01
1928.000000 4.969931e-01
1929.000000 4.966444e-01
1930.000000 4.962957e-01
1931.000000 4.959470e-01
1932.000000 4.955985e-01
1933.000000 4.952500e-01
1934.000000 4.949016e-01
1935.000000 4.945533e-01
1936.000000 4.942051e-01
1937.000000 4.938569e-01
1938.000000 4.935089e-01
1939.000000 4.931609e-01
1940.000000 4.928130e-01
1941.000000 4.924652e-01
1942.000000 4.921174e-01
1943.000000 4.917698e-01
1944.000000 4.914222e-01
1945.000000 4.910747e-01
1946.000000 4.907273e-01
1947.000000 4.903799e-01
1948.000000 4.900326e-01
1949.000000 4.896854e-01
1950.000000 4.893384e-01
1951.000000 4.889914e-01
1952.000000 4.886444e-01
1953.000000 4.882976e-01
1954.000000 4.879508e-01
1955.000000 4.876041e-01
1956.000000 4.872576e-01
1957.000000 4.869110e-01
1958.000000 4.865646e-01
1959.000000 4.862182e-01
1960.000000 4.858720e-01
1961.000000 4.855258e-01
1962.000000 4.851797e-01
1963.000000 4.848337e-01
1964.000000 4.844878e-01
1965.000000 4.841419e-01
1966.000000 4.837962e-01
1967.000000 4.834505e-01
1968.000000 4.831049e-01
1969.000000 4.827594e-01
1970.000000 4.824140e-01
1971.000000 4.820687e-01
1972.000000 4.817234e-01
1973.000000 4.813783e-01
1974.000000 4.810332e-01
1975.000000 4.806882e-01
1976.000000 4.803433e-01
1977.000000 4.799985e-01
1978.000000 4.796538e-01
1979.000000 4.793091e-01
1980.000000 4.789646e-01
1981.000000 4.786201e-01
1982.000000 4.782758e-01
1983.000000 4.779315e-01
1984.000000 4.775873e-01
1985.000000 4.772432e-01
1986.000000 4.768991e-01
1987.000000 4.765552e-01
1988.000000 4.762114e-01
1989.000000 4.758676e-01
1990.000000 4.755239e-01
1991.000000 4.751804e-01
1992.000000 4.748369e-01
1993.000000 4.744935e-01
1994.000000 4.741502e-01
1995.000000 4.738070e-01
1996.000000 4.734638e-01
1997.000000 4.731208e-01
1998.000000 4.727779e-01
1999.000000 4.724350e-01
2000.000000 4.720922e-01
2001.000000 4.717496e-01
2002.000000 4.714070e-01
2003.000000 4.710645e-01
2004.000000 4.707221e-01
2005.000000 4.703798e-01
2006.000000 4.700376e-01
2007.000000 4.696954e-01
2008.000000 4.693534e-01
2009.000000 4.690115e-01
2010.000000 4.686696e-01
2011.000000 4.683279e-01
2012.000000 4.679862e-01
2013.000000 4.676446e-01
2014.000000 4.673032e-01
2015.000000 4.669618e-01
2016.000000 4.666205e-01
2017.000000 4.662793e-01
2018.000000 4.659382e-01
2019.000000 4.655972e-01
2020.000000 4.652563e-01
2021.000000 4.649155e-01
2022.000000 4.645748e-01
2023.000000 4.642341e-01
2024.000000 4.638936e-01
2025.000000 4.635532e-01
2026.000000 4.632128e-01
2027.000000 4.628726e-01
2028.000000 4.625324e-01
2029.000000 4.621924e-01
2030.000000 4.618524e-01
2031.000000 4.615126e-01
2032.000000 4.611728e-01
2033.000000 4.608331e-01
2034.000000 4.604935e-01
2035.000000 4.601541e-01
2036.000000 4.598147e-01
2037.000000 4.594754e-01
2038.000000 4.591362e-01
2039.000000 4.587972e-01
2040.000000 4.584582e-01
2041.000000 4.581193e-01
2042.000000 4.577805e-01
2043.000000 4.574418e-01
2044.000000 4.571032e-01
2045.000000 4.567647e-01
2046.000000 4.564263e-01
2047.000000 4.560880e-01
2048.000000 4.557498e-01
2049.000000 4.554117e-01
2050.000000 4.550737e-01
2051.000000 4.547358e-01
2052.000000 4.543980e-01
2053.000000 4.540603e-01
2054.000000 4.537227e-01
2055.000000 4.533852e-01
2056.000000 4.530478e-01
2057.000000 4.527105e-01
2058.000000 4.523733e-01
2059.000000 4.520363e-01
2060.000000 4.516993e-01
2061.000000 4.513624e-01
2062.000000 4.510256e-01
2063.000000 4.506889e-01
2064.000000 4.503523e-01
2065.000000 4.500158e-01
2066.000000 4.496795e-01
2067.000000 4.493431e-01
2068.000000 4.490070e-01
2069.000000 4.486709e-01
2070.000000 4.483349e-01
2071.000000 4.479991e-01
2072.000000 4.476633e-01
2073.000000 4.473276e-01
2074.000000 4.469921e-01
2075.000000 4.466566e-01
2076.000000 4.463213e-01
2077.000000 4.459860e-01
2078.000000 4.456509e-01
2079.000000 4.453159e-01
2080.000000 4.449809e-01
2081.000000 4.446461e-01
2082.000000 4.443114e-01
2083.000000 4.439768e-01
2084.000000 4.436422e-01
2085.000000 4.433078e-01
2086.000000 4.429735e-01
2087.000000 4.426393e-01
2088.000000 4.423052e-01
2089.000000 4.419712e-01
2090.000000 4.416374e-01
2091.000000 4.413036e-01
2092.000000 4.409699e-01
2093.000000 4.406364e-01
2094.000000 4.403029e-01
2095.000000 4.399696e-01
2096.000000 4.396363e-01
2097.000000 4.393032e-01
2098.000000 4.389702e-01
2099.000000 4.386372e-01
2100.000000 4.383044e-01
2101.000000 4.379717e-01
2102.000000 4.376391e-01
2103.000000 4.373066e-01
2104.000000 4.369743e-01
2105.000000 4.366420e-01
2106.000000 4.363098e-01
2107.000000 4.359777e-01
2108.000000 4.356458e-01
2109.000000 4.353140e-01
2110.000000 4.349822e-01
2111.000000 4.346506e-01
2112.000000 4.343191e-01
2113.000000 4.339877e-01
2114.000000 4.336564e-01
2115.000000 4.333252e-01
2116.000000 4.329941e-01
2117.000000 4.326632e-01
2118.000000 4.323323e-01
2119.000000 4.320016e-01
2120.000000 4.316709e-01
2121.000000 4.313404e-01
2122.000000 4.310100e-01
2123.000000 4.306797e-01
2124.000000 4.303495e-01
2125.000000 4.300194e-01
2126.000000 4.296894e-01
2127.000000 4.293595e-01
2128.000000 4.290298e-01
2129.000000 4.287002e-01
2130.000000 4.283706e-01
2131.000000 4.280412e-01
2132.000000 4.277119e-01
2133.000000 4.273827e-01
2134.000000 4.270536e-01
2135.000000 4.267247e-01
2136.000000 4.263958e-01
2137.000000 4.260671e-01
2138.000000 4.257384e-01
2139.000000 4.254099e-01
2140.000000 4.250815e-01
2141.000000 4.247532e-01
2142.000000 4.244250e-01
2143.000000 4.240969e-01
2144.000000 4.237690e-01
2145.000000 4.234411e-01
2146.000000 4.231134e-01
2147.000000 4.227858e-01
2148.000000 4.224583e-01
2149.000000 4.221309e-01
2150.000000 4.218036e-01
2151.000000 4.214764e-01
2152.000000 4.211494e-01
2153.000000 4.208225e-01
2154.000000 4.204956e-01
2155.000000 4.201689e-01
2156.000000 4.198423e-01
2157.000000 4.195158e-01
2158.000000 4.191895e-01
2159.000000 4.188632e-01
2160.000000 4.185371e-01
2161.000000 4.182111e-01
2162.000000 4.178852e-01
2163.000000 4.175594e-01
2164.000000 4.172337e-01
2165.000000 4.169081e-01
2166.000000 4.165827e-01
2167.000000 4.162573e-01
2168.000000 4.159322e-01
2169.000000 4.156070e-01
2170.000000 4.152821e-01
2171.000000 4.149572e-01
2172.000000 4.146324e-01
2173.000000 4.143078e-01
2174.000000 4.139833e-01
2175.000000 4.136589e-01
2176.000000 4.133346e-01
2177.000000 4.130104e-01
2178.000000 4.126864e-01
2179.000000 4.123624e-01
2180.000000 4.120386e-01
2181.000000 4.117149e-01
2182.000000 4.113913e-01
2183.000000 4.110679e-01
2184.000000 4.107445e-01
2185.000000 4.104213e-01
2186.000000 4.100982e-01
2187.000000 4.097752e-01
2188.000000 4.094523e-01
2189.000000 4.091295e-01
2190.000000 4.088069e-01
2191.000000 4.084844e-01
2192.000000 4.081619e-01
2193.000000 4.078396e-01
2194.000000 4.075175e-01
2195.000000 4.071954e-01
2196.000000 4.068735e-01
2197.000000 4.065517e-01
2198.000000 4.062300e-01
2199.000000 4.059084e-01
2200.000000 4.055869e-01
2201.000000 4.052656e-01
2202.000000 4.049444e-01
2203.000000 4.046233e-01
2204.000000 4.043023e-01
2205.000000 4.039814e-01
2206.000000 4.036607e-01
2207.000000 4.033401e-01
2208.000000 4.030196e-01
2209.000000 4.026992e-01
2210.000000 4.023789e-01
2211.000000 4.020588e-01
2212.000000 4.017388e-01
2213.000000 4.014189e-01
2214.000000 4.010991e-01
2215.000000 4.007794e-01
2216.000000 4.004599e-01
2217.000000 4.001405e-01
2218.000000 3.998212e-01
2219.000000 3.995020e-01
2220.000000 3.991829e-01
2221.000000 3.988640e-01
2222.000000 3.985452e-01
2223.000000 3.982265e-01
2224.000000 3.979079e-01
2225.000000 3.975895e-01
2226.000000 3.972712e-01
2227.000000 3.969530e-01
2228.000000 3.966349e-01
2229.000000 3.963169e-01
2230.000000 3.959991e-01
2231.000000 3.956814e-01
2232.000000 3.953638e-01
2233.000000 3.950463e-01
2234.000000 3.947290e-01
2235.000000 3.944117e-01
2236.000000 3.940946e-01
2237.000000 3.937777e-01
2238.000000 3.934608e-01
2239.000000 3.931441e-01
2240.000000 3.928275e-01
2241.000000 3.925110e-01
2242.000000 3.921946e-01
2243.000000 3.918784e-01
2244.000000 3.915623e-01
2245.000000 3.912463e-01
2246.000000 3.909305e-01
2247.000000 3.906147e-01
2248.000000 3.902991e-01
2249.000000 3.899836e-01
2250.000000 3.896682e-01
2251.000000 3.893530e-01
2252.000000 3.890379e-01
2253.000000 3.887229e-01
2254.000000 3.884080e-01
2255.000000 3.880933e-01
2256.000000 3.877787e-01
2257.000000 3.874642e-01
2258.000000 3.871498e-01
2259.000000 3.868356e-01
2260.000000 3.865215e-01
2261.000000 3.862075e-01
2262.000000 3.858936e-01
2263.000000 3.855799e-01
2264.000000 3.852663e-01
2265.000000 3.849528e-01
2266.000000 3.846395e-01
2267.000000 3.843262e-01
2268.000000 3.840131e-01
2269.000000 3.837001e-01
2270.000000 3.833873e-01
2271.000000 3.830746e-01
2272.000000 3.827620e-01
2273.000000 3.824495e-01
2274.000000 3.821372e-01
2275.000000 3.818250e-01
2276.000000 3.815129e-01
2277.000000 3.812010e-01
2278.000000 3.808891e-01
2279.000000 3.805775e-01
2280.000000 3.802659e-01
2281.000000 3.799544e-01
2282.000000 3.796431e-01
2283.000000 3.793319e-01
2284.000000 3.790209e-01
2285.000000 3.787100e-01
2286.000000 3.783991e-01
2287.000000 3.780885e-01
2288.000000 3.777779e-01
2289.000000 3.774675e-01
2290.000000 3.771572e-01
2291.000000 3.768471e-01
2292.000000 3.765371e-01
2293.000000 3.762272e-01
2294.000000 3.759174e-01
2295.000000 3.756078e-01
2296.000000 3.752983e-01
2297.000000 3.749889e-01
2298.000000 3.746797e-01
2299.000000 3.743706e-01
2300.000000 3.740616e-01
2301.000000 3.737527e-01
2302.000000 3.734440e-01
2303.000000 3.731354e-01
2304.000000 3.728270e-01
2305.000000 3.725186e-01
2306.000000 3.722104e-01
2307.000000 3.719024e-01
2308.000000 3.715944e-01
2309.000000 3.712866e-01
2310.000000 3.709790e-01
2311.000000 3.706714e-01
2312.000000 3.703640e-01
2313.000000 3.700567e-01
2314.000000 3.697496e-01
2315.000000 3.694426e-01
2316.000000 3.691357e-01
2317.000000 3.688289e-01
2318.000000 3.685223e-01
2319.000000 3.682159e-01
2320.000000 3.679095e-01
2321.000000 3.676033e-01
2322.000000 3.672972e-01
2323.000000 3.669913e-01
2324.000000 3.666854e-01
2325.000000 3.663797e-01
2326.000000 3.660742e-01
2327.000000 3.657687e-01
2328.000000 3.654635e-01
2329.000000 3.651583e-01
2330.000000 3.648533e-01
2331.000000 3.645484e-01
2332.000000 3.642437e-01
2333.000000 3.639390e-01
2334.000000 3.636345e-01
2335.000000 3.633302e-01
2336.000000 3.630260e-01
2337.000000 3.627219e-01
2338.000000 3.624179e-01
2339.000000 3.621141e-01
2340.000000 3.618104e-01
2341.000000 3.615069e-01
2342.000000 3.612035e-01
2343.000000 3.609002e-01
2344.000000 3.605970e-01
2345.000000 3.602940e-01
2346.000000 3.599912e-01
2347.000000 3.596884e-01
2348.000000 3.593858e-01
2349.000000 3.590834e-01
2350.000000 3.587810e-01
2351.000000 3.584788e-01
2352.000000 3.581768e-01
2353.000000 3.578748e-01
2354.000000 3.575731e-01
2355.000000 3.572714e-01
2356.000000 3.569699e-01
2357.000000 3.566685e-01
2358.000000 3.563672e-01
2359.000000 3.560661e-01
2360.000000 3.557651e-01
2361.000000 3.554643e-01
2362.000000 3.551636e-01
2363.000000 3.548630e-01
2364.000000 3.545626e-01
2365.000000 3.542623e-01
2366.000000 3.539621e-01
2367.000000 3.536621e-01
2368.000000 3.533622e-01
2369.000000 3.530625e-01
2370.000000 3.527629e-01
2371.000000 3.524634e-01
2372.000000 3.521641e-01
2373.000000 3.518649e-01
2374.000000 3.515658e-01
2375.000000 3.512669e-01
2376.000000 3.509681e-01
2377.000000 3.506694e-01
2378.000000 3.503709e-01
2379.000000 3.500725e-01
2380.000000 3.497743e-01
2381.000000 3.494762e-01
2382.000000 3.491782e-01
2383.000000 3.488804e-01
2384.000000 3.485827e-01
2385.000000 3.482852e-01
2386.000000 3.479878e-01
2387.000000 3.476905e-01
2388.000000 3.473933e-01
2389.000000 3.470963e-01
2390.000000 3.467995e-01
2391.000000 3.465028e-01
2392.000000 3.462062e-01
2393.000000 3.459097e-01
2394.000000 3.456134e-01
2395.000000 3.453172e-01
2396.000000 3.450212e-01
2397.000000 3.447253e-01
2398.000000 3.444296e-01
2399.000000 3.441340e-01
2400.000000 3.438385e-01
2401.000000 3.435431e-01
2402.000000 3.432480e-01
2403.000000 3.429529e-01
2404.000000 3.426580e-01
2405.000000 3.423632e-01
2406.000000 3.420686e-01
2407.000000 3.417741e-01
2408.000000 3.414797e-01
2409.000000 3.411855e-01
2410.000000 3.408914e-01
2411.000000 3.405975e-01
2412.000000 3.403037e-01
2413.000000 3.400100e-01
2414.000000 3.397165e-01
2415.000000 3.394231e-01
2416.000000 3.391299e-01
2417.000000 3.388368e-01
2418.000000 3.385438e-01
2419.000000 3.382510e-01
2420.000000 3.379583e-01
2421.000000 3.376658e-01
2422.000000 3.373734e-01
2423.000000 3.370812e-01
2424.000000 3.367890e-01
2425.000000 3.364971e-01
2426.000000 3.362052e-01
2427.000000 3.359135e-01
2428.000000 3.356220e-01
2429.000000 3.353306e-01
2430.000000 3.350393e-01
2431.000000 3.347482e-01
2432.000000 3.344572e-01
2433.000000 3.341663e-01
2434.000000 3.338757e-01
2435.000000 3.335851e-01
2436.000000 3.332947e-01
2437.000000 3.330044e-01
2438.000000 3.327143e-01
2439.000000 3.324242e-01
2440.000000 3.321344e-01
2441.000000 3.318447e-01
2442.000000 3.315551e-01
2443.000000 3.312657e-01
2444.000000 3.309764e-01
2445.000000 3.306873e-01
2446.000000 3.303983e-01
2447.000000 3.301094e-01
2448.000000 3.298207e-01
2449.000000 3.295321e-01
2450.000000 3.292437e-01
2451.000000 3.289554e-01
2452.000000 3.286673e-01
2453.000000 3.283793e-01
2454.000000 3.280914e-01
2455.000000 3.278037e-01
2456.000000 3.275161e-01
2457.000000 3.272287e-01
2458.000000 3.269414e-01
2459.000000 3.266543e-01
2460.000000 3.263673e-01
2461.000000 3.260804e-01
2462.000000 3.257937e-01
2463.000000 3.255071e-01
2464.000000 3.252207e-01
2465.000000 3.249344e-01
2466.000000 3.246483e-01
2467.000000 3.243623e-01
2468.000000 3.240764e-01
2469.000000 3.237907e-01
2470.000000 3.235052e-01
2471.000000 3.232198e-01
2472.000000 3.229345e-01
2473.000000 3.226493e-01
2474.000000 3.223644e-01
2475.000000 3.220795e-01
2476.000000 3.217948e-01
2477.000000 3.215103e-01
2478.000000 3.212259e-01
2479.000000 3.209416e-01
2480.000000 3.206575e-01
2481.000000 3.203735e-01
2482.000000 3.200897e-01
2483.000000 3.198060e-01
2484.000000 3.195225e-01
2485.000000 3.192391e-01
2486.000000 3.189558e-01
2487.000000 3.186728e-01
2488.000000 3.183898e-01
2489.000000 3.181070e-01
2490.000000 3.178243e-01
2491.000000 3.175418e-01
2492.000000 3.172594e-01
2493.000000 3.169772e-01
2494.000000 3.166951e-01
2495.000000 3.164132e-01
2496.000000 3.161314e-01
2497.000000 3.158497e-01
2498.000000 3.155682e-01
2499.000000 3.152869e-01
2500.000000 3.150057e-01
2501.000000 3.147246e-01
2502.000000 3.144437e-01
2503.000000 3.141630e-01
2504.000000 3.138823e-01
2505.000000 3.136019e-01
2506.000000 3.133215e-01
2507.000000 3.130414e-01
2508.000000 3.127613e-01
2509.000000 3.124814e-01
2510.000000 3.122017e-01
2511.000000 3.119221e-01
2512.000000 3.116426e-01
2513.000000 3.113633e-01
2514.000000 3.110842e-01
2515.000000 3.108052e-01
2516.000000 3.105263e-01
2517.000000 3.102476e-01
2518.000000 3.099691e-01
2519.000000 3.096906e-01
2520.000000 3.094124e-01
2521.000000 3.091343e-01
2522.000000 3.088563e-01
2523.000000 3.085785e-01
2524.000000 3.083008e-01
2525.000000 3.080233e-01
2526.000000 3.077459e-01
2527.000000 3.074686e-01
2528.000000 3.071916e-01
2529.000000 3.069146e-01
2530.000000 3.066378e-01
2531.000000 3.063612e-01
2532.000000 3.060847e-01
2533.000000 3.058083e-01
2534.000000 3.055322e-01
2535.000000 3.052561e-01
2536.000000 3.049802e-01
2537.000000 3.047044e-01
2538.000000 3.044288e-01
2539.000000 3.041534e-01
2540.000000 3.038781e-01
2541.000000 3.036029e-01
2542.000000 3.033279e-01
2543.000000 3.030531e-01
2544.000000 3.027784e-01
2545.000000 3.025038e-01
2546.000000 3.022294e-01
2547.000000 3.019551e-01
2548.000000 3.016810e-01
2549.000000 3.014070e-01
2550.000000 3.011332e-01
2551.000000 3.008596e-01
2552.000000 3.005860e-01
2553.000000 3.003127e-01
2554.000000 3.000394e-01
2555.000000 2.997664e-01
2556.000000 2.994935e-01
2557.000000 2.992207e-01
2558.000000 2.989480e-01
2559.000000 2.986756e-01
2560.000000 2.984033e-01
2561.000000 2.981311e-01
2562.000000 2.978591e-01
2563.000000 2.975872e-01
2564.000000 2.973155e-01
2565.000000 2.970439e-01
2566.000000 2.967725e-01
2567.000000 2.965012e-01
2568.000000 2.962301e-01
2569.000000 2.959591e-01
2570.000000 2.956883e-01
2571.000000 2.954176e-01
2572.000000 2.951471e-01
2573.000000 2.948767e-01
2574.000000 2.946065e-01
2575.000000 2.943364e-01
2576.000000 2.940665e-01
2577.000000 2.937967e-01
2578.000000 2.935271e-01
2579.000000 2.932576e-01
2580.000000 2.929883e-01
2581.000000 2.927191e-01
2582.000000 2.924501e-01
2583.000000 2.921812e-01
2584.000000 2.919125e-01
2585.000000 2.916439e-01
2586.000000 2.913755e-01
2587.000000 2.911073e-01
2588.000000 2.908391e-01
2589.000000 2.905712e-01
2590.000000 2.903033e-01
2591.000000 2.900357e-01
2592.000000 2.897682e-01
2593.000000 2.895008e-01
2594.000000 2.892336e-01
2595.000000 2.889666e-01
2596.000000 2.886996e-01
2597.000000 2.884329e-01
2598.000000 2.881663e-01
2599.000000 2.878998e-01
2600.000000 2.876335e-01
2601.000000 2.873673e-01
2602.000000 2.871014e-01
2603.000000 2.868355e-01
2604.000000 2.865698e-01
2605.000000 2.863043e-01
2606.000000 2.860389e-01
2607.000000 2.857736e-01
2608.000000 2.855085e-01
2609.000000 2.852436e-01
2610.000000 2.849788e-01
2611.000000 2.847142e-01
2612.000000 2.844497e-01
2613.000000 2.841853e-01
2614.000000 2.839211e-01
2615.000000 2.836571e-01
2616.000000 2.833932e-01
2617.000000 2.831295e-01
2618.000000 2.828659e-01
2619.000000 2.826025e-01
2620.000000 2.823392e-01
2621.000000 2.820761e-01
2622.000000 2.818131e-01
2623.000000 2.815503e-01
2624.000000 2.812877e-01
2625.000000 2.810251e-01
2626.000000 2.807628e-01
2627.000000 2.805006e-01
2628.000000 2.802385e-01
2629.000000 2.799766e-01
2630.000000 2.797149e-01
2631.000000 2.794533e-01
2632.000000 2.791918e-01
2633.000000 2.789305e-01
2634.000000 2.786694e-01
2635.000000 2.784084e-01
2636.000000 2.781475e-01
2637.000000 2.778869e-01
2638.000000 2.776263e-01
2639.000000 2.773659e-01
2640.000000 2.771057e-01
2641.000000 2.768456e-01
2642.000000 2.765857e-01
2643.000000 2.763260e-01
2644.000000 2.760663e-01
2645.000000 2.758069e-01
2646.000000 2.755475e-01
2647.000000 2.752884e-01
2648.000000 2.750294e-01
2649.000000 2.747705e-01
2650.000000 2.745118e-01
2651.000000 2.742533e-01
2652.000000 2.739949e-01
2653.000000 2.737366e-01
2654.000000 2.734786e-01
2655.000000 2.732206e-01
2656.000000 2.729628e-01
2657.000000 2.727052e-01
2658.000000 2.724477e-01
2659.000000 2.721904e-01
2660.000000 2.719332e-01
2661.000000 2.716762e-01
2662.000000 2.714194e-01
2663.000000 2.711627e-01
2664.000000 2.709061e-01
2665.000000 2.706497e-01
2666.000000 2.703934e-01
2667.000000 2.701373e-01
2668.000000 2.698814e-01
2669.000000 2.696256e-01
2670.000000 2.693700e-01
2671.000000 2.691145e-01
2672.000000 2.688592e-01
2673.000000 2.686040e-01
2674.000000 2.683490e-01
2675.000000 2.680941e-01
2676.000000 2.678394e-01
2677.000000 2.675848e-01
2678.000000 2.673304e-01
2679.000000 2.670762e-01
2680.000000 2.668221e-01
2681.000000 2.665681e-01
2682.000000 2.663143e-01
2683.000000 2.660607e-01
2684.000000 2.658072e-01
2685.000000 2.655539e-01
2686.000000 2.653007e-01
2687.000000 2.650477e-01
2688.000000 2.647948e-01
2689.000000 2.645421e-01
2690.000000 2.642896e-01
2691.000000 2.640372e-01
2692.000000 2.637849e-01
2693.000000 2.635328e-01
2694.000000 2.632809e-01
2695.000000 2.630291e-01
2696.000000 2.627775e-01
2697.000000 2.625260e-01
2698.000000 2.622747e-01
2699.000000 2.620235e-01
2700.000000 2.617725e-01
2701.000000 2.615217e-01
2702.000000 2.612709e-01
2703.000000 2.610204e-01
2704.000000 2.607700e-01
2705.000000 2.605198e-01
2706.000000 2.602697e-01
2707.000000 2.600197e-01
2708.000000 2.597700e-01
2709.000000 2.595203e-01
2710.000000 2.592709e-01
2711.000000 2.590216e-01
2712.000000 2.587724e-01
2713.000000 2.585234e-01
2714.000000 2.582746e-01
2715.000000 2.580259e-01
2716.000000 2.577773e-01
2717.000000 2.575290e-01
2718.000000 2.572807e-01
2719.000000 2.570327e-01
2720.000000 2.567847e-01
2721.000000 2.565370e-01
2722.000000 2.562894e-01
2723.000000 2.560419e-01
2724.000000 2.557947e-01
2725.000000 2.555475e-01
2726.000000 2.553005e-01
2727.000000 2.550537e-01
2728.000000 2.548070e-01
2729.000000 2.545605e-01
2730.000000 2.543141e-01
2731.000000 2.540679e-01
2732.000000 2.538219e-01
2733.000000 2.535760e-01
2734.000000 2.533303e-01
2735.000000 2.530847e-01
2736.000000 2.528392e-01
2737.000000 2.525940e-01
2738.000000 2.523488e-01
2739.000000 2.521039e-01
2740.000000 2.518591e-01
2741.000000 2.516144e-01
2742.000000 2.513699e-01
2743.000000 2.511256e-01
2744.000000 2.508814e-01
2745.000000 2.506374e-01
2746.000000 2.503935e-01
2747.000000 2.501498e-01
2748.000000 2.499062e-01
2749.000000 2.496628e-01
2750.000000 2.494196e-01
2751.000000 2.491765e-01
2752.000000 2.489335e-01
2753.000000 2.486907e-01
2754.000000 2.484481e-01
2755.000000 2.482057e-01
2756.000000 2.479633e-01
2757.000000 2.477212e-01
2758.000000 2.474792e-01
2759.000000 2.472373e-01
2760.000000 2.469956e-01
2761.000000 2.467541e-01
2762.000000 2.465127e-01
2763.000000 2.462715e-01
2764.000000 2.460304e-01
2765.000000 2.457895e-01
2766.000000 2.455488e-01
2767.000000 2.453081e-01
2768.000000 2.450677e-01
2769.000000 2.448274e-01
2770.000000 2.445873e-01
2771.000000 2.443473e-01
2772.000000 2.441075e-01
2773.000000 2.438678e-01
2774.000000 2.436283e-01
2775.000000 2.433889e-01
2776.000000 2.431498e-01
2777.000000 2.429107e-01
2778.000000 2.426718e-01
2779.000000 2.424331e-01
2780.000000 2.421945e-01
2781.000000 2.419561e-01
2782.000000 2.417178e-01
2783.000000 2.414797e-01
2784.000000 2.412418e-01
2785.000000 2.410040e-01
2786.000000 2.407664e-01
2787.000000 2.405289e-01
2788.000000 2.402916e-01
2789.000000 2.400544e-01
2790.000000 2.398174e-01
2791.000000 2.395805e-01
2792.000000 2.393438e-01
2793.000000 2.391073e-01
2794.000000 2.388709e-01
2795.000000 2.386347e-01
2796.000000 2.383986e-01
2797.000000 2.381627e-01
2798.000000 2.379269e-01
2799.000000 2.376913e-01
2800.000000 2.374559e-01
2801.000000 2.372206e-01
2802.000000 2.369854e-01
2803.000000 2.367505e-01
2804.000000 2.365156e-01
2805.000000 2.362810e-01
2806.000000 2.360464e-01
2807.000000 2.358121e-01
2808.000000 2.355779e-01
2809.000000 2.353438e-01
2810.000000 2.351099e-01
2811.000000 2.348762e-01
2812.000000 2.346426e-01
2813.000000 2.344092e-01
2814.000000 2.341759e-01
2815.000000 2.339428e-01
2816.000000 2.337099e-01
2817.000000 2.334771e-01
2818.000000 2.332444e-01
2819.000000 2.330120e-01
2820.000000 2.327796e-01
2821.000000 2.325475e-01
2822.000000 2.323155e-01
2823.000000 2.320836e-01
2824.000000 2.318519e-01
2825.000000 2.316203e-01
2826.000000 2.313889e-01
2827.000000 2.311577e-01
2828.000000 2.309266e-01
2829.000000 2.306957e-01
2830.000000 2.304649e-01
2831.000000 2.302343e-01
2832.000000 2.300039e-01
2833.000000 2.297736e-01
2834.000000 2.295434e-01
2835.000000 2.293134e-01
2836.000000 2.290836e-01
2837.000000 2.288539e-01
2838.000000 2.286244e-01
2839.000000 2.283950e-01
2840.000000 2.281658e-01
2841.000000 2.279368e-01
2842.000000 2.277079e-01
2843.000000 2.274791e-01
2844.000000 2.272505e-01
2845.000000 2.270221e-01
2846.000000 2.267939e-01
2847.000000 2.265657e-01
2848.000000 2.263378e-01
2849.000000 2.261100e-01
2850.000000 2.258823e-01
2851.000000 2.256548e-01
2852.000000 2.254275e-01
2853.000000 2.252003e-01
2854.000000 2.249733e-01
2855.000000 2.247464e-01
2856.000000 2.245197e-01
2857.000000 2.242932e-01
2858.000000 2.240668e-01
2859.000000 2.238405e-01
2860.000000 2.236144e-01
2861.000000 2.233885e-01
2862.000000 2.231627e-01
2863.000000 2.229371e-01
2864.000000 2.227116e-01
2865.000000 2.224863e-01
2866.000000 2.222612e-01
2867.000000 2.220362e-01
2868.000000 2.218113e-01
2869.000000 2.215867e-01
2870.000000 2.213621e-01
2871.000000 2.211377e-01
2872.000000 2.209135e-01
2873.000000 2.206895e-01
2874.000000 2.204656e-01
2875.000000 2.202418e-01
2876.000000 2.200182e-01
2877.000000 2.197948e-01
2878.000000 2.195715e-01
2879.000000 2.193484e-01
2880.000000 2.191254e-01
2881.000000 2.189026e-01
2882.000000 2.186799e-01
2883.000000 2.184574e-01
2884.000000 2.182351e-01
2885.000000 2.180129e-01
2886.000000 2.177909e-01
2887.000000 2.175690e-01
2888.000000 2.173473e-01
2889.000000 2.171257e-01
2890.000000 2.169043e-01
2891.000000 2.166830e-01
2892.000000 2.164619e-01
2893.000000 2.162410e-01
2894.000000 2.160202e-01
2895.000000 2.157996e-01
2896.000000 2.155791e-01
2897.000000 2.153588e-01
2898.000000 2.151386e-01
2899.000000 2.149186e-01
2900.000000 2.146988e-01
2901.000000 2.144791e-01
2902.000000 2.142595e-01
2903.000000 2.140401e-01
2904.000000 2.138209e-01
2905.000000 2.136018e-01
2906.000000 2.133829e-01
2907.000000 2.131642e-01
2908.000000 2.129456e-01
2909.000000 2.127271e-01
2910.000000 2.125088e-01
2911.000000 2.122907e-01
2912.000000 2.120727e-01
2913.000000 2.118549e-01
2914.000000 2.116372e-01
2915.000000 2.114197e-01
2916.000000 2.112023e-01
2917.000000 2.109851e-01
2918.000000 2.107681e-01
2919.000000 2.105512e-01
2920.000000 2.103344e-01
2921.000000 2.101179e-01
2922.000000 2.099014e-01
2923.000000 2.096851e-01
2924.000000 2.094690e-01
2925.000000 2.092531e-01
2926.000000 2.090373e-01
2927.000000 2.088216e-01
2928.000000 2.086061e-01
2929.000000 2.083908e-01
2930.000000 2.081756e-01
2931.000000 2.079606e-01
2932.000000 2.077457e-01
2933.000000 2.075310e-01
2934.000000 2.073165e-01
2935.000000 2.071021e-01
2936.000000 2.068878e-01
2937.000000 2.066737e-01
2938.000000 2.064598e-01
2939.000000 2.062460e-01
2940.000000 2.060324e-01
2941.000000 2.058189e-01
2942.000000 2.056056e-01
2943.000000 2.053924e-01
2944.000000 2.051794e-01
2945.000000 2.049666e-01
2946.000000 2.047539e-01
2947.000000 2.045414e-01
2948.000000 2.043290e-01
2949.000000 2.041168e-01
2950.000000 2.039047e-01
2951.000000 2.036928e-01
2952.000000 2.034810e-01
2953.000000 2.032694e-01
2954.000000 2.030580e-01
2955.000000 2.028467e-01
2956.000000 2.026355e-01
2957.000000 2.024245e-01
2958.000000 2.022137e-01
2959.000000 2.020030e-01
2960.000000 2.017925e-01
2961.000000 2.015822e-01
2962.000000 2.013719e-01
2963.000000 2.011619e-01
2964.000000 2.009520e-01
2965.000000 2.007423e-01
2966.000000 2.005327e-01
2967.000000 2.003232e-01
2968.000000 2.001140e-01
2969.000000 1.999048e-01
2970.000000 1.996959e-01
2971.000000 1.994870e-01
2972.000000 1.992784e-01
2973.000000 1.990699e-01
2974.000000 1.988615e-01
2975.000000 1.986533e-01
2976.000000 1.984453e-01
2977.000000 1.982374e-01
2978.000000 1.980297e-01
2979.000000 1.978221e-01
2980.000000 1.976147e-01
2981.000000 1.974074e-01
2982.000000 1.972003e-01
2983.000000 1.969934e-01
2984.000000 1.967866e-01
2985.000000 1.965799e-01
2986.000000 1.963734e-01
2987.000000 1.961671e-01
2988.000000 1.959609e-01
2989.000000 1.957549e-01
2990.000000 1.955490e-01
2991.000000 1.953433e-01
2992.000000 1.951377e-01
2993.000000 1.949323e-01
2994.000000 1.947270e-01
2995.000000 1.945219e-01
2996.000000 1.943170e-01
2997.000000 1.941122e-01
2998.000000 1.939075e-01
2999.000000 1.937030e-01
3000.000000 1.934987e-01
3001.000000 1.932945e-01
3002.000000 1.930905e-01
3003.000000 1.928866e-01
3004.000000 1.926829e-01
3005.000000 1.924793e-01
3006.000000 1.922759e-01
3007.000000 1.920727e-01
3008.000000 1.918696e-01
3009.000000 1.916666e-01
3010.000000 1.914638e-01
3011.000000 1.912612e-01
3012.000000 1.910587e-01
3013.000000 1.908564e-01
3014.000000 1.906542e-01
3015.000000 1.904521e-01
3016.000000 1.902503e-01
3017.000000 1.900485e-01
3018.000000 1.898470e-01
3019.000000 1.896456e-01
3020.000000 1.894443e-01
3021.000000 1.892432e-01
3022.000000 1.890422e-01
3023.000000 1.888414e-01
3024.000000 1.886408e-01
3025.000000 1.884403e-01
3026.000000 1.882399e-01
3027.000000 1.880398e-01
3028.000000 1.878397e-01
3029.000000 1.876398e-01
3030.000000 1.874401e-01
3031.000000 1.872405e-01
3032.000000 1.870411e-01
3033.000000 1.868418e-01
3034.000000 1.866427e-01
3035.000000 1.864437e-01
3036.000000 1.862449e-01
3037.000000 1.860463e-01
3038.000000 1.858477e-01
3039.000000 1.856494e-01
3040.000000 1.854512e-01
3041.000000 1.852531e-01
3042.000000 1.850552e-01
3043.000000 1.848575e-01
3044.000000 1.846599e-01
3045.000000 1.844624e-01
3046.000000 1.842652e-01
3047.000000 1.840680e-01
3048.000000 1.838710e-01
3049.000000 1.836742e-01
3050.000000 1.834775e-01
3051.000000 1.832810e-01
3052.000000 1.830846e-01
3053.000000 1.828884e-01
3054.000000 1.826923e-01
3055.000000 1.824964e-01
3056.000000 1.823006e-01
3057.000000 1.821050e-01
3058.000000 1.819095e-01
3059.000000 1.817142e-01
3060.000000 1.815191e-01
3061.000000 1.813240e-01
3062.000000 1.811292e-01
3063.000000 1.809345e-01
3064.000000 1.807399e-01
3065.000000 1.805455e-01
3066.000000 1.803513e-01
3067.000000 1.801572e-01
3068.000000 1.799632e-01
3069.000000 1.797694e-01
3070.000000 1.795758e-01
3071.000000 1.793823e-01
3072.000000 1.791889e-01
3073.000000 1.789957e-01
3074.000000 1.788027e-01
3075.000000 1.786098e-01
3076.000000 1.784170e-01
3077.000000 1.782245e-01
3078.000000 1.780320e-01
3079.000000 1.778397e-01
3080.000000 1.776476e-01
3081.000000 1.774556e-01
3082.000000 1.772638e-01
3083.000000 1.770721e-01
3084.000000 1.768805e-01
3085.000000 1.766892e-01
3086.000000 1.764979e-01
3087.000000 1.763069e-01
3088.000000 1.761159e-01
3089.000000 1.759251e-01
3090.000000 1.757345e-01
3091.000000 1.755440e-01
3092.000000 1.753537e-01
3093.000000 1.751635e-01
3094.000000 1.749735e-01
3095.000000 1.747836e-01
3096.000000 1.745939e-01
3097.000000 1.744043e-01
3098.000000 1.742149e-01
3099.000000 1.740256e-01
3100.000000 1.738365e-01
3101.000000 1.736475e-01
3102.000000 1.734587e-01
3103.000000 1.732700e-01
3104.000000 1.730815e-01
3105.000000 1.728931e-01
3106.000000 1.727049e-01
3107.000000 1.725168e-01
3108.000000 1.723289e-01
3109.000000 1.721411e-01
3110.000000 1.719535e-01
3111.000000 1.717660e-01
3112.000000 1.715787e-01
3113.000000 1.713915e-01
3114.000000 1.712045e-01
3115.000000 1.710176e-01
3116.000000 1.708309e-01
3117.000000 1.706443e-01
3118.000000 1.704579e-01
3119.000000 1.702716e-01
3120.000000 1.700855e-01
3121.000000 1.698995e-01
3122.000000 1.697137e-01
3123.000000 1.695280e-01
3124.000000 1.693425e-01
3125.000000 1.691571e-01
3126.000000 1.689719e-01
3127.000000 1.687868e-01
3128.000000 1.686019e-01
3129.000000 1.684171e-01
3130.000000 1.682324e-01
3131.000000 1.680480e-01
3132.000000 1.678636e-01
3133.000000 1.676794e-01
3134.000000 1.674954e-01
3135.000000 1.673115e-01
3136.000000 1.671278e-01
3137.000000 1.669442e-01
3138.000000 1.667607e-01
3139.000000 1.665774e-01
3140.000000 1.663943e-01
3141.000000 1.662113e-01
3142.000000 1.660285e-01
3143.000000 1.658458e-01
3144.000000 1.656632e-01
3145.000000 1.654808e-01
3146.000000 1.652986e-01
3147.000000 1.651165e-01
3148.000000 1.649345e-01
3149.000000 1.647527e-01
3150.000000 1.645711e-01
3151.000000 1.643895e-01
3152.000000 1.642082e-01
3153.000000 1.640270e-01
3154.000000 1.638459e-01
3155.000000 1.636650e-01
3156.000000 1.634842e-01
3157.000000 1.633036e-01
3158.000000 1.631231e-01
3159.000000 1.629428e-01
3160.000000 1.627626e-01
3161.000000 1.625826e-01
3162.000000 1.624027e-01
3163.000000 1.622230e-01
3164.000000 1.620434e-01
3165.000000 1.618640e-01
3166.000000 1.616847e-01
3167.000000 1.615055e-01
3168.000000 1.613265e-01
3169.000000 1.611477e-01
3170.000000 1.609690e-01
3171.000000 1.607905e-01
3172.000000 1.606120e-01
3173.000000 1.604338e-01
3174.000000 1.602557e-01
3175.000000 1.600777e-01
3176.000000 1.598999e-01
3177.000000 1.597222e-01
3178.000000 1.595447e-01
3179.000000 1.593674e-01
3180.000000 1.591901e-01
3181.000000 1.590131e-01
3182.000000 1.588361e-01
3183.000000 1.586593e-01
3184.000000 1.584827e-01
3185.000000 1.583062e-01
3186.000000 1.581299e-01
3187.000000 1.579537e-01
3188.000000 1.577776e-01
3189.000000 1.576017e-01
3190.000000 1.574260e-01
3191.000000 1.572503e-01
3192.000000 1.570749e-01
3193.000000 1.568996e-01
3194.000000 1.567244e-01
3195.000000 1.565493e-01
3196.000000 1.563745e-01
3197.000000 1.561997e-01
3198.000000 1.560251e-01
3199.000000 1.558507e-01
3200.000000 1.556764e-01
3201.000000 1.555023e-01
3202.000000 1.553283e-01
3203.000000 1.551544e-01
3204.000000 1.549807e-01
3205.000000 1.548071e-01
3206.000000 1.546337e-01
3207.000000 1.544604e-01
3208.000000 1.542873e-01
3209.000000 1.541143e-01
3210.000000 1.539415e-01
3211.000000 1.537688e-01
3212.000000 1.535962e-01
3213.000000 1.534238e-01
3214.000000 1.532515e-01
3215.000000 1.530794e-01
3216.000000 1.529075e-01
3217.000000 1.527356e-01
3218.000000 1.525640e-01
3219.000000 1.523924e-01
3220.000000 1.522210e-01
3221.000000 1.520498e-01
3222.000000 1.518787e-01
3223.000000 1.517077e-01
3224.000000 1.515369e-01
3225.000000 1.513663e-01
3226.000000 1.511957e-01
3227.000000 1.510253e-01
3228.000000 1.508551e-01
3229.000000 1.506850e-01
3230.000000 1.505151e-01
3231.000000 1.503453e-01
3232.000000 1.501756e-01
3233.000000 1.500061e-01
3234.000000 1.498367e-01
3235.000000 1.496675e-01
3236.000000 1.494984e-01
3237.000000 1.493294e-01
3238.000000 1.491607e-01
3239.000000 1.489920e-01
3240.000000 1.488235e-01
3241.000000 1.486551e-01
3242.000000 1.484869e-01
3243.000000 1.483188e-01
3244.000000 1.481509e-01
3245.000000 1.479831e-01
3246.000000 1.478154e-01
3247.000000 1.476479e-01
3248.000000 1.474806e-01
3249.000000 1.473133e-01
3250.000000 1.471462e-01
3251.000000 1.469793e-01
3252.000000 1.468125e-01
3253.000000 1.466458e-01
3254.000000 1.464793e-01
3255.000000 1.463130e-01
3256.000000 1.461467e-01
3257.000000 1.459807e-01
3258.000000 1.458147e-01
3259.000000 1.456489e-01
3260.000000 1.454832e-01
3261.000000 1.453177e-01
3262.000000 1.451523e-01
3263.000000 1.449871e-01
3264.000000 1.448220e-01
3265.000000 1.446571e-01
3266.000000 1.444923e-01
3267.000000 1.443276e-01
3268.000000 1.441631e-01
3269.000000 1.439987e-01
3270.000000 1.438344e-01
3271.000000 1.436703e-01
3272.000000 1.435064e-01
3273.000000 1.433425e-01
3274.000000 1.431789e-01
3275.000000 1.430153e-01
3276.000000 1.428519e-01
3277.000000 1.426887e-01
3278.000000 1.425256e-01
3279.000000 1.423626e-01
3280.000000 1.421998e-01
3281.000000 1.420371e-01
3282.000000 1.418745e-01
3283.000000 1.417121e-01
3284.000000 1.415498e-01
3285.000000 1.413877e-01
3286.000000 1.412257e-01
3287.000000 1.410638e-01
3288.000000 1.409021e-01
3289.000000 1.407406e-01
3290.000000 1.405791e-01
3291.000000 1.404178e-01
3292.000000 1.402567e-01
3293.000000 1.400957e-01
3294.000000 1.399348e-01
3295.000000 1.397741e-01
3296.000000 1.396135e-01
3297.000000 1.394530e-01
3298.000000 1.392927e-01
3299.000000 1.391325e-01
3300.000000 1.389725e-01
3301.000000 1.388126e-01
3302.000000 1.386528e-01
3303.000000 1.384932e-01
3304.000000 1.383337e-01
3305.000000 1.381744e-01
3306.000000 1.380152e-01
3307.000000 1.378561e-01
3308.000000 1.376972e-01
3309.000000 1.375384e-01
3310.000000 1.373798e-01
3311.000000 1.372213e-01
3312.000000 1.370629e-01
3313.000000 1.369047e-01
3314.000000 1.367466e-01
3315.000000 1.365887e-01
3316.000000 1.364308e-01
3317.000000 1.362732e-01
3318.000000 1.361156e-01
3319.000000 1.359582e-01
3320.000000 1.358010e-01
3321.000000 1.356438e-01
3322.000000 1.354869e-01
3323.000000 1.353300e-01
3324.000000 1.351733e-01
3325.000000 1.350167e-01
3326.000000 1.348603e-01
3327.000000 1.347040e-01
3328.000000 1.345479e-01
3329.000000 1.343918e-01
3330.000000 1.342360e-01
3331.000000 1.340802e-01
3332.000000 1.339246e-01
3333.000000 1.337691e-01
3334.000000 1.336138e-01
3335.000000 1.334586e-01
3336.000000 1.333036e-01
3337.000000 1.331486e-01
3338.000000 1.329939e-01
3339.000000 1.328392e-01
3340.000000 1.326847e-01
3341.000000 1.325303e-01
3342.000000 1.323761e-01
3343.000000 1.322220e-01
3344.000000 1.320680e-01
3345.000000 1.319142e-01
3346.000000 1.317605e-01
3347.000000 1.316070e-01
3348.000000 1.314536e-01
3349.000000 1.313003e-01
3350.000000 1.311472e-01
3351.000000 1.309942e-01
3352.000000 1.308413e-01
3353.000000 1.306886e-01
3354.000000 1.305360e-01
3355.000000 1.303835e-01
3356.000000 1.302312e-01
3357.000000 1.300790e-01
3358.000000 1.299270e-01
3359.000000 1.297750e-01
3360.000000 1.296233e-01
3361.000000 1.294716e-01
3362.000000 1.293201e-01
3363.000000 1.291688e-01
3364.000000 1.290175e-01
3365.000000 1.288664e-01
3366.000000 1.287155e-01
3367.000000 1.285646e-01
3368.000000 1.284139e-01
3369.000000 1.282634e-01
3370.000000 1.281130e-01
3371.000000 1.279627e-01
3372.000000 1.278125e-01
3373.000000 1.276625e-01
3374.000000 1.275126e-01
3375.000000 1.273629e-01
3376.000000 1.272133e-01
3377.000000 1.270638e-01
3378.000000 1.269145e-01
3379.000000 1.267653e-01
3380.000000 1.266162e-01
3381.000000 1.264673e-01
3382.000000 1.263185e-01
3383.000000 1.261698e-01
3384.000000 1.260213e-01
3385.000000 1.258729e-01
3386.000000 1.257246e-01
3387.000000 1.255765e-01
3388.000000 1.254285e-01
3389.000000 1.252806e-01
3390.000000 1.251329e-01
3391.000000 1.249853e-01
3392.000000 1.248379e-01
3393.000000 1.246905e-01
3394.000000 1.245434e-01
3395.000000 1.243963e-01
3396.000000 1.242494e-01
3397.000000 1.241026e-01
3398.000000 1.239559e-01
3399.000000 1.238094e-01
3400.000000 1.236630e-01
3401.000000 1.235168e-01
3402.000000 1.233707e-01
3403.000000 1.232247e-01
3404.000000 1.230788e-01
3405.000000 1.229331e-01
3406.000000 1.227875e-01
3407.000000 1.226421e-01
3408.000000 1.224968e-01
3409.000000 1.223516e-01
3410.000000 1.222065e-01
3411.000000 1.220616e-01
3412.000000 1.219168e-01
3413.000000 1.217722e-01
3414.000000 1.216276e-01
3415.000000 1.214833e-01
3416.000000 1.213390e-01
3417.000000 1.211949e-01
3418.000000 1.210509e-01
3419.000000 1.209070e-01
3420.000000 1.207633e-01
3421.000000 1.206197e-01
3422.000000 1.204762e-01
3423.000000 1.203329e-01
3424.000000 1.201897e-01
3425.000000 1.200466e-01
3426.000000 1.199037e-01
3427.000000 1.197609e-01
3428.000000 1.196182e-01
3429.000000 1.194757e-01
3430.000000 1.193333e-01
3431.000000 1.191910e-01
3432.000000 1.190489e-01
3433.000000 1.189068e-01
3434.000000 1.187650e-01
3435.000000 1.186232e-01
3436.000000 1.184816e-01
3437.000000 1.183401e-01
3438.000000 1.181987e-01
3439.000000 1.180575e-01
3440.000000 1.179164e-01
3441.000000 1.177754e-01
3442.000000 1.176346e-01
3443.000000 1.174939e-01
3444.000000 1.173533e-01
3445.000000 1.172129e-01
3446.000000 1.170726e-01
3447.000000 1.169324e-01
3448.000000 1.167923e-01
3449.000000 1.166524e-01
3450.000000 1.165126e-01
3451.000000 1.163729e-01
3452.000000 1.162334e-01
3453.000000 1.160940e-01
3454.000000 1.159547e-01
3455.000000 1.158156e-01
3456.000000 1.156765e-01
3457.000000 1.155377e-01
3458.000000 1.153989e-01
3459.000000 1.152603e-01
3460.000000 1.151218e-01
3461.000000 1.149834e-01
3462.000000 1.148452e-01
3463.000000 1.147070e-01
3464.000000 1.145691e-01
3465.000000 1.144312e-01
3466.000000 1.142935e-01
3467.000000 1.141559e-01
3468.000000 1.140184e-01
3469.000000 1.138811e-01
3470.000000 1.137439e-01
3471.000000 1.136068e-01
3472.000000 1.134698e-01
3473.000000 1.133330e-01
3474.000000 1.131963e-01
3475.000000 1.130597e-01
3476.000000 1.129233e-01
3477.000000 1.127870e-01
3478.000000 1.126508e-01
3479.000000 1.125147e-01
3480.000000 1.123788e-01
3481.000000 1.122430e-01
3482.000000 1.121073e-01
3483.000000 1.119717e-01
3484.000000 1.118363e-01
3485.000000 1.117010e-01
3486.000000 1.115658e-01
3487.000000 1.114308e-01
3488.000000 1.112959e-01
3489.000000 1.111611e-01
3490.000000 1.110264e-01
3491.000000 1.108919e-01
3492.000000 1.107575e-01
3493.000000 1.106232e-01
3494.000000 1.104891e-01
3495.000000 1.103550e-01
3496.000000 1.102211e-01
3497.000000 1.100873e-01
3498.000000 1.099537e-01
3499.000000 1.098202e-01
3500.000000 1.096868e-01
3501.000000 1.095535e-01
3502.000000 1.094203e-01
3503.000000 1.092873e-01
3504.000000 1.091544e-01
3505.000000 1.090217e-01
3506.000000 1.088890e-01
3507.000000 1.087565e-01
3508.000000 1.086241e-01
3509.000000 1.084918e-01
3510.000000 1.083597e-01
3511.000000 1.082277e-01
3512.000000 1.080958e-01
3513.000000 1.079640e-01
3514.000000 1.078324e-01
3515.000000 1.077009e-01
3516.000000 1.075695e-01
3517.000000 1.074382e-01
3518.000000 1.073071e-01
3519.000000 1.071760e-01
3520.000000 1.070451e-01
3521.000000 1.069144e-01
3522.000000 1.067837e-01
3523.000000 1.066532e-01
3524.000000 1.065228e-01
3525.000000 1.063925e-01
3526.000000 1.062624e-01
3527.000000 1.061324e-01
3528.000000 1.060025e-01
3529.000000 1.058727e-01
3530.000000 1.057430e-01
3531.000000 1.056135e-01
3532.000000 1.054841e-01
3533.000000 1.053548e-01
3534.000000 1.052257e-01
3535.000000 1.050966e-01
3536.000000 1.049677e-01
3537.000000 1.048390e-01
3538.000000 1.047103e-01
3539.000000 1.045817e-01
3540.000000 1.044533e-01
3541.000000 1.043250e-01
3542.000000 1.041969e-01
3543.000000 1.040688e-01
3544.000000 1.039409e-01
3545.000000 1.038131e-01
3546.000000 1.036854e-01
3547.000000 1.035579e-01
3548.000000 1.034304e-01
3549.000000 1.033031e-01
3550.000000 1.031759e-01
3551.000000 1.030489e-01
3552.000000 1.029219e-01
3553.000000 1.027951e-01
3554.000000 1.026684e-01
3555.000000 1.025418e-01
3556.000000 1.024154e-01
3557.000000 1.022890e-01
3558.000000 1.021628e-01
3559.000000 1.020367e-01
3560.000000 1.019108e-01
3561.000000 1.017849e-01
3562.000000 1.016592e-01
3563.000000 1.015336e-01
3564.000000 1.014081e-01
3565.000000 1.012827e-01
3566.000000 1.011575e-01
3567.000000 1.010324e-01
3568.000000 1.009074e-01
3569.000000 1.007825e-01
3570.000000 1.006578e-01
3571.000000 1.005332e-01
3572.000000 1.004086e-01
3573.000000 1.002842e-01
3574.000000 1.001600e-01
3575.000000 1.000358e-01
3576.000000 9.991182e-02
3577.000000 9.978791e-02
3578.000000 9.966412e-02
3579.000000 9.954047e-02
3580.000000 9.941692e-02
3581.000000 9.929350e-02
3582.000000 9.917020e-02
3583.000000 9.904702e-02
3584.000000 9.892396e-02
3585.000000 9.880102e-02
3586.000000 9.867819e-02
3587.000000 9.855550e-02
3588.000000 9.843292e-02
3589.000000 9.831046e-02
3590.000000 9.818812e-02
3591.000000 9.806590e-02
3592.000000 9.794380e-02
3593.000000 9.782182e-02
3594.000000 9.769996e-02
3595.000000 9.757822e-02
3596.000000 9.745660e-02
3597.000000 9.733510e-02
3598.000000 9.721371e-02
3599.000000 9.709245e-02
3600.000000 9.697131e-02
3601.000000 9.685029e-02
3602.000000 9.672939e-02
3603.000000 9.660860e-02
3604.000000 9.648793e-02
3605.000000 9.636739e-02
3606.000000 9.624696e-02
3607.000000 9.612665e-02
3608.000000 9.600646e-02
3609.000000 9.588638e-02
3610.000000 9.576644e-02
3611.000000 9.564660e-02
3612.000000 9.552688e-02
3613.000000 9.540729e-02
3614.000000 9.528781e-02
3615.000000 9.516845e-02
3616.000000 9.504920e-02
3617.000000 9.493008e-02
3618.000000 9.481108e-02
3619.000000 9.469219e-02
3620.000000 9.457342e-02
3621.000000 9.445477e-02
3622.000000 9.433623e-02
3623.000000 9.421782e-02
3624.000000 9.409952e-02
3625.000000 9.398134e-02
3626.000000 9.386327e-02
3627.000000 9.374533e-02
3628.000000 9.362750e-02
3629.000000 9.350979e-02
3630.000000 9.339219e-02
3631.000000 9.327472e-02
3632.000000 9.315736e-02
3633.000000 9.304011e-02
3634.000000 9.292299e-02
3635.000000 9.280598e-02
3636.000000 9.268909e-02
3637.000000 9.257232e-02
3638.000000 9.245566e-02
3639.000000 9.233912e-02
3640.000000 9.222269e-02
3641.000000 9.210638e-02
3642.000000 9.199019e-02
3643.000000 9.187412e-02
3644.000000 9.175816e-02
3645.000000 9.164231e-02
3646.000000 9.152659e-02
3647.000000 9.141097e-02
3648.000000 9.129548e-02
3649.000000 9.118010e-02
3650.000000 9.106484e-02
3651.000000 9.094969e-02
3652.000000 9.083466e-02
3653.000000 9.071974e-02
3654.000000 9.060494e-02
3655.000000 9.049025e-02
3656.000000 9.037568e-02
3657.000000 9.026123e-02
3658.000000 9.014689e-02
3659.000000 9.003266e-02
3660.000000 8.991855e-02
3661.000000 8.980456e-02
3662.000000 8.969068e-02
3663.000000 8.957691e-02
3664.000000 8.946326e-02
3665.000000 8.934972e-02
3666.000000 8.923630e-02
3667.000000 8.912300e-02
3668.000000 8.900981e-02
3669.000000 8.889672e-02
3670.000000 8.878376e-02
3671.000000 8.867091e-02
3672.000000 8.855817e-02
3673.000000 8.844555e-02
3674.000000 8.833304e-02
3675.000000 8.822065e-02
3676.000000 8.810836e-02
3677.000000 8.799620e-02
3678.000000 8.788415e-02
3679.000000 8.777221e-02
3680.000000 8.766038e-02
3681.000000 8.754866e-02
3682.000000 8.743707e-02
3683.000000 8.732558e-02
3684.000000 8.721421e-02
3685.000000 8.710295e-02
3686.000000 8.699179e-02
3687.000000 8.688076e-02
3688.000000 8.676984e-02
3689.000000 8.665903e-02
3690.000000 8.654833e-02
3691.000000 8.643774e-02
3692.000000 8.632727e-02
3693.000000 8.621691e-02
3694.000000 8.610666e-02
3695.000000 8.599653e-02
3696.000000 8.588650e-02
3697.000000 8.577659e-02
3698.000000 8.566679e-02
3699.000000 8.555711e-02
3700.000000 8.544752e-02
3701.000000 8.533806e-02
3702.000000 8.522871e-02
3703.000000 8.511947e-02
3704.000000 8.501034e-02
3705.000000 8.490132e-02
3706.000000 8.479241e-02
3707.000000 8.468361e-02
3708.000000 8.457493e-02
3709.000000 8.446636e-02
3710.000000 8.435789e-02
3711.000000 8.424954e-02
3712.000000 8.414129e-02
3713.000000 8.403317e-02
3714.000000 8.392515e-02
3715.000000 8.381724e-02
3716.000000 8.370943e-02
3717.000000 8.360175e-02
3718.000000 8.349416e-02
3719.000000 8.338669e-02
3720.000000 8.327934e-02
3721.000000 8.317209e-02
3722.000000 8.306495e-02
3723.000000 8.295792e-02
3724.000000 8.285101e-02
3725.000000 8.274420e-02
3726.000000 8.263750e-02
3727.000000 8.253090e-02
3728.000000 8.242442e-02
3729.000000 8.231805e-02
3730.000000 8.221180e-02
3731.000000 8.210564e-02
3732.000000 8.199960e-02
3733.000000 8.189366e-02
3734.000000 8.178784e-02
3735.000000 8.168212e-02
3736.000000 8.157652e-02
3737.000000 8.147102e-02
3738.000000 8.136563e-02
3739.000000 8.126035e-02
3740.000000 8.115517e-02
3741.000000 8.105011e-02
3742.000000 8.094516e-02
3743.000000 8.084031e-02
3744.000000 8.073557e-02
3745.000000 8.063094e-02
3746.000000 8.052642e-02
3747.000000 8.042200e-02
3748.000000 8.031770e-02
3749.000000 8.021350e-02
3750.000000 8.010941e-02
3751.000000 8.000543e-02
3752.000000 7.990156e-02
3753.000000 7.979779e-02
3754.000000 7.969413e-02
3755.000000 7.959058e-02
3756.000000 7.948714e-02
3757.000000 7.938380e-02
3758.000000 7.928056e-02
3759.000000 7.917744e-02
3760.000000 7.907443e-02
3761.000000 7.897152e-02
3762.000000 7.886872e-02
3763.000000 7.876603e-02
3764.000000 7.866344e-02
3765.000000 7.856096e-02
3766.000000 7.845858e-02
3767.000000 7.835632e-02
3768.000000 7.825416e-02
3769.000000 7.815210e-02
3770.000000 7.805015e-02
3771.000000 7.794831e-02
3772.000000 7.784658e-02
3773.000000 7.774495e-02
3774.000000 7.764343e-02
3775.000000 7.754201e-02
3776.000000 7.744070e-02
3777.000000 7.733949e-02
3778.000000 7.723840e-02
3779.000000 7.713740e-02
3780.000000 7.703652e-02
3781.000000 7.693574e-02
3782.000000 7.683506e-02
3783.000000 7.673450e-02
3784.000000 7.663403e-02
3785.000000 7.653367e-02
3786.000000 7.643342e-02
3787.000000 7.633327e-02
3788.000000 7.623323e-02
3789.000000 7.613329e-02
3790.000000 7.603346e-02
3791.000000 7.593373e-02
3792.000000 7.583411e-02
3793.000000 7.573459e-02
3794.000000 7.563518e-02
3795.000000 7.553587e-02
3796.000000 7.543667e-02
3797.000000 7.533757e-02
3798.000000 7.523858e-02
3799.000000 7.513969e-02
3800.000000 7.504091e-02
3801.000000 7.494223e-02
3802.000000 7.484365e-02
3803.000000 7.474518e-02
3804.000000 7.464682e-02
3805.000000 7.454855e-02
3806.000000 7.445039e-02
3807.000000 7.435233e-02
3808.000000 7.425438e-02
3809.000000 7.415654e-02
3810.000000 7.405880e-02
3811.000000 7.396115e-02
3812.000000 7.386362e-02
3813.000000 7.376618e-02
3814.000000 7.366886e-02
3815.000000 7.357163e-02
3816.000000 7.347451e-02
3817.000000 7.337749e-02
3818.000000 7.328058e-02
3819.000000 7.318377e-02
3820.000000 7.308705e-02
3821.000000 7.299045e-02
3822.000000 7.289395e-02
3823.000000 7.279755e-02
3824.000000 7.270125e-02
3825.000000 7.260506e-02
3826.000000 7.250897e-02
3827.000000 7.241298e-02
3828.000000 7.231709e-02
3829.000000 7.222131e-02
3830.000000 7.212563e-02
3831.000000 7.203005e-02
3832.000000 7.193457e-02
3833.000000 7.183920e-02
3834.000000 7.174393e-02
3835.000000 7.164876e-02
3836.000000 7.155369e-02
3837.000000 7.145873e-02
3838.000000 7.136386e-02
3839.000000 7.126910e-02
3840.000000 7.117444e-02
3841.000000 7.107988e-02
3842.000000 7.098542e-02
3843.000000 7.089107e-02
3844.000000 7.079681e-02
3845.000000 7.070267e-02
3846.000000 7.060861e-02
3847.000000 7.051466e-02
3848.000000 7.042081e-02
3849.000000 7.032707e-02
3850.000000 7.023342e-02
3851.000000 7.013987e-02
3852.000000 7.004643e-02
3853.000000 6.995309e-02
3854.000000 6.985985e-02
3855.000000 6.976670e-02
3856.000000 6.967366e-02
3857.000000 6.958072e-02
3858.000000 6.948788e-02
3859.000000 6.939514e-02
3860.000000 6.930250e-02
3861.000000 6.920996e-02
3862.000000 6.911752e-02
3863.000000 6.902518e-02
3864.000000 6.893294e-02
3865.000000 6.884081e-02
3866.000000 6.874876e-02
3867.000000 6.865682e-02
3868.000000 6.856498e-02
3869.000000 6.847325e-02
3870.000000 6.838161e-02
3871.000000 6.829006e-02
3872.000000 6.819862e-02
3873.000000 6.810728e-02
3874.000000 6.801603e-02
3875.000000 6.792489e-02
3876.000000 6.783384e-02
3877.000000 6.774290e-02
3878.000000 6.765205e-02
3879.000000 6.756130e-02
3880.000000 6.747066e-02
3881.000000 6.738010e-02
3882.000000 6.728965e-02
3883.000000 6.719929e-02
3884.000000 6.710904e-02
3885.000000 6.701888e-02
3886.000000 6.692882e-02
3887.000000 6.683887e-02
3888.000000 6.674900e-02
3889.000000 6.665924e-02
3890.000000 6.656957e-02
3891.000000 6.648001e-02
3892.000000 6.639053e-02
3893.000000 6.630116e-02
3894.000000 6.621188e-02
3895.000000 6.612270e-02
3896.000000 6.603362e-02
3897.000000 6.594464e-02
3898.000000 6.585576e-02
3899.000000 6.576697e-02
3900.000000 6.567828e-02
3901.000000 6.558968e-02
3902.000000 6.550119e-02
3903.000000 6.541279e-02
3904.000000 6.532448e-02
3905.000000 6.523628e-02
3906.000000 6.514817e-02
3907.000000 6.506016e-02
3908.000000 6.497224e-02
3909.000000 6.488442e-02
3910.000000 6.479670e-02
3911.000000 6.470906e-02
3912.000000 6.462153e-02
3913.000000 6.453410e-02
3914.000000 6.444676e-02
3915.000000 6.435952e-02
3916.000000 6.427237e-02
3917.000000 6.418532e-02
3918.000000 6.409836e-02
3919.000000 6.401150e-02
3920.000000 6.392474e-02
3921.000000 6.383807e-02
3922.000000 6.375149e-02
3923.000000 6.366502e-02
3924.000000 6.357863e-02
3925.000000 6.349234e-02
3926.000000 6.340615e-02
3927.000000 6.332005e-02
3928.000000 6.323405e-02
3929.000000 6.314814e-02
3930.000000 6.306232e-02
3931.000000 6.297661e-02
3932.000000 6.289098e-02
3933.000000 6.280545e-02
3934.000000 6.272002e-02
3935.000000 6.263467e-02
3936.000000 6.254943e-02
3937.000000 6.246428e-02
3938.000000 6.237922e-02
3939.000000 6.229426e-02
3940.000000 6.220938e-02
3941.000000 6.212461e-02
3942.000000 6.203992e-02
3943.000000 6.195533e-02
3944.000000 6.187083e-02
3945.000000 6.178643e-02
3946.000000 6.170212e-02
3947.000000 6.161791e-02
3948.000000 6.153379e-02
3949.000000 6.144976e-02
3950.000000 6.136582e-02
3951.000000 6.128198e-02
3952.000000 6.119823e-02
3953.000000 6.111457e-02
3954.000000 6.103101e-02
3955.000000 6.094754e-02
3956.000000 6.086416e-02
3957.000000 6.078088e-02
3958.000000 6.069768e-02
3959.000000 6.061458e-02
3960.000000 6.053157e-02
3961.000000 6.044866e-02
3962.000000 6.036583e-02
3963.000000 6.028310e-02
3964.000000 6.020046e-02
3965.000000 6.011792e-02
3966.000000 6.003546e-02
3967.000000 5.995310e-02
3968.000000 5.987082e-02
3969.000000 5.978865e-02
3970.000000 5.970656e-02
3971.000000 5.962456e-02
3972.000000 5.954266e-02
3973.000000 5.946085e-02
3974.000000 5.937912e-02
3975.000000 5.929749e-02
3976.000000 5.921595e-02
3977.000000 5.913450e-02
3978.000000 5.905314e-02
3979.000000 5.897188e-02
3980.000000 5.889070e-02
3981.000000 5.880962e-02
3982.000000 5.872862e-02
3983.000000 5.864772e-02
3984.000000 5.856691e-02
3985.000000 5.848619e-02
3986.000000 5.840555e-02
3987.000000 5.832502e-02
3988.000000 5.824456e-02
3989.000000 5.816420e-02
3990.000000 5.808393e-02
3991.000000 5.800376e-02
3992.000000 5.792366e-02
3993.000000 5.784367e-02
3994.000000 5.776376e-02
3995.000000 5.768393e-02
3996.000000 5.760420e-02
3997.000000 5.752457e-02
3998.000000 5.744501e-02
3999.000000 5.736555e-02
4000.000000 5.728618e-02
