# 150608 2014 pa2 jitter
# jitter = 14.40 +- 3.20 arcsec
# pivot_ell = 1700
# norm_ell = 0
# solid angle = 211.86 nsr
0.000000  1.00000e+00
0.001042  9.94811e-01
0.002083  9.79392e-01
0.003125  9.54172e-01
0.004167  9.19854e-01
0.005208  8.77374e-01
0.006250  8.27873e-01
0.007292  7.72645e-01
0.008333  7.13086e-01
0.009375  6.50643e-01
0.010417  5.86762e-01
0.011458  5.22831e-01
0.012500  4.60138e-01
0.013542  3.99833e-01
0.014583  3.42895e-01
0.015625  2.90108e-01
0.016667  2.42056e-01
0.017708  1.99114e-01
0.018750  1.61461e-01
0.019792  1.29088e-01
0.020833  1.01827e-01
0.021875  7.93735e-02
0.022917  6.13163e-02
0.023958  4.71697e-02
0.025000  3.64036e-02
0.026042  2.84723e-02
0.027083  2.28400e-02
0.028125  1.90022e-02
0.029167  1.65025e-02
0.030208  1.49437e-02
0.031250  1.39950e-02
0.032292  1.33935e-02
0.033333  1.29424e-02
0.034375  1.25056e-02
0.035417  1.20000e-02
0.036458  1.13861e-02
0.037500  1.06581e-02
0.038542  9.83402e-03
0.039583  8.94637e-03
0.040625  8.03439e-03
0.041667  7.13741e-03
0.042708  6.29014e-03
0.043750  5.51958e-03
0.044792  4.84344e-03
0.045833  4.26996e-03
0.046875  3.79876e-03
0.047917  3.42238e-03
0.048958  3.12834e-03
0.050000  2.90120e-03
0.051042  2.72459e-03
0.052083  2.58291e-03
0.053125  2.46263e-03
0.054167  2.35307e-03
0.055208  2.24679e-03
0.056250  2.13952e-03
0.057292  2.02973e-03
0.058333  1.91808e-03
0.059375  1.80666e-03
0.060417  1.69827e-03
0.061458  1.59577e-03
0.062500  1.50153e-03
0.063542  1.41715e-03
0.064583  1.34321e-03
0.065625  1.27936e-03
0.066667  1.22441e-03
0.067708  1.17659e-03
0.068750  1.13385e-03
0.069792  1.09411e-03
0.070833  1.05558e-03
0.071875  1.01689e-03
0.072917  9.77228e-04
0.073958  9.36365e-04
0.075000  8.94584e-04
0.076042  8.52574e-04
0.077083  8.11270e-04
0.078125  7.71681e-04
0.079167  7.34733e-04
0.080208  7.01134e-04
0.081250  6.71286e-04
0.082292  6.45246e-04
0.083333  6.22737e-04
0.084375  6.03205e-04
0.085417  5.85905e-04
0.086458  5.70007e-04
0.087500  5.54703e-04
0.088542  5.39304e-04
0.089583  5.23313e-04
0.090625  5.06467e-04
0.091667  4.88747e-04
0.092708  4.70357e-04
0.093750  4.51671e-04
0.094792  4.33168e-04
0.095833  4.15357e-04
0.096875  3.98703e-04
0.097917  3.83566e-04
0.098958  3.70158e-04
0.100000  3.58518e-04
0.101042  3.48523e-04
0.102083  3.39903e-04
0.103125  3.32288e-04
0.104167  3.25256e-04
0.105208  3.18391e-04
0.106250  3.11332e-04
0.107292  3.03813e-04
0.108333  2.95690e-04
0.109375  2.86948e-04
0.110417  2.77697e-04
0.111458  2.68145e-04
0.112500  2.58564e-04
0.113542  2.49250e-04
0.114583  2.40485e-04
0.115625  2.32494e-04
0.116667  2.25424e-04
0.117708  2.19326e-04
0.118750  2.14150e-04
0.119792  2.09760e-04
0.120833  2.05950e-04
0.121875  2.02479e-04
0.122917  1.99095e-04
0.123958  1.95573e-04
0.125000  1.91738e-04
0.126042  1.87485e-04
0.127083  1.82787e-04
0.128125  1.77694e-04
0.129167  1.72324e-04
0.130208  1.66841e-04
0.131250  1.61433e-04
0.132292  1.56286e-04
0.133333  1.51560e-04
0.134375  1.47370e-04
0.135417  1.43770e-04
0.136458  1.40753e-04
0.137500  1.38250e-04
0.138542  1.36143e-04
0.139583  1.34282e-04
0.140625  1.32504e-04
0.141667  1.30652e-04
0.142708  1.28600e-04
0.143750  1.26259e-04
0.144792  1.23594e-04
0.145833  1.20620e-04
0.146875  1.17402e-04
0.147917  1.14040e-04
0.148958  1.10660e-04
0.150000  1.07390e-04
0.151042  1.04351e-04
0.152083  1.01637e-04
0.153125  9.93027e-05
0.154167  9.73632e-05
0.155208  9.57889e-05
0.156250  9.45124e-05
0.157292  9.34380e-05
0.158333  9.24547e-05
0.159375  9.14503e-05
0.160417  9.03254e-05
0.161458  8.90055e-05
0.162500  8.74487e-05
0.163542  8.56502e-05
0.164583  8.36411e-05
0.165625  8.14829e-05
0.166667  7.92587e-05
0.167708  7.70619e-05
0.168750  7.49839e-05
0.169792  7.31025e-05
0.170833  7.14725e-05
0.171875  7.01197e-05
0.172917  6.90379e-05
0.173958  6.81916e-05
0.175000  6.75204e-05
0.176042  6.69479e-05
0.177083  6.63914e-05
0.178125  6.57722e-05
0.179167  6.50260e-05
0.180208  6.41092e-05
0.181250  6.30047e-05
0.182292  6.17225e-05
0.183333  6.02975e-05
0.184375  5.87846e-05
0.185417  5.72508e-05
0.186458  5.57663e-05
0.187500  5.43961e-05
0.188542  5.31912e-05
0.189583  5.21830e-05
0.190625  5.13801e-05
0.191667  5.07672e-05
0.192708  5.03082e-05
0.193750  4.99512e-05
0.194792  4.96352e-05
0.195833  4.92981e-05
0.196875  4.88843e-05
0.197917  4.83514e-05
0.198958  4.76754e-05
0.200000  4.68526e-05
0.201042  4.58997e-05
0.202083  4.48512e-05
0.203125  4.37542e-05
0.204167  4.26626e-05
0.205208  4.16297e-05
0.206250  4.07016e-05
0.207292  3.99118e-05
0.208333  3.92772e-05
0.209375  3.87964e-05
0.210417  3.84503e-05
0.211458  3.82052e-05
0.212500  3.80167e-05
0.213542  3.78362e-05
0.214583  3.76168e-05
0.215625  3.73189e-05
0.216667  3.69150e-05
0.217708  3.63929e-05
0.218750  3.57566e-05
0.219792  3.50257e-05
0.220833  3.42321e-05
0.221875  3.34159e-05
0.222917  3.26202e-05
0.223958  3.18855e-05
0.225000  3.12448e-05
0.226042  3.07197e-05
0.227083  3.03177e-05
0.228125  3.00320e-05
0.229167  2.98422e-05
0.230208  2.97176e-05
0.231250  2.96211e-05
0.232292  2.95135e-05
0.233333  2.93594e-05
0.234375  2.91304e-05
0.235417  2.88094e-05
0.236458  2.83916e-05
0.237500  2.78855e-05
0.238542  2.73110e-05
0.239583  2.66970e-05
0.240625  2.60774e-05
0.241667  2.54867e-05
0.242708  2.49558e-05
0.243750  2.45081e-05
0.244792  2.41569e-05
0.245833  2.39039e-05
0.246875  2.37390e-05
0.247917  2.36423e-05
0.248958  2.35863e-05
0.250000  2.35398e-05
0.251042  2.34717e-05
0.252083  2.33547e-05
0.253125  2.31690e-05
0.254167  2.29042e-05
0.255208  2.25608e-05
0.256250  2.21493e-05
0.257292  2.16892e-05
0.258333  2.12061e-05
0.259375  2.07284e-05
0.260417  2.02839e-05
0.261458  1.98961e-05
0.262500  1.95814e-05
0.263542  1.93472e-05
0.264583  1.91915e-05
0.265625  1.91026e-05
0.266667  1.90617e-05
0.267708  1.90443e-05
0.268750  1.90245e-05
0.269792  1.89772e-05
0.270833  1.88819e-05
0.271875  1.87247e-05
0.272917  1.85003e-05
0.273958  1.82122e-05
0.275000  1.78719e-05
0.276042  1.74980e-05
0.277083  1.71128e-05
0.278125  1.67403e-05
0.279167  1.64026e-05
0.280208  1.61176e-05
0.281250  1.58964e-05
0.282292  1.57424e-05
0.283333  1.56511e-05
0.284375  1.56104e-05
0.285417  1.56025e-05
0.286458  1.56062e-05
0.287500  1.55997e-05
0.288542  1.55630e-05
0.289583  1.54806e-05
0.290625  1.53433e-05
0.291667  1.51492e-05
0.292708  1.49037e-05
0.293750  1.46187e-05
0.294792  1.43113e-05
0.295833  1.40012e-05
0.296875  1.37082e-05
0.297917  1.34501e-05
0.298958  1.32402e-05
0.300000  1.30859e-05
0.301042  1.29877e-05
0.302083  1.29393e-05
0.303125  1.29289e-05
0.304167  1.29401e-05
0.305208  1.29544e-05
0.306250  1.29535e-05
0.307292  1.29217e-05
0.308333  1.28474e-05
0.309375  1.27247e-05
0.310417  1.25543e-05
0.311458  1.23426e-05
0.312500  1.21016e-05
0.313542  1.18467e-05
0.314583  1.15951e-05
0.315625  1.13633e-05
0.316667  1.11655e-05
0.317708  1.10115e-05
0.318750  1.09056e-05
0.319792  1.08463e-05
0.320833  1.08267e-05
0.321875  1.08350e-05
0.322917  1.08565e-05
0.323958  1.08751e-05
0.325000  1.08756e-05
0.326042  1.08455e-05
0.327083  1.07764e-05
0.328125  1.06651e-05
0.329167  1.05138e-05
0.330208  1.03298e-05
0.331250  1.01244e-05
0.332292  9.91163e-06
0.333333  9.70640e-06
0.334375  9.52248e-06
0.335417  9.37096e-06
0.336458  9.25887e-06
0.337500  9.18837e-06
0.338542  9.15658e-06
0.339583  9.15598e-06
0.340625  9.17545e-06
0.341667  9.20166e-06
0.342708  9.22082e-06
0.343750  9.22031e-06
0.344792  9.19032e-06
0.345833  9.12493e-06
0.346875  9.02286e-06
0.347917  8.88749e-06
0.348958  8.72641e-06
0.350000  8.55040e-06
0.351042  8.37204e-06
0.352083  8.20411e-06
0.353125  8.05803e-06
0.354167  7.94243e-06
0.355208  7.86215e-06
0.356250  7.81767e-06
0.357292  7.80514e-06
0.358333  7.81690e-06
0.359375  7.84250e-06
0.360417  7.87002e-06
0.361458  7.88758e-06
0.362500  7.88481e-06
0.363542  7.85412e-06
0.364583  7.79157e-06
0.365625  7.69732e-06
0.366667  7.57558e-06
0.367708  7.43396e-06
0.368750  7.28253e-06
0.369792  7.13253e-06
0.370833  6.99492e-06
0.371875  6.87908e-06
0.372917  6.79161e-06
0.373958  6.73561e-06
0.375000  6.71031e-06
0.376042  6.71119e-06
0.377083  6.73069e-06
0.378125  6.75907e-06
0.379167  6.78573e-06
0.380208  6.80052e-06
0.381250  6.79495e-06
0.382292  6.76327e-06
0.383333  6.70311e-06
0.384375  6.61574e-06
0.385417  6.50585e-06
0.386458  6.38094e-06
0.387500  6.25032e-06
0.388542  6.12397e-06
0.389583  6.01124e-06
0.390625  5.91977e-06
0.391667  5.85449e-06
0.392708  5.81710e-06
0.393750  5.80589e-06
0.394792  5.81598e-06
0.395833  5.83997e-06
0.396875  5.86891e-06
0.397917  5.89343e-06
0.398958  5.90487e-06
0.400000  5.89637e-06
0.401042  5.86370e-06
0.402083  5.80573e-06
0.403125  5.72455e-06
0.404167  5.62514e-06
0.405208  5.51475e-06
0.406250  5.40191e-06
0.407292  5.29545e-06
0.408333  5.20330e-06
0.409375  5.13160e-06
0.410417  5.08390e-06
0.411458  5.06081e-06
0.412500  5.05990e-06
0.413542  5.07610e-06
0.414583  5.10233e-06
0.415625  5.13039e-06
0.416667  5.15202e-06
0.417708  5.15991e-06
0.418750  5.14858e-06
0.419792  5.11507e-06
0.420833  5.05923e-06
0.421875  4.98374e-06
0.422917  4.89370e-06
0.423958  4.79604e-06
0.425000  4.69853e-06
0.426042  4.60892e-06
0.427083  4.53390e-06
0.428125  4.47833e-06
0.429167  4.44460e-06
0.430208  4.43246e-06
0.431250  4.43900e-06
0.432292  4.45906e-06
0.433333  4.48593e-06
0.434375  4.51217e-06
0.435417  4.53055e-06
0.436458  4.53493e-06
0.437500  4.52102e-06
0.438542  4.48690e-06
0.439583  4.43319e-06
0.440625  4.36299e-06
0.441667  4.28142e-06
0.442708  4.19500e-06
0.443750  4.11080e-06
0.444792  4.03556e-06
0.445833  3.97487e-06
0.446875  3.93249e-06
0.447917  3.90989e-06
0.448958  3.90611e-06
0.450000  3.91791e-06
0.451042  3.94017e-06
0.452083  3.96659e-06
0.453125  3.99044e-06
0.454167  4.00544e-06
0.455208  4.00648e-06
0.456250  3.99030e-06
0.457292  3.95583e-06
0.458333  3.90429e-06
0.459375  3.83906e-06
0.460417  3.76519e-06
0.461458  3.68877e-06
0.462500  3.61617e-06
0.463542  3.55324e-06
0.464583  3.50458e-06
0.465625  3.47303e-06
0.466667  3.45928e-06
0.467708  3.46183e-06
0.468750  3.47722e-06
0.469792  3.50046e-06
0.470833  3.52567e-06
0.471875  3.54682e-06
0.472917  3.55847e-06
0.473958  3.55644e-06
0.475000  3.53832e-06
0.476042  3.50376e-06
0.477083  3.45445e-06
0.478125  3.39392e-06
0.479167  3.32709e-06
0.480208  3.25961e-06
0.481250  3.19717e-06
0.482292  3.14482e-06
0.483333  3.10630e-06
0.484375  3.08364e-06
0.485417  3.07690e-06
0.486458  3.08417e-06
0.487500  3.10188e-06
0.488542  3.12521e-06
0.489583  3.14871e-06
0.490625  3.16700e-06
0.491667  3.17543e-06
0.492708  3.17063e-06
0.493750  3.15092e-06
0.494792  3.11652e-06
0.495833  3.06949e-06
0.496875  3.01343e-06
0.497917  2.95305e-06
0.498958  2.89358e-06
0.500000  2.84009e-06
