0.000000 1.000000e+00 
1.000000 9.999620e-01 
2.000000 9.999000e-01 
3.000000 9.998410e-01 
4.000000 9.997810e-01 
5.000000 9.997230e-01 
6.000000 9.996630e-01 
7.000000 9.996040e-01 
8.000000 9.995440e-01 
9.000000 9.994850e-01 
10.000000 9.994260e-01 
11.000000 9.993660e-01 
12.000000 9.993070e-01 
13.000000 9.992480e-01 
14.000000 9.991880e-01 
15.000000 9.991290e-01 
16.000000 9.990690e-01 
17.000000 9.990100e-01 
18.000000 9.989510e-01 
19.000000 9.988910e-01 
20.000000 9.988320e-01 
21.000000 9.987720e-01 
22.000000 9.987130e-01 
23.000000 9.986540e-01 
24.000000 9.985940e-01 
25.000000 9.985350e-01 
26.000000 9.984750e-01 
27.000000 9.984160e-01 
28.000000 9.983560e-01 
29.000000 9.982970e-01 
30.000000 9.982370e-01 
31.000000 9.981780e-01 
32.000000 9.981180e-01 
33.000000 9.980590e-01 
34.000000 9.979990e-01 
35.000000 9.979400e-01 
36.000000 9.978800e-01 
37.000000 9.978200e-01 
38.000000 9.977610e-01 
39.000000 9.977010e-01 
40.000000 9.976420e-01 
41.000000 9.975820e-01 
42.000000 9.975220e-01 
43.000000 9.974630e-01 
44.000000 9.974030e-01 
45.000000 9.973440e-01 
46.000000 9.972840e-01 
47.000000 9.972240e-01 
48.000000 9.971650e-01 
49.000000 9.971050e-01 
50.000000 9.970450e-01 
51.000000 9.969860e-01 
52.000000 9.969260e-01 
53.000000 9.968660e-01 
54.000000 9.968070e-01 
55.000000 9.967470e-01 
56.000000 9.966870e-01 
57.000000 9.966280e-01 
58.000000 9.965680e-01 
59.000000 9.965080e-01 
60.000000 9.964480e-01 
61.000000 9.963890e-01 
62.000000 9.963290e-01 
63.000000 9.962690e-01 
64.000000 9.962090e-01 
65.000000 9.961500e-01 
66.000000 9.960900e-01 
67.000000 9.960300e-01 
68.000000 9.959700e-01 
69.000000 9.959100e-01 
70.000000 9.958510e-01 
71.000000 9.957910e-01 
72.000000 9.957310e-01 
73.000000 9.956710e-01 
74.000000 9.956110e-01 
75.000000 9.955510e-01 
76.000000 9.954910e-01 
77.000000 9.954320e-01 
78.000000 9.953720e-01 
79.000000 9.953120e-01 
80.000000 9.952520e-01 
81.000000 9.951920e-01 
82.000000 9.951320e-01 
83.000000 9.950720e-01 
84.000000 9.950120e-01 
85.000000 9.949520e-01 
86.000000 9.948920e-01 
87.000000 9.948320e-01 
88.000000 9.947720e-01 
89.000000 9.947120e-01 
90.000000 9.946520e-01 
91.000000 9.945920e-01 
92.000000 9.945320e-01 
93.000000 9.944720e-01 
94.000000 9.944120e-01 
95.000000 9.943520e-01 
96.000000 9.942920e-01 
97.000000 9.942320e-01 
98.000000 9.941720e-01 
99.000000 9.941120e-01 
100.000000 9.940520e-01 
101.000000 9.939920e-01 
102.000000 9.939320e-01 
103.000000 9.938720e-01 
104.000000 9.938120e-01 
105.000000 9.937520e-01 
106.000000 9.936920e-01 
107.000000 9.936320e-01 
108.000000 9.935710e-01 
109.000000 9.935110e-01 
110.000000 9.934510e-01 
111.000000 9.933910e-01 
112.000000 9.933310e-01 
113.000000 9.932710e-01 
114.000000 9.932110e-01 
115.000000 9.931500e-01 
116.000000 9.930900e-01 
117.000000 9.930300e-01 
118.000000 9.929700e-01 
119.000000 9.929100e-01 
120.000000 9.928490e-01 
121.000000 9.927890e-01 
122.000000 9.927290e-01 
123.000000 9.926690e-01 
124.000000 9.926090e-01 
125.000000 9.925480e-01 
126.000000 9.924880e-01 
127.000000 9.924280e-01 
128.000000 9.923670e-01 
129.000000 9.923070e-01 
130.000000 9.922470e-01 
131.000000 9.921870e-01 
132.000000 9.921260e-01 
133.000000 9.920660e-01 
134.000000 9.920060e-01 
135.000000 9.919450e-01 
136.000000 9.918850e-01 
137.000000 9.918250e-01 
138.000000 9.917640e-01 
139.000000 9.917040e-01 
140.000000 9.916440e-01 
141.000000 9.915830e-01 
142.000000 9.915230e-01 
143.000000 9.914620e-01 
144.000000 9.914020e-01 
145.000000 9.913420e-01 
146.000000 9.912810e-01 
147.000000 9.912210e-01 
148.000000 9.911600e-01 
149.000000 9.911000e-01 
150.000000 9.910390e-01 
151.000000 9.909790e-01 
152.000000 9.909180e-01 
153.000000 9.908580e-01 
154.000000 9.907970e-01 
155.000000 9.907370e-01 
156.000000 9.906760e-01 
157.000000 9.906160e-01 
158.000000 9.905550e-01 
159.000000 9.904950e-01 
160.000000 9.904340e-01 
161.000000 9.903740e-01 
162.000000 9.903130e-01 
163.000000 9.902530e-01 
164.000000 9.901920e-01 
165.000000 9.901320e-01 
166.000000 9.900710e-01 
167.000000 9.900100e-01 
168.000000 9.899500e-01 
169.000000 9.898890e-01 
170.000000 9.898290e-01 
171.000000 9.897680e-01 
172.000000 9.897070e-01 
173.000000 9.896470e-01 
174.000000 9.895860e-01 
175.000000 9.895260e-01 
176.000000 9.894650e-01 
177.000000 9.894040e-01 
178.000000 9.893440e-01 
179.000000 9.892830e-01 
180.000000 9.892220e-01 
181.000000 9.891610e-01 
182.000000 9.891010e-01 
183.000000 9.890400e-01 
184.000000 9.889790e-01 
185.000000 9.889190e-01 
186.000000 9.888580e-01 
187.000000 9.887970e-01 
188.000000 9.887360e-01 
189.000000 9.886760e-01 
190.000000 9.886150e-01 
191.000000 9.885540e-01 
192.000000 9.884930e-01 
193.000000 9.884330e-01 
194.000000 9.883720e-01 
195.000000 9.883110e-01 
196.000000 9.882500e-01 
197.000000 9.881890e-01 
198.000000 9.881280e-01 
199.000000 9.880680e-01 
200.000000 9.880070e-01 
201.000000 9.879460e-01 
202.000000 9.878850e-01 
203.000000 9.878240e-01 
204.000000 9.877630e-01 
205.000000 9.877020e-01 
206.000000 9.876420e-01 
207.000000 9.875810e-01 
208.000000 9.875200e-01 
209.000000 9.874590e-01 
210.000000 9.873980e-01 
211.000000 9.873370e-01 
212.000000 9.872760e-01 
213.000000 9.872150e-01 
214.000000 9.871540e-01 
215.000000 9.870930e-01 
216.000000 9.870320e-01 
217.000000 9.869710e-01 
218.000000 9.869100e-01 
219.000000 9.868490e-01 
220.000000 9.867880e-01 
221.000000 9.867270e-01 
222.000000 9.866660e-01 
223.000000 9.866050e-01 
224.000000 9.865440e-01 
225.000000 9.864830e-01 
226.000000 9.864220e-01 
227.000000 9.863610e-01 
228.000000 9.863000e-01 
229.000000 9.862390e-01 
230.000000 9.861780e-01 
231.000000 9.861170e-01 
232.000000 9.860560e-01 
233.000000 9.859950e-01 
234.000000 9.859330e-01 
235.000000 9.858720e-01 
236.000000 9.858110e-01 
237.000000 9.857500e-01 
238.000000 9.856890e-01 
239.000000 9.856280e-01 
240.000000 9.855670e-01 
241.000000 9.855050e-01 
242.000000 9.854440e-01 
243.000000 9.853830e-01 
244.000000 9.853220e-01 
245.000000 9.852610e-01 
246.000000 9.851990e-01 
247.000000 9.851380e-01 
248.000000 9.850770e-01 
249.000000 9.850160e-01 
250.000000 9.849550e-01 
251.000000 9.848930e-01 
252.000000 9.848320e-01 
253.000000 9.847710e-01 
254.000000 9.847100e-01 
255.000000 9.846480e-01 
256.000000 9.845870e-01 
257.000000 9.845260e-01 
258.000000 9.844640e-01 
259.000000 9.844030e-01 
260.000000 9.843420e-01 
261.000000 9.842800e-01 
262.000000 9.842190e-01 
263.000000 9.841580e-01 
264.000000 9.840960e-01 
265.000000 9.840350e-01 
266.000000 9.839740e-01 
267.000000 9.839120e-01 
268.000000 9.838510e-01 
269.000000 9.837900e-01 
270.000000 9.837280e-01 
271.000000 9.836670e-01 
272.000000 9.836050e-01 
273.000000 9.835440e-01 
274.000000 9.834830e-01 
275.000000 9.834210e-01 
276.000000 9.833600e-01 
277.000000 9.832980e-01 
278.000000 9.832370e-01 
279.000000 9.831750e-01 
280.000000 9.831140e-01 
281.000000 9.830520e-01 
282.000000 9.829910e-01 
283.000000 9.829290e-01 
284.000000 9.828680e-01 
285.000000 9.828060e-01 
286.000000 9.827450e-01 
287.000000 9.826830e-01 
288.000000 9.826220e-01 
289.000000 9.825600e-01 
290.000000 9.824990e-01 
291.000000 9.824370e-01 
292.000000 9.823760e-01 
293.000000 9.823140e-01 
294.000000 9.822520e-01 
295.000000 9.821910e-01 
296.000000 9.821290e-01 
297.000000 9.820680e-01 
298.000000 9.820060e-01 
299.000000 9.819440e-01 
300.000000 9.818830e-01 
301.000000 9.818210e-01 
302.000000 9.817600e-01 
303.000000 9.816980e-01 
304.000000 9.816360e-01 
305.000000 9.815750e-01 
306.000000 9.815130e-01 
307.000000 9.814510e-01 
308.000000 9.813900e-01 
309.000000 9.813280e-01 
310.000000 9.812660e-01 
311.000000 9.812040e-01 
312.000000 9.811430e-01 
313.000000 9.810810e-01 
314.000000 9.810190e-01 
315.000000 9.809570e-01 
316.000000 9.808960e-01 
317.000000 9.808340e-01 
318.000000 9.807720e-01 
319.000000 9.807100e-01 
320.000000 9.806490e-01 
321.000000 9.805870e-01 
322.000000 9.805250e-01 
323.000000 9.804630e-01 
324.000000 9.804010e-01 
325.000000 9.803400e-01 
326.000000 9.802780e-01 
327.000000 9.802160e-01 
328.000000 9.801540e-01 
329.000000 9.800920e-01 
330.000000 9.800300e-01 
331.000000 9.799680e-01 
332.000000 9.799070e-01 
333.000000 9.798450e-01 
334.000000 9.797830e-01 
335.000000 9.797210e-01 
336.000000 9.796590e-01 
337.000000 9.795970e-01 
338.000000 9.795350e-01 
339.000000 9.794730e-01 
340.000000 9.794110e-01 
341.000000 9.793490e-01 
342.000000 9.792870e-01 
343.000000 9.792250e-01 
344.000000 9.791630e-01 
345.000000 9.791010e-01 
346.000000 9.790390e-01 
347.000000 9.789770e-01 
348.000000 9.789150e-01 
349.000000 9.788530e-01 
350.000000 9.787910e-01 
351.000000 9.787290e-01 
352.000000 9.786670e-01 
353.000000 9.786050e-01 
354.000000 9.785430e-01 
355.000000 9.784810e-01 
356.000000 9.784190e-01 
357.000000 9.783570e-01 
358.000000 9.782950e-01 
359.000000 9.782330e-01 
360.000000 9.781710e-01 
361.000000 9.781090e-01 
362.000000 9.780470e-01 
363.000000 9.779850e-01 
364.000000 9.779220e-01 
365.000000 9.778600e-01 
366.000000 9.777980e-01 
367.000000 9.777360e-01 
368.000000 9.776740e-01 
369.000000 9.776120e-01 
370.000000 9.775490e-01 
371.000000 9.774870e-01 
372.000000 9.774250e-01 
373.000000 9.773630e-01 
374.000000 9.773010e-01 
375.000000 9.772380e-01 
376.000000 9.771760e-01 
377.000000 9.771140e-01 
378.000000 9.770520e-01 
379.000000 9.769900e-01 
380.000000 9.769270e-01 
381.000000 9.768650e-01 
382.000000 9.768030e-01 
383.000000 9.767400e-01 
384.000000 9.766780e-01 
385.000000 9.766160e-01 
386.000000 9.765540e-01 
387.000000 9.764910e-01 
388.000000 9.764290e-01 
389.000000 9.763670e-01 
390.000000 9.763040e-01 
391.000000 9.762420e-01 
392.000000 9.761800e-01 
393.000000 9.761170e-01 
394.000000 9.760550e-01 
395.000000 9.759930e-01 
396.000000 9.759300e-01 
397.000000 9.758680e-01 
398.000000 9.758050e-01 
399.000000 9.757430e-01 
400.000000 9.756810e-01 
401.000000 9.756180e-01 
402.000000 9.755560e-01 
403.000000 9.754930e-01 
404.000000 9.754310e-01 
405.000000 9.753680e-01 
406.000000 9.753060e-01 
407.000000 9.752440e-01 
408.000000 9.751810e-01 
409.000000 9.751190e-01 
410.000000 9.750560e-01 
411.000000 9.749940e-01 
412.000000 9.749310e-01 
413.000000 9.748690e-01 
414.000000 9.748060e-01 
415.000000 9.747440e-01 
416.000000 9.746810e-01 
417.000000 9.746190e-01 
418.000000 9.745560e-01 
419.000000 9.744930e-01 
420.000000 9.744310e-01 
421.000000 9.743680e-01 
422.000000 9.743060e-01 
423.000000 9.742430e-01 
424.000000 9.741810e-01 
425.000000 9.741180e-01 
426.000000 9.740550e-01 
427.000000 9.739930e-01 
428.000000 9.739300e-01 
429.000000 9.738670e-01 
430.000000 9.738050e-01 
431.000000 9.737420e-01 
432.000000 9.736790e-01 
433.000000 9.736170e-01 
434.000000 9.735540e-01 
435.000000 9.734910e-01 
436.000000 9.734290e-01 
437.000000 9.733660e-01 
438.000000 9.733030e-01 
439.000000 9.732410e-01 
440.000000 9.731780e-01 
441.000000 9.731150e-01 
442.000000 9.730520e-01 
443.000000 9.729900e-01 
444.000000 9.729270e-01 
445.000000 9.728640e-01 
446.000000 9.728010e-01 
447.000000 9.727390e-01 
448.000000 9.726760e-01 
449.000000 9.726130e-01 
450.000000 9.725500e-01 
451.000000 9.724880e-01 
452.000000 9.724250e-01 
453.000000 9.723620e-01 
454.000000 9.722990e-01 
455.000000 9.722360e-01 
456.000000 9.721730e-01 
457.000000 9.721110e-01 
458.000000 9.720480e-01 
459.000000 9.719850e-01 
460.000000 9.719220e-01 
461.000000 9.718590e-01 
462.000000 9.717960e-01 
463.000000 9.717330e-01 
464.000000 9.716700e-01 
465.000000 9.716070e-01 
466.000000 9.715450e-01 
467.000000 9.714820e-01 
468.000000 9.714190e-01 
469.000000 9.713560e-01 
470.000000 9.712930e-01 
471.000000 9.712300e-01 
472.000000 9.711670e-01 
473.000000 9.711040e-01 
474.000000 9.710410e-01 
475.000000 9.709780e-01 
476.000000 9.709150e-01 
477.000000 9.708520e-01 
478.000000 9.707890e-01 
479.000000 9.707260e-01 
480.000000 9.706630e-01 
481.000000 9.706000e-01 
482.000000 9.705370e-01 
483.000000 9.704740e-01 
484.000000 9.704110e-01 
485.000000 9.703480e-01 
486.000000 9.702850e-01 
487.000000 9.702210e-01 
488.000000 9.701580e-01 
489.000000 9.700950e-01 
490.000000 9.700320e-01 
491.000000 9.699690e-01 
492.000000 9.699060e-01 
493.000000 9.698430e-01 
494.000000 9.697800e-01 
495.000000 9.697170e-01 
496.000000 9.696530e-01 
497.000000 9.695900e-01 
498.000000 9.695270e-01 
499.000000 9.694640e-01 
500.000000 9.694010e-01 
501.000000 9.693380e-01 
502.000000 9.692740e-01 
503.000000 9.692110e-01 
504.000000 9.691480e-01 
505.000000 9.690850e-01 
506.000000 9.690210e-01 
507.000000 9.689580e-01 
508.000000 9.688950e-01 
509.000000 9.688320e-01 
510.000000 9.687680e-01 
511.000000 9.687050e-01 
512.000000 9.686420e-01 
513.000000 9.685790e-01 
514.000000 9.685150e-01 
515.000000 9.684520e-01 
516.000000 9.683890e-01 
517.000000 9.683250e-01 
518.000000 9.682620e-01 
519.000000 9.681990e-01 
520.000000 9.681350e-01 
521.000000 9.680720e-01 
522.000000 9.680090e-01 
523.000000 9.679450e-01 
524.000000 9.678820e-01 
525.000000 9.678190e-01 
526.000000 9.677550e-01 
527.000000 9.676920e-01 
528.000000 9.676280e-01 
529.000000 9.675650e-01 
530.000000 9.675020e-01 
531.000000 9.674380e-01 
532.000000 9.673750e-01 
533.000000 9.673110e-01 
534.000000 9.672480e-01 
535.000000 9.671840e-01 
536.000000 9.671210e-01 
537.000000 9.670580e-01 
538.000000 9.669940e-01 
539.000000 9.669310e-01 
540.000000 9.668670e-01 
541.000000 9.668040e-01 
542.000000 9.667400e-01 
543.000000 9.666770e-01 
544.000000 9.666130e-01 
545.000000 9.665500e-01 
546.000000 9.664860e-01 
547.000000 9.664220e-01 
548.000000 9.663590e-01 
549.000000 9.662950e-01 
550.000000 9.662320e-01 
551.000000 9.661680e-01 
552.000000 9.661050e-01 
553.000000 9.660410e-01 
554.000000 9.659770e-01 
555.000000 9.659140e-01 
556.000000 9.658500e-01 
557.000000 9.657870e-01 
558.000000 9.657230e-01 
559.000000 9.656590e-01 
560.000000 9.655960e-01 
561.000000 9.655320e-01 
562.000000 9.654680e-01 
563.000000 9.654050e-01 
564.000000 9.653410e-01 
565.000000 9.652770e-01 
566.000000 9.652140e-01 
567.000000 9.651500e-01 
568.000000 9.650860e-01 
569.000000 9.650230e-01 
570.000000 9.649590e-01 
571.000000 9.648950e-01 
572.000000 9.648310e-01 
573.000000 9.647680e-01 
574.000000 9.647040e-01 
575.000000 9.646400e-01 
576.000000 9.645760e-01 
577.000000 9.645130e-01 
578.000000 9.644490e-01 
579.000000 9.643850e-01 
580.000000 9.643210e-01 
581.000000 9.642570e-01 
582.000000 9.641940e-01 
583.000000 9.641300e-01 
584.000000 9.640660e-01 
585.000000 9.640020e-01 
586.000000 9.639380e-01 
587.000000 9.638740e-01 
588.000000 9.638110e-01 
589.000000 9.637470e-01 
590.000000 9.636830e-01 
591.000000 9.636190e-01 
592.000000 9.635550e-01 
593.000000 9.634910e-01 
594.000000 9.634270e-01 
595.000000 9.633630e-01 
596.000000 9.632990e-01 
597.000000 9.632350e-01 
598.000000 9.631720e-01 
599.000000 9.631080e-01 
600.000000 9.630440e-01 
601.000000 9.629800e-01 
602.000000 9.629160e-01 
603.000000 9.628520e-01 
604.000000 9.627880e-01 
605.000000 9.627240e-01 
606.000000 9.626600e-01 
607.000000 9.625960e-01 
608.000000 9.625320e-01 
609.000000 9.624680e-01 
610.000000 9.624040e-01 
611.000000 9.623400e-01 
612.000000 9.622760e-01 
613.000000 9.622120e-01 
614.000000 9.621480e-01 
615.000000 9.620840e-01 
616.000000 9.620190e-01 
617.000000 9.619550e-01 
618.000000 9.618910e-01 
619.000000 9.618270e-01 
620.000000 9.617630e-01 
621.000000 9.616990e-01 
622.000000 9.616350e-01 
623.000000 9.615710e-01 
624.000000 9.615070e-01 
625.000000 9.614420e-01 
626.000000 9.613780e-01 
627.000000 9.613140e-01 
628.000000 9.612500e-01 
629.000000 9.611860e-01 
630.000000 9.611220e-01 
631.000000 9.610570e-01 
632.000000 9.609930e-01 
633.000000 9.609290e-01 
634.000000 9.608650e-01 
635.000000 9.608010e-01 
636.000000 9.607360e-01 
637.000000 9.606720e-01 
638.000000 9.606080e-01 
639.000000 9.605440e-01 
640.000000 9.604790e-01 
641.000000 9.604150e-01 
642.000000 9.603510e-01 
643.000000 9.602870e-01 
644.000000 9.602220e-01 
645.000000 9.601580e-01 
646.000000 9.600940e-01 
647.000000 9.600290e-01 
648.000000 9.599650e-01 
649.000000 9.599010e-01 
650.000000 9.598360e-01 
651.000000 9.597720e-01 
652.000000 9.597080e-01 
653.000000 9.596430e-01 
654.000000 9.595790e-01 
655.000000 9.595150e-01 
656.000000 9.594500e-01 
657.000000 9.593860e-01 
658.000000 9.593220e-01 
659.000000 9.592570e-01 
660.000000 9.591930e-01 
661.000000 9.591280e-01 
662.000000 9.590640e-01 
663.000000 9.589990e-01 
664.000000 9.589350e-01 
665.000000 9.588710e-01 
666.000000 9.588060e-01 
667.000000 9.587420e-01 
668.000000 9.586770e-01 
669.000000 9.586130e-01 
670.000000 9.585480e-01 
671.000000 9.584840e-01 
672.000000 9.584190e-01 
673.000000 9.583550e-01 
674.000000 9.582900e-01 
675.000000 9.582260e-01 
676.000000 9.581610e-01 
677.000000 9.580970e-01 
678.000000 9.580320e-01 
679.000000 9.579680e-01 
680.000000 9.579030e-01 
681.000000 9.578380e-01 
682.000000 9.577740e-01 
683.000000 9.577090e-01 
684.000000 9.576450e-01 
685.000000 9.575800e-01 
686.000000 9.575150e-01 
687.000000 9.574510e-01 
688.000000 9.573860e-01 
689.000000 9.573220e-01 
690.000000 9.572570e-01 
691.000000 9.571920e-01 
692.000000 9.571280e-01 
693.000000 9.570630e-01 
694.000000 9.569980e-01 
695.000000 9.569340e-01 
696.000000 9.568690e-01 
697.000000 9.568040e-01 
698.000000 9.567400e-01 
699.000000 9.566750e-01 
700.000000 9.566100e-01 
701.000000 9.565450e-01 
702.000000 9.564810e-01 
703.000000 9.564160e-01 
704.000000 9.563510e-01 
705.000000 9.562860e-01 
706.000000 9.562220e-01 
707.000000 9.561570e-01 
708.000000 9.560920e-01 
709.000000 9.560270e-01 
710.000000 9.559630e-01 
711.000000 9.558980e-01 
712.000000 9.558330e-01 
713.000000 9.557680e-01 
714.000000 9.557030e-01 
715.000000 9.556390e-01 
716.000000 9.555740e-01 
717.000000 9.555090e-01 
718.000000 9.554440e-01 
719.000000 9.553790e-01 
720.000000 9.553140e-01 
721.000000 9.552490e-01 
722.000000 9.551850e-01 
723.000000 9.551200e-01 
724.000000 9.550550e-01 
725.000000 9.549900e-01 
726.000000 9.549250e-01 
727.000000 9.548600e-01 
728.000000 9.547950e-01 
729.000000 9.547300e-01 
730.000000 9.546650e-01 
731.000000 9.546000e-01 
732.000000 9.545350e-01 
733.000000 9.544700e-01 
734.000000 9.544050e-01 
735.000000 9.543410e-01 
736.000000 9.542760e-01 
737.000000 9.542110e-01 
738.000000 9.541460e-01 
739.000000 9.540810e-01 
740.000000 9.540160e-01 
741.000000 9.539510e-01 
742.000000 9.538850e-01 
743.000000 9.538200e-01 
744.000000 9.537550e-01 
745.000000 9.536900e-01 
746.000000 9.536250e-01 
747.000000 9.535600e-01 
748.000000 9.534950e-01 
749.000000 9.534300e-01 
750.000000 9.533650e-01 
751.000000 9.533000e-01 
752.000000 9.532350e-01 
753.000000 9.531700e-01 
754.000000 9.531050e-01 
755.000000 9.530390e-01 
756.000000 9.529740e-01 
757.000000 9.529090e-01 
758.000000 9.528440e-01 
759.000000 9.527790e-01 
760.000000 9.527140e-01 
761.000000 9.526490e-01 
762.000000 9.525830e-01 
763.000000 9.525180e-01 
764.000000 9.524530e-01 
765.000000 9.523880e-01 
766.000000 9.523230e-01 
767.000000 9.522570e-01 
768.000000 9.521920e-01 
769.000000 9.521270e-01 
770.000000 9.520620e-01 
771.000000 9.519960e-01 
772.000000 9.519310e-01 
773.000000 9.518660e-01 
774.000000 9.518010e-01 
775.000000 9.517350e-01 
776.000000 9.516700e-01 
777.000000 9.516050e-01 
778.000000 9.515390e-01 
779.000000 9.514740e-01 
780.000000 9.514090e-01 
781.000000 9.513440e-01 
782.000000 9.512780e-01 
783.000000 9.512130e-01 
784.000000 9.511480e-01 
785.000000 9.510820e-01 
786.000000 9.510170e-01 
787.000000 9.509510e-01 
788.000000 9.508860e-01 
789.000000 9.508210e-01 
790.000000 9.507550e-01 
791.000000 9.506900e-01 
792.000000 9.506240e-01 
793.000000 9.505590e-01 
794.000000 9.504940e-01 
795.000000 9.504280e-01 
796.000000 9.503630e-01 
797.000000 9.502970e-01 
798.000000 9.502320e-01 
799.000000 9.501660e-01 
800.000000 9.501010e-01 
801.000000 9.500360e-01 
802.000000 9.499700e-01 
803.000000 9.499050e-01 
804.000000 9.498390e-01 
805.000000 9.497740e-01 
806.000000 9.497080e-01 
807.000000 9.496430e-01 
808.000000 9.495770e-01 
809.000000 9.495110e-01 
810.000000 9.494460e-01 
811.000000 9.493800e-01 
812.000000 9.493150e-01 
813.000000 9.492490e-01 
814.000000 9.491840e-01 
815.000000 9.491180e-01 
816.000000 9.490530e-01 
817.000000 9.489870e-01 
818.000000 9.489210e-01 
819.000000 9.488560e-01 
820.000000 9.487900e-01 
821.000000 9.487250e-01 
822.000000 9.486590e-01 
823.000000 9.485930e-01 
824.000000 9.485280e-01 
825.000000 9.484620e-01 
826.000000 9.483960e-01 
827.000000 9.483310e-01 
828.000000 9.482650e-01 
829.000000 9.481990e-01 
830.000000 9.481340e-01 
831.000000 9.480680e-01 
832.000000 9.480020e-01 
833.000000 9.479370e-01 
834.000000 9.478710e-01 
835.000000 9.478050e-01 
836.000000 9.477390e-01 
837.000000 9.476740e-01 
838.000000 9.476080e-01 
839.000000 9.475420e-01 
840.000000 9.474760e-01 
841.000000 9.474110e-01 
842.000000 9.473450e-01 
843.000000 9.472790e-01 
844.000000 9.472130e-01 
845.000000 9.471470e-01 
846.000000 9.470820e-01 
847.000000 9.470160e-01 
848.000000 9.469500e-01 
849.000000 9.468840e-01 
850.000000 9.468180e-01 
851.000000 9.467520e-01 
852.000000 9.466870e-01 
853.000000 9.466210e-01 
854.000000 9.465550e-01 
855.000000 9.464890e-01 
856.000000 9.464230e-01 
857.000000 9.463570e-01 
858.000000 9.462910e-01 
859.000000 9.462250e-01 
860.000000 9.461600e-01 
861.000000 9.460940e-01 
862.000000 9.460280e-01 
863.000000 9.459620e-01 
864.000000 9.458960e-01 
865.000000 9.458300e-01 
866.000000 9.457640e-01 
867.000000 9.456980e-01 
868.000000 9.456320e-01 
869.000000 9.455660e-01 
870.000000 9.455000e-01 
871.000000 9.454340e-01 
872.000000 9.453680e-01 
873.000000 9.453020e-01 
874.000000 9.452360e-01 
875.000000 9.451700e-01 
876.000000 9.451040e-01 
877.000000 9.450380e-01 
878.000000 9.449720e-01 
879.000000 9.449060e-01 
880.000000 9.448400e-01 
881.000000 9.447740e-01 
882.000000 9.447080e-01 
883.000000 9.446420e-01 
884.000000 9.445750e-01 
885.000000 9.445090e-01 
886.000000 9.444430e-01 
887.000000 9.443770e-01 
888.000000 9.443110e-01 
889.000000 9.442450e-01 
890.000000 9.441790e-01 
891.000000 9.441130e-01 
892.000000 9.440470e-01 
893.000000 9.439800e-01 
894.000000 9.439140e-01 
895.000000 9.438480e-01 
896.000000 9.437820e-01 
897.000000 9.437160e-01 
898.000000 9.436490e-01 
899.000000 9.435830e-01 
900.000000 9.435170e-01 
901.000000 9.434510e-01 
902.000000 9.433850e-01 
903.000000 9.433180e-01 
904.000000 9.432520e-01 
905.000000 9.431860e-01 
906.000000 9.431200e-01 
907.000000 9.430530e-01 
908.000000 9.429870e-01 
909.000000 9.429210e-01 
910.000000 9.428550e-01 
911.000000 9.427880e-01 
912.000000 9.427220e-01 
913.000000 9.426560e-01 
914.000000 9.425890e-01 
915.000000 9.425230e-01 
916.000000 9.424570e-01 
917.000000 9.423900e-01 
918.000000 9.423240e-01 
919.000000 9.422580e-01 
920.000000 9.421910e-01 
921.000000 9.421250e-01 
922.000000 9.420590e-01 
923.000000 9.419920e-01 
924.000000 9.419260e-01 
925.000000 9.418600e-01 
926.000000 9.417930e-01 
927.000000 9.417270e-01 
928.000000 9.416600e-01 
929.000000 9.415940e-01 
930.000000 9.415270e-01 
931.000000 9.414610e-01 
932.000000 9.413950e-01 
933.000000 9.413280e-01 
934.000000 9.412620e-01 
935.000000 9.411950e-01 
936.000000 9.411290e-01 
937.000000 9.410620e-01 
938.000000 9.409960e-01 
939.000000 9.409290e-01 
940.000000 9.408630e-01 
941.000000 9.407960e-01 
942.000000 9.407300e-01 
943.000000 9.406630e-01 
944.000000 9.405970e-01 
945.000000 9.405300e-01 
946.000000 9.404640e-01 
947.000000 9.403970e-01 
948.000000 9.403310e-01 
949.000000 9.402640e-01 
950.000000 9.401970e-01 
951.000000 9.401310e-01 
952.000000 9.400640e-01 
953.000000 9.399980e-01 
954.000000 9.399310e-01 
955.000000 9.398640e-01 
956.000000 9.397980e-01 
957.000000 9.397310e-01 
958.000000 9.396650e-01 
959.000000 9.395980e-01 
960.000000 9.395310e-01 
961.000000 9.394650e-01 
962.000000 9.393980e-01 
963.000000 9.393310e-01 
964.000000 9.392650e-01 
965.000000 9.391980e-01 
966.000000 9.391310e-01 
967.000000 9.390650e-01 
968.000000 9.389980e-01 
969.000000 9.389310e-01 
970.000000 9.388640e-01 
971.000000 9.387980e-01 
972.000000 9.387310e-01 
973.000000 9.386640e-01 
974.000000 9.385970e-01 
975.000000 9.385310e-01 
976.000000 9.384640e-01 
977.000000 9.383970e-01 
978.000000 9.383300e-01 
979.000000 9.382640e-01 
980.000000 9.381970e-01 
981.000000 9.381300e-01 
982.000000 9.380630e-01 
983.000000 9.379960e-01 
984.000000 9.379300e-01 
985.000000 9.378630e-01 
986.000000 9.377960e-01 
987.000000 9.377290e-01 
988.000000 9.376620e-01 
989.000000 9.375950e-01 
990.000000 9.375280e-01 
991.000000 9.374620e-01 
992.000000 9.373950e-01 
993.000000 9.373280e-01 
994.000000 9.372610e-01 
995.000000 9.371940e-01 
996.000000 9.371270e-01 
997.000000 9.370600e-01 
998.000000 9.369930e-01 
999.000000 9.369260e-01 
1000.000000 9.368590e-01 
1001.000000 9.367920e-01 
1002.000000 9.367250e-01 
1003.000000 9.366590e-01 
1004.000000 9.365920e-01 
1005.000000 9.365250e-01 
1006.000000 9.364580e-01 
1007.000000 9.363910e-01 
1008.000000 9.363240e-01 
1009.000000 9.362570e-01 
1010.000000 9.361900e-01 
1011.000000 9.361230e-01 
1012.000000 9.360560e-01 
1013.000000 9.359890e-01 
1014.000000 9.359210e-01 
1015.000000 9.358540e-01 
1016.000000 9.357870e-01 
1017.000000 9.357200e-01 
1018.000000 9.356530e-01 
1019.000000 9.355860e-01 
1020.000000 9.355190e-01 
1021.000000 9.354520e-01 
1022.000000 9.353850e-01 
1023.000000 9.353180e-01 
1024.000000 9.352510e-01 
1025.000000 9.351840e-01 
1026.000000 9.351160e-01 
1027.000000 9.350490e-01 
1028.000000 9.349820e-01 
1029.000000 9.349150e-01 
1030.000000 9.348480e-01 
1031.000000 9.347810e-01 
1032.000000 9.347140e-01 
1033.000000 9.346460e-01 
1034.000000 9.345790e-01 
1035.000000 9.345120e-01 
1036.000000 9.344450e-01 
1037.000000 9.343780e-01 
1038.000000 9.343100e-01 
1039.000000 9.342430e-01 
1040.000000 9.341760e-01 
1041.000000 9.341090e-01 
1042.000000 9.340410e-01 
1043.000000 9.339740e-01 
1044.000000 9.339070e-01 
1045.000000 9.338400e-01 
1046.000000 9.337720e-01 
1047.000000 9.337050e-01 
1048.000000 9.336380e-01 
1049.000000 9.335700e-01 
1050.000000 9.335030e-01 
1051.000000 9.334360e-01 
1052.000000 9.333690e-01 
1053.000000 9.333010e-01 
1054.000000 9.332340e-01 
1055.000000 9.331670e-01 
1056.000000 9.330990e-01 
1057.000000 9.330320e-01 
1058.000000 9.329650e-01 
1059.000000 9.328970e-01 
1060.000000 9.328300e-01 
1061.000000 9.327620e-01 
1062.000000 9.326950e-01 
1063.000000 9.326280e-01 
1064.000000 9.325600e-01 
1065.000000 9.324930e-01 
1066.000000 9.324250e-01 
1067.000000 9.323580e-01 
1068.000000 9.322910e-01 
1069.000000 9.322230e-01 
1070.000000 9.321560e-01 
1071.000000 9.320880e-01 
1072.000000 9.320210e-01 
1073.000000 9.319530e-01 
1074.000000 9.318860e-01 
1075.000000 9.318180e-01 
1076.000000 9.317510e-01 
1077.000000 9.316830e-01 
1078.000000 9.316160e-01 
1079.000000 9.315480e-01 
1080.000000 9.314810e-01 
1081.000000 9.314130e-01 
1082.000000 9.313460e-01 
1083.000000 9.312780e-01 
1084.000000 9.312110e-01 
1085.000000 9.311430e-01 
1086.000000 9.310760e-01 
1087.000000 9.310080e-01 
1088.000000 9.309400e-01 
1089.000000 9.308730e-01 
1090.000000 9.308050e-01 
1091.000000 9.307380e-01 
1092.000000 9.306700e-01 
1093.000000 9.306020e-01 
1094.000000 9.305350e-01 
1095.000000 9.304670e-01 
1096.000000 9.304000e-01 
1097.000000 9.303320e-01 
1098.000000 9.302640e-01 
1099.000000 9.301970e-01 
1100.000000 9.301290e-01 
1101.000000 9.300610e-01 
1102.000000 9.299940e-01 
1103.000000 9.299260e-01 
1104.000000 9.298580e-01 
1105.000000 9.297910e-01 
1106.000000 9.297230e-01 
1107.000000 9.296550e-01 
1108.000000 9.295870e-01 
1109.000000 9.295200e-01 
1110.000000 9.294520e-01 
1111.000000 9.293840e-01 
1112.000000 9.293170e-01 
1113.000000 9.292490e-01 
1114.000000 9.291810e-01 
1115.000000 9.291130e-01 
1116.000000 9.290450e-01 
1117.000000 9.289780e-01 
1118.000000 9.289100e-01 
1119.000000 9.288420e-01 
1120.000000 9.287740e-01 
1121.000000 9.287070e-01 
1122.000000 9.286390e-01 
1123.000000 9.285710e-01 
1124.000000 9.285030e-01 
1125.000000 9.284350e-01 
1126.000000 9.283670e-01 
1127.000000 9.282990e-01 
1128.000000 9.282320e-01 
1129.000000 9.281640e-01 
1130.000000 9.280960e-01 
1131.000000 9.280280e-01 
1132.000000 9.279600e-01 
1133.000000 9.278920e-01 
1134.000000 9.278240e-01 
1135.000000 9.277560e-01 
1136.000000 9.276890e-01 
1137.000000 9.276210e-01 
1138.000000 9.275530e-01 
1139.000000 9.274850e-01 
1140.000000 9.274170e-01 
1141.000000 9.273490e-01 
1142.000000 9.272810e-01 
1143.000000 9.272130e-01 
1144.000000 9.271450e-01 
1145.000000 9.270770e-01 
1146.000000 9.270090e-01 
1147.000000 9.269410e-01 
1148.000000 9.268730e-01 
1149.000000 9.268050e-01 
1150.000000 9.267370e-01 
1151.000000 9.266690e-01 
1152.000000 9.266010e-01 
1153.000000 9.265330e-01 
1154.000000 9.264650e-01 
1155.000000 9.263970e-01 
1156.000000 9.263290e-01 
1157.000000 9.262610e-01 
1158.000000 9.261930e-01 
1159.000000 9.261240e-01 
1160.000000 9.260560e-01 
1161.000000 9.259880e-01 
1162.000000 9.259200e-01 
1163.000000 9.258520e-01 
1164.000000 9.257840e-01 
1165.000000 9.257160e-01 
1166.000000 9.256480e-01 
1167.000000 9.255800e-01 
1168.000000 9.255110e-01 
1169.000000 9.254430e-01 
1170.000000 9.253750e-01 
1171.000000 9.253070e-01 
1172.000000 9.252390e-01 
1173.000000 9.251710e-01 
1174.000000 9.251020e-01 
1175.000000 9.250340e-01 
1176.000000 9.249660e-01 
1177.000000 9.248980e-01 
1178.000000 9.248300e-01 
1179.000000 9.247610e-01 
1180.000000 9.246930e-01 
1181.000000 9.246250e-01 
1182.000000 9.245570e-01 
1183.000000 9.244880e-01 
1184.000000 9.244200e-01 
1185.000000 9.243520e-01 
1186.000000 9.242840e-01 
1187.000000 9.242150e-01 
1188.000000 9.241470e-01 
1189.000000 9.240790e-01 
1190.000000 9.240110e-01 
1191.000000 9.239420e-01 
1192.000000 9.238740e-01 
1193.000000 9.238060e-01 
1194.000000 9.237370e-01 
1195.000000 9.236690e-01 
1196.000000 9.236010e-01 
1197.000000 9.235320e-01 
1198.000000 9.234640e-01 
1199.000000 9.233960e-01 
1200.000000 9.233270e-01 
1201.000000 9.232590e-01 
1202.000000 9.231900e-01 
1203.000000 9.231220e-01 
1204.000000 9.230540e-01 
1205.000000 9.229850e-01 
1206.000000 9.229170e-01 
1207.000000 9.228480e-01 
1208.000000 9.227800e-01 
1209.000000 9.227120e-01 
1210.000000 9.226430e-01 
1211.000000 9.225750e-01 
1212.000000 9.225060e-01 
1213.000000 9.224380e-01 
1214.000000 9.223690e-01 
1215.000000 9.223010e-01 
1216.000000 9.222320e-01 
1217.000000 9.221640e-01 
1218.000000 9.220950e-01 
1219.000000 9.220270e-01 
1220.000000 9.219580e-01 
1221.000000 9.218900e-01 
1222.000000 9.218210e-01 
1223.000000 9.217530e-01 
1224.000000 9.216840e-01 
1225.000000 9.216160e-01 
1226.000000 9.215470e-01 
1227.000000 9.214790e-01 
1228.000000 9.214100e-01 
1229.000000 9.213410e-01 
1230.000000 9.212730e-01 
1231.000000 9.212040e-01 
1232.000000 9.211360e-01 
1233.000000 9.210670e-01 
1234.000000 9.209980e-01 
1235.000000 9.209300e-01 
1236.000000 9.208610e-01 
1237.000000 9.207930e-01 
1238.000000 9.207240e-01 
1239.000000 9.206550e-01 
1240.000000 9.205870e-01 
1241.000000 9.205180e-01 
1242.000000 9.204490e-01 
1243.000000 9.203810e-01 
1244.000000 9.203120e-01 
1245.000000 9.202430e-01 
1246.000000 9.201750e-01 
1247.000000 9.201060e-01 
1248.000000 9.200370e-01 
1249.000000 9.199690e-01 
1250.000000 9.199000e-01 
1251.000000 9.198310e-01 
1252.000000 9.197620e-01 
1253.000000 9.196940e-01 
1254.000000 9.196250e-01 
1255.000000 9.195560e-01 
1256.000000 9.194870e-01 
1257.000000 9.194190e-01 
1258.000000 9.193500e-01 
1259.000000 9.192810e-01 
1260.000000 9.192120e-01 
1261.000000 9.191430e-01 
1262.000000 9.190750e-01 
1263.000000 9.190060e-01 
1264.000000 9.189370e-01 
1265.000000 9.188680e-01 
1266.000000 9.187990e-01 
1267.000000 9.187310e-01 
1268.000000 9.186620e-01 
1269.000000 9.185930e-01 
1270.000000 9.185240e-01 
1271.000000 9.184550e-01 
1272.000000 9.183860e-01 
1273.000000 9.183170e-01 
1274.000000 9.182490e-01 
1275.000000 9.181800e-01 
1276.000000 9.181110e-01 
1277.000000 9.180420e-01 
1278.000000 9.179730e-01 
1279.000000 9.179040e-01 
1280.000000 9.178350e-01 
1281.000000 9.177660e-01 
1282.000000 9.176970e-01 
1283.000000 9.176280e-01 
1284.000000 9.175590e-01 
1285.000000 9.174900e-01 
1286.000000 9.174210e-01 
1287.000000 9.173520e-01 
1288.000000 9.172830e-01 
1289.000000 9.172140e-01 
1290.000000 9.171450e-01 
1291.000000 9.170760e-01 
1292.000000 9.170070e-01 
1293.000000 9.169380e-01 
1294.000000 9.168690e-01 
1295.000000 9.168000e-01 
1296.000000 9.167310e-01 
1297.000000 9.166620e-01 
1298.000000 9.165930e-01 
1299.000000 9.165240e-01 
1300.000000 9.164550e-01 
1301.000000 9.163860e-01 
1302.000000 9.163170e-01 
1303.000000 9.162480e-01 
1304.000000 9.161790e-01 
1305.000000 9.161100e-01 
1306.000000 9.160410e-01 
1307.000000 9.159720e-01 
1308.000000 9.159020e-01 
1309.000000 9.158330e-01 
1310.000000 9.157640e-01 
1311.000000 9.156950e-01 
1312.000000 9.156260e-01 
1313.000000 9.155570e-01 
1314.000000 9.154880e-01 
1315.000000 9.154180e-01 
1316.000000 9.153490e-01 
1317.000000 9.152800e-01 
1318.000000 9.152110e-01 
1319.000000 9.151420e-01 
1320.000000 9.150720e-01 
1321.000000 9.150030e-01 
1322.000000 9.149340e-01 
1323.000000 9.148650e-01 
1324.000000 9.147960e-01 
1325.000000 9.147260e-01 
1326.000000 9.146570e-01 
1327.000000 9.145880e-01 
1328.000000 9.145190e-01 
1329.000000 9.144490e-01 
1330.000000 9.143800e-01 
1331.000000 9.143110e-01 
1332.000000 9.142420e-01 
1333.000000 9.141720e-01 
1334.000000 9.141030e-01 
1335.000000 9.140340e-01 
1336.000000 9.139640e-01 
1337.000000 9.138950e-01 
1338.000000 9.138260e-01 
1339.000000 9.137560e-01 
1340.000000 9.136870e-01 
1341.000000 9.136180e-01 
1342.000000 9.135480e-01 
1343.000000 9.134790e-01 
1344.000000 9.134100e-01 
1345.000000 9.133400e-01 
1346.000000 9.132710e-01 
1347.000000 9.132010e-01 
1348.000000 9.131320e-01 
1349.000000 9.130630e-01 
1350.000000 9.129930e-01 
1351.000000 9.129240e-01 
1352.000000 9.128540e-01 
1353.000000 9.127850e-01 
1354.000000 9.127160e-01 
1355.000000 9.126460e-01 
1356.000000 9.125770e-01 
1357.000000 9.125070e-01 
1358.000000 9.124380e-01 
1359.000000 9.123680e-01 
1360.000000 9.122990e-01 
1361.000000 9.122290e-01 
1362.000000 9.121600e-01 
1363.000000 9.120900e-01 
1364.000000 9.120210e-01 
1365.000000 9.119510e-01 
1366.000000 9.118820e-01 
1367.000000 9.118120e-01 
1368.000000 9.117430e-01 
1369.000000 9.116730e-01 
1370.000000 9.116040e-01 
1371.000000 9.115340e-01 
1372.000000 9.114650e-01 
1373.000000 9.113950e-01 
1374.000000 9.113250e-01 
1375.000000 9.112560e-01 
1376.000000 9.111860e-01 
1377.000000 9.111170e-01 
1378.000000 9.110470e-01 
1379.000000 9.109780e-01 
1380.000000 9.109080e-01 
1381.000000 9.108380e-01 
1382.000000 9.107690e-01 
1383.000000 9.106990e-01 
1384.000000 9.106290e-01 
1385.000000 9.105600e-01 
1386.000000 9.104900e-01 
1387.000000 9.104200e-01 
1388.000000 9.103510e-01 
1389.000000 9.102810e-01 
1390.000000 9.102110e-01 
1391.000000 9.101420e-01 
1392.000000 9.100720e-01 
1393.000000 9.100020e-01 
1394.000000 9.099330e-01 
1395.000000 9.098630e-01 
1396.000000 9.097930e-01 
1397.000000 9.097240e-01 
1398.000000 9.096540e-01 
1399.000000 9.095840e-01 
1400.000000 9.095140e-01 
1401.000000 9.094450e-01 
1402.000000 9.093750e-01 
1403.000000 9.093050e-01 
1404.000000 9.092350e-01 
1405.000000 9.091660e-01 
1406.000000 9.090960e-01 
1407.000000 9.090260e-01 
1408.000000 9.089560e-01 
1409.000000 9.088860e-01 
1410.000000 9.088170e-01 
1411.000000 9.087470e-01 
1412.000000 9.086770e-01 
1413.000000 9.086070e-01 
1414.000000 9.085370e-01 
1415.000000 9.084670e-01 
1416.000000 9.083980e-01 
1417.000000 9.083280e-01 
1418.000000 9.082580e-01 
1419.000000 9.081880e-01 
1420.000000 9.081180e-01 
1421.000000 9.080480e-01 
1422.000000 9.079780e-01 
1423.000000 9.079080e-01 
1424.000000 9.078380e-01 
1425.000000 9.077690e-01 
1426.000000 9.076990e-01 
1427.000000 9.076290e-01 
1428.000000 9.075590e-01 
1429.000000 9.074890e-01 
1430.000000 9.074190e-01 
1431.000000 9.073490e-01 
1432.000000 9.072790e-01 
1433.000000 9.072090e-01 
1434.000000 9.071390e-01 
1435.000000 9.070690e-01 
1436.000000 9.069990e-01 
1437.000000 9.069290e-01 
1438.000000 9.068590e-01 
1439.000000 9.067890e-01 
1440.000000 9.067190e-01 
1441.000000 9.066490e-01 
1442.000000 9.065790e-01 
1443.000000 9.065090e-01 
1444.000000 9.064390e-01 
1445.000000 9.063690e-01 
1446.000000 9.062990e-01 
1447.000000 9.062290e-01 
1448.000000 9.061590e-01 
1449.000000 9.060890e-01 
1450.000000 9.060190e-01 
1451.000000 9.059480e-01 
1452.000000 9.058780e-01 
1453.000000 9.058080e-01 
1454.000000 9.057380e-01 
1455.000000 9.056680e-01 
1456.000000 9.055980e-01 
1457.000000 9.055280e-01 
1458.000000 9.054580e-01 
1459.000000 9.053880e-01 
1460.000000 9.053170e-01 
1461.000000 9.052470e-01 
1462.000000 9.051770e-01 
1463.000000 9.051070e-01 
1464.000000 9.050370e-01 
1465.000000 9.049670e-01 
1466.000000 9.048960e-01 
1467.000000 9.048260e-01 
1468.000000 9.047560e-01 
1469.000000 9.046860e-01 
1470.000000 9.046160e-01 
1471.000000 9.045450e-01 
1472.000000 9.044750e-01 
1473.000000 9.044050e-01 
1474.000000 9.043350e-01 
1475.000000 9.042640e-01 
1476.000000 9.041940e-01 
1477.000000 9.041240e-01 
1478.000000 9.040540e-01 
1479.000000 9.039830e-01 
1480.000000 9.039130e-01 
1481.000000 9.038430e-01 
1482.000000 9.037730e-01 
1483.000000 9.037020e-01 
1484.000000 9.036320e-01 
1485.000000 9.035620e-01 
1486.000000 9.034910e-01 
1487.000000 9.034210e-01 
1488.000000 9.033510e-01 
1489.000000 9.032800e-01 
1490.000000 9.032100e-01 
1491.000000 9.031400e-01 
1492.000000 9.030690e-01 
1493.000000 9.029990e-01 
1494.000000 9.029290e-01 
1495.000000 9.028580e-01 
1496.000000 9.027880e-01 
1497.000000 9.027170e-01 
1498.000000 9.026470e-01 
1499.000000 9.025770e-01 
1500.000000 9.025060e-01 
1501.000000 9.024360e-01 
1502.000000 9.023650e-01 
1503.000000 9.022950e-01 
1504.000000 9.022240e-01 
1505.000000 9.021540e-01 
1506.000000 9.020840e-01 
1507.000000 9.020130e-01 
1508.000000 9.019430e-01 
1509.000000 9.018720e-01 
1510.000000 9.018020e-01 
1511.000000 9.017310e-01 
1512.000000 9.016610e-01 
1513.000000 9.015900e-01 
1514.000000 9.015200e-01 
1515.000000 9.014490e-01 
1516.000000 9.013790e-01 
1517.000000 9.013080e-01 
1518.000000 9.012380e-01 
1519.000000 9.011670e-01 
1520.000000 9.010970e-01 
1521.000000 9.010260e-01 
1522.000000 9.009560e-01 
1523.000000 9.008850e-01 
1524.000000 9.008140e-01 
1525.000000 9.007440e-01 
1526.000000 9.006730e-01 
1527.000000 9.006030e-01 
1528.000000 9.005320e-01 
1529.000000 9.004610e-01 
1530.000000 9.003910e-01 
1531.000000 9.003200e-01 
1532.000000 9.002500e-01 
1533.000000 9.001790e-01 
1534.000000 9.001080e-01 
1535.000000 9.000380e-01 
1536.000000 8.999670e-01 
1537.000000 8.998960e-01 
1538.000000 8.998260e-01 
1539.000000 8.997550e-01 
1540.000000 8.996840e-01 
1541.000000 8.996140e-01 
1542.000000 8.995430e-01 
1543.000000 8.994720e-01 
1544.000000 8.994020e-01 
1545.000000 8.993310e-01 
1546.000000 8.992600e-01 
1547.000000 8.991900e-01 
1548.000000 8.991190e-01 
1549.000000 8.990480e-01 
1550.000000 8.989770e-01 
1551.000000 8.989070e-01 
1552.000000 8.988360e-01 
1553.000000 8.987650e-01 
1554.000000 8.986940e-01 
1555.000000 8.986240e-01 
1556.000000 8.985530e-01 
1557.000000 8.984820e-01 
1558.000000 8.984110e-01 
1559.000000 8.983400e-01 
1560.000000 8.982700e-01 
1561.000000 8.981990e-01 
1562.000000 8.981280e-01 
1563.000000 8.980570e-01 
1564.000000 8.979860e-01 
1565.000000 8.979160e-01 
1566.000000 8.978450e-01 
1567.000000 8.977740e-01 
1568.000000 8.977030e-01 
1569.000000 8.976320e-01 
1570.000000 8.975610e-01 
1571.000000 8.974900e-01 
1572.000000 8.974200e-01 
1573.000000 8.973490e-01 
1574.000000 8.972780e-01 
1575.000000 8.972070e-01 
1576.000000 8.971360e-01 
1577.000000 8.970650e-01 
1578.000000 8.969940e-01 
1579.000000 8.969230e-01 
1580.000000 8.968520e-01 
1581.000000 8.967810e-01 
1582.000000 8.967100e-01 
1583.000000 8.966390e-01 
1584.000000 8.965680e-01 
1585.000000 8.964970e-01 
1586.000000 8.964270e-01 
1587.000000 8.963560e-01 
1588.000000 8.962850e-01 
1589.000000 8.962140e-01 
1590.000000 8.961430e-01 
1591.000000 8.960720e-01 
1592.000000 8.960010e-01 
1593.000000 8.959300e-01 
1594.000000 8.958590e-01 
1595.000000 8.957880e-01 
1596.000000 8.957160e-01 
1597.000000 8.956450e-01 
1598.000000 8.955740e-01 
1599.000000 8.955030e-01 
1600.000000 8.954320e-01 
1601.000000 8.953610e-01 
1602.000000 8.952900e-01 
1603.000000 8.952190e-01 
1604.000000 8.951480e-01 
1605.000000 8.950770e-01 
1606.000000 8.950060e-01 
1607.000000 8.949350e-01 
1608.000000 8.948640e-01 
1609.000000 8.947920e-01 
1610.000000 8.947210e-01 
1611.000000 8.946500e-01 
1612.000000 8.945790e-01 
1613.000000 8.945080e-01 
1614.000000 8.944370e-01 
1615.000000 8.943660e-01 
1616.000000 8.942940e-01 
1617.000000 8.942230e-01 
1618.000000 8.941520e-01 
1619.000000 8.940810e-01 
1620.000000 8.940100e-01 
1621.000000 8.939390e-01 
1622.000000 8.938670e-01 
1623.000000 8.937960e-01 
1624.000000 8.937250e-01 
1625.000000 8.936540e-01 
1626.000000 8.935820e-01 
1627.000000 8.935110e-01 
1628.000000 8.934400e-01 
1629.000000 8.933690e-01 
1630.000000 8.932980e-01 
1631.000000 8.932260e-01 
1632.000000 8.931550e-01 
1633.000000 8.930840e-01 
1634.000000 8.930120e-01 
1635.000000 8.929410e-01 
1636.000000 8.928700e-01 
1637.000000 8.927990e-01 
1638.000000 8.927270e-01 
1639.000000 8.926560e-01 
1640.000000 8.925850e-01 
1641.000000 8.925130e-01 
1642.000000 8.924420e-01 
1643.000000 8.923710e-01 
1644.000000 8.922990e-01 
1645.000000 8.922280e-01 
1646.000000 8.921570e-01 
1647.000000 8.920850e-01 
1648.000000 8.920140e-01 
1649.000000 8.919430e-01 
1650.000000 8.918710e-01 
1651.000000 8.918000e-01 
1652.000000 8.917280e-01 
1653.000000 8.916570e-01 
1654.000000 8.915860e-01 
1655.000000 8.915140e-01 
1656.000000 8.914430e-01 
1657.000000 8.913710e-01 
1658.000000 8.913000e-01 
1659.000000 8.912280e-01 
1660.000000 8.911570e-01 
1661.000000 8.910860e-01 
1662.000000 8.910140e-01 
1663.000000 8.909430e-01 
1664.000000 8.908710e-01 
1665.000000 8.908000e-01 
1666.000000 8.907280e-01 
1667.000000 8.906570e-01 
1668.000000 8.905850e-01 
1669.000000 8.905140e-01 
1670.000000 8.904420e-01 
1671.000000 8.903710e-01 
1672.000000 8.902990e-01 
1673.000000 8.902280e-01 
1674.000000 8.901560e-01 
1675.000000 8.900850e-01 
1676.000000 8.900130e-01 
1677.000000 8.899420e-01 
1678.000000 8.898700e-01 
1679.000000 8.897980e-01 
1680.000000 8.897270e-01 
1681.000000 8.896550e-01 
1682.000000 8.895840e-01 
1683.000000 8.895120e-01 
1684.000000 8.894410e-01 
1685.000000 8.893690e-01 
1686.000000 8.892970e-01 
1687.000000 8.892260e-01 
1688.000000 8.891540e-01 
1689.000000 8.890830e-01 
1690.000000 8.890110e-01 
1691.000000 8.889390e-01 
1692.000000 8.888680e-01 
1693.000000 8.887960e-01 
1694.000000 8.887240e-01 
1695.000000 8.886530e-01 
1696.000000 8.885810e-01 
1697.000000 8.885090e-01 
1698.000000 8.884380e-01 
1699.000000 8.883660e-01 
1700.000000 8.882940e-01 
1701.000000 8.882230e-01 
1702.000000 8.881510e-01 
1703.000000 8.880790e-01 
1704.000000 8.880070e-01 
1705.000000 8.879360e-01 
1706.000000 8.878640e-01 
1707.000000 8.877920e-01 
1708.000000 8.877200e-01 
1709.000000 8.876490e-01 
1710.000000 8.875770e-01 
1711.000000 8.875050e-01 
1712.000000 8.874330e-01 
1713.000000 8.873620e-01 
1714.000000 8.872900e-01 
1715.000000 8.872180e-01 
1716.000000 8.871460e-01 
1717.000000 8.870750e-01 
1718.000000 8.870030e-01 
1719.000000 8.869310e-01 
1720.000000 8.868590e-01 
1721.000000 8.867870e-01 
1722.000000 8.867150e-01 
1723.000000 8.866440e-01 
1724.000000 8.865720e-01 
1725.000000 8.865000e-01 
1726.000000 8.864280e-01 
1727.000000 8.863560e-01 
1728.000000 8.862840e-01 
1729.000000 8.862120e-01 
1730.000000 8.861410e-01 
1731.000000 8.860690e-01 
1732.000000 8.859970e-01 
1733.000000 8.859250e-01 
1734.000000 8.858530e-01 
1735.000000 8.857810e-01 
1736.000000 8.857090e-01 
1737.000000 8.856370e-01 
1738.000000 8.855650e-01 
1739.000000 8.854930e-01 
1740.000000 8.854210e-01 
1741.000000 8.853500e-01 
1742.000000 8.852780e-01 
1743.000000 8.852060e-01 
1744.000000 8.851340e-01 
1745.000000 8.850620e-01 
1746.000000 8.849900e-01 
1747.000000 8.849180e-01 
1748.000000 8.848460e-01 
1749.000000 8.847740e-01 
1750.000000 8.847020e-01 
1751.000000 8.846300e-01 
1752.000000 8.845580e-01 
1753.000000 8.844860e-01 
1754.000000 8.844140e-01 
1755.000000 8.843420e-01 
1756.000000 8.842700e-01 
1757.000000 8.841980e-01 
1758.000000 8.841250e-01 
1759.000000 8.840530e-01 
1760.000000 8.839810e-01 
1761.000000 8.839090e-01 
1762.000000 8.838370e-01 
1763.000000 8.837650e-01 
1764.000000 8.836930e-01 
1765.000000 8.836210e-01 
1766.000000 8.835490e-01 
1767.000000 8.834770e-01 
1768.000000 8.834050e-01 
1769.000000 8.833330e-01 
1770.000000 8.832600e-01 
1771.000000 8.831880e-01 
1772.000000 8.831160e-01 
1773.000000 8.830440e-01 
1774.000000 8.829720e-01 
1775.000000 8.829000e-01 
1776.000000 8.828280e-01 
1777.000000 8.827550e-01 
1778.000000 8.826830e-01 
1779.000000 8.826110e-01 
1780.000000 8.825390e-01 
1781.000000 8.824670e-01 
1782.000000 8.823940e-01 
1783.000000 8.823220e-01 
1784.000000 8.822500e-01 
1785.000000 8.821780e-01 
1786.000000 8.821060e-01 
1787.000000 8.820330e-01 
1788.000000 8.819610e-01 
1789.000000 8.818890e-01 
1790.000000 8.818170e-01 
1791.000000 8.817440e-01 
1792.000000 8.816720e-01 
1793.000000 8.816000e-01 
1794.000000 8.815280e-01 
1795.000000 8.814550e-01 
1796.000000 8.813830e-01 
1797.000000 8.813110e-01 
1798.000000 8.812380e-01 
1799.000000 8.811660e-01 
1800.000000 8.810940e-01 
1801.000000 8.810210e-01 
1802.000000 8.809490e-01 
1803.000000 8.808770e-01 
1804.000000 8.808050e-01 
1805.000000 8.807320e-01 
1806.000000 8.806600e-01 
1807.000000 8.805870e-01 
1808.000000 8.805150e-01 
1809.000000 8.804430e-01 
1810.000000 8.803700e-01 
1811.000000 8.802980e-01 
1812.000000 8.802260e-01 
1813.000000 8.801530e-01 
1814.000000 8.800810e-01 
1815.000000 8.800080e-01 
1816.000000 8.799360e-01 
1817.000000 8.798640e-01 
1818.000000 8.797910e-01 
1819.000000 8.797190e-01 
1820.000000 8.796460e-01 
1821.000000 8.795740e-01 
1822.000000 8.795020e-01 
1823.000000 8.794290e-01 
1824.000000 8.793570e-01 
1825.000000 8.792840e-01 
1826.000000 8.792120e-01 
1827.000000 8.791390e-01 
1828.000000 8.790670e-01 
1829.000000 8.789940e-01 
1830.000000 8.789220e-01 
1831.000000 8.788490e-01 
1832.000000 8.787770e-01 
1833.000000 8.787040e-01 
1834.000000 8.786320e-01 
1835.000000 8.785590e-01 
1836.000000 8.784870e-01 
1837.000000 8.784140e-01 
1838.000000 8.783420e-01 
1839.000000 8.782690e-01 
1840.000000 8.781970e-01 
1841.000000 8.781240e-01 
1842.000000 8.780510e-01 
1843.000000 8.779790e-01 
1844.000000 8.779060e-01 
1845.000000 8.778340e-01 
1846.000000 8.777610e-01 
1847.000000 8.776890e-01 
1848.000000 8.776160e-01 
1849.000000 8.775430e-01 
1850.000000 8.774710e-01 
1851.000000 8.773980e-01 
1852.000000 8.773250e-01 
1853.000000 8.772530e-01 
1854.000000 8.771800e-01 
1855.000000 8.771080e-01 
1856.000000 8.770350e-01 
1857.000000 8.769620e-01 
1858.000000 8.768900e-01 
1859.000000 8.768170e-01 
1860.000000 8.767440e-01 
1861.000000 8.766720e-01 
1862.000000 8.765990e-01 
1863.000000 8.765260e-01 
1864.000000 8.764540e-01 
1865.000000 8.763810e-01 
1866.000000 8.763080e-01 
1867.000000 8.762350e-01 
1868.000000 8.761630e-01 
1869.000000 8.760900e-01 
1870.000000 8.760170e-01 
1871.000000 8.759450e-01 
1872.000000 8.758720e-01 
1873.000000 8.757990e-01 
1874.000000 8.757260e-01 
1875.000000 8.756540e-01 
1876.000000 8.755810e-01 
1877.000000 8.755080e-01 
1878.000000 8.754350e-01 
1879.000000 8.753620e-01 
1880.000000 8.752900e-01 
1881.000000 8.752170e-01 
1882.000000 8.751440e-01 
1883.000000 8.750710e-01 
1884.000000 8.749990e-01 
1885.000000 8.749260e-01 
1886.000000 8.748530e-01 
1887.000000 8.747800e-01 
1888.000000 8.747070e-01 
1889.000000 8.746340e-01 
1890.000000 8.745620e-01 
1891.000000 8.744890e-01 
1892.000000 8.744160e-01 
1893.000000 8.743430e-01 
1894.000000 8.742700e-01 
1895.000000 8.741970e-01 
1896.000000 8.741240e-01 
1897.000000 8.740510e-01 
1898.000000 8.739790e-01 
1899.000000 8.739060e-01 
1900.000000 8.738330e-01 
1901.000000 8.737600e-01 
1902.000000 8.736870e-01 
1903.000000 8.736140e-01 
1904.000000 8.735410e-01 
1905.000000 8.734680e-01 
1906.000000 8.733950e-01 
1907.000000 8.733220e-01 
1908.000000 8.732490e-01 
1909.000000 8.731760e-01 
1910.000000 8.731030e-01 
1911.000000 8.730300e-01 
1912.000000 8.729570e-01 
1913.000000 8.728840e-01 
1914.000000 8.728110e-01 
1915.000000 8.727380e-01 
1916.000000 8.726650e-01 
1917.000000 8.725920e-01 
1918.000000 8.725190e-01 
1919.000000 8.724460e-01 
1920.000000 8.723730e-01 
1921.000000 8.723000e-01 
1922.000000 8.722270e-01 
1923.000000 8.721540e-01 
1924.000000 8.720810e-01 
1925.000000 8.720080e-01 
1926.000000 8.719350e-01 
1927.000000 8.718620e-01 
1928.000000 8.717890e-01 
1929.000000 8.717160e-01 
1930.000000 8.716430e-01 
1931.000000 8.715700e-01 
1932.000000 8.714970e-01 
1933.000000 8.714240e-01 
1934.000000 8.713500e-01 
1935.000000 8.712770e-01 
1936.000000 8.712040e-01 
1937.000000 8.711310e-01 
1938.000000 8.710580e-01 
1939.000000 8.709850e-01 
1940.000000 8.709120e-01 
1941.000000 8.708390e-01 
1942.000000 8.707650e-01 
1943.000000 8.706920e-01 
1944.000000 8.706190e-01 
1945.000000 8.705460e-01 
1946.000000 8.704730e-01 
1947.000000 8.704000e-01 
1948.000000 8.703260e-01 
1949.000000 8.702530e-01 
1950.000000 8.701800e-01 
1951.000000 8.701070e-01 
1952.000000 8.700340e-01 
1953.000000 8.699600e-01 
1954.000000 8.698870e-01 
1955.000000 8.698140e-01 
1956.000000 8.697410e-01 
1957.000000 8.696680e-01 
1958.000000 8.695940e-01 
1959.000000 8.695210e-01 
1960.000000 8.694480e-01 
1961.000000 8.693750e-01 
1962.000000 8.693010e-01 
1963.000000 8.692280e-01 
1964.000000 8.691550e-01 
1965.000000 8.690810e-01 
1966.000000 8.690080e-01 
1967.000000 8.689350e-01 
1968.000000 8.688620e-01 
1969.000000 8.687880e-01 
1970.000000 8.687150e-01 
1971.000000 8.686420e-01 
1972.000000 8.685680e-01 
1973.000000 8.684950e-01 
1974.000000 8.684220e-01 
1975.000000 8.683480e-01 
1976.000000 8.682750e-01 
1977.000000 8.682020e-01 
1978.000000 8.681280e-01 
1979.000000 8.680550e-01 
1980.000000 8.679810e-01 
1981.000000 8.679080e-01 
1982.000000 8.678350e-01 
1983.000000 8.677610e-01 
1984.000000 8.676880e-01 
1985.000000 8.676150e-01 
1986.000000 8.675410e-01 
1987.000000 8.674680e-01 
1988.000000 8.673940e-01 
1989.000000 8.673210e-01 
1990.000000 8.672470e-01 
1991.000000 8.671740e-01 
1992.000000 8.671010e-01 
1993.000000 8.670270e-01 
1994.000000 8.669540e-01 
1995.000000 8.668800e-01 
1996.000000 8.668070e-01 
1997.000000 8.667330e-01 
1998.000000 8.666600e-01 
1999.000000 8.665860e-01 
2000.000000 8.665130e-01 
2001.000000 8.664390e-01 
2002.000000 8.663660e-01 
2003.000000 8.662920e-01 
2004.000000 8.662190e-01 
2005.000000 8.661450e-01 
2006.000000 8.660720e-01 
2007.000000 8.659980e-01 
2008.000000 8.659250e-01 
2009.000000 8.658510e-01 
2010.000000 8.657780e-01 
2011.000000 8.657040e-01 
2012.000000 8.656310e-01 
2013.000000 8.655570e-01 
2014.000000 8.654840e-01 
2015.000000 8.654100e-01 
2016.000000 8.653360e-01 
2017.000000 8.652630e-01 
2018.000000 8.651890e-01 
2019.000000 8.651160e-01 
2020.000000 8.650420e-01 
2021.000000 8.649680e-01 
2022.000000 8.648950e-01 
2023.000000 8.648210e-01 
2024.000000 8.647480e-01 
2025.000000 8.646740e-01 
2026.000000 8.646000e-01 
2027.000000 8.645270e-01 
2028.000000 8.644530e-01 
2029.000000 8.643790e-01 
2030.000000 8.643060e-01 
2031.000000 8.642320e-01 
2032.000000 8.641580e-01 
2033.000000 8.640850e-01 
2034.000000 8.640110e-01 
2035.000000 8.639370e-01 
2036.000000 8.638640e-01 
2037.000000 8.637900e-01 
2038.000000 8.637160e-01 
2039.000000 8.636430e-01 
2040.000000 8.635690e-01 
2041.000000 8.634950e-01 
2042.000000 8.634220e-01 
2043.000000 8.633480e-01 
2044.000000 8.632740e-01 
2045.000000 8.632000e-01 
2046.000000 8.631270e-01 
2047.000000 8.630530e-01 
2048.000000 8.629790e-01 
2049.000000 8.629050e-01 
2050.000000 8.628320e-01 
2051.000000 8.627580e-01 
2052.000000 8.626840e-01 
2053.000000 8.626100e-01 
2054.000000 8.625360e-01 
2055.000000 8.624630e-01 
2056.000000 8.623890e-01 
2057.000000 8.623150e-01 
2058.000000 8.622410e-01 
2059.000000 8.621670e-01 
2060.000000 8.620940e-01 
2061.000000 8.620200e-01 
2062.000000 8.619460e-01 
2063.000000 8.618720e-01 
2064.000000 8.617980e-01 
2065.000000 8.617240e-01 
2066.000000 8.616510e-01 
2067.000000 8.615770e-01 
2068.000000 8.615030e-01 
2069.000000 8.614290e-01 
2070.000000 8.613550e-01 
2071.000000 8.612810e-01 
2072.000000 8.612070e-01 
2073.000000 8.611330e-01 
2074.000000 8.610600e-01 
2075.000000 8.609860e-01 
2076.000000 8.609120e-01 
2077.000000 8.608380e-01 
2078.000000 8.607640e-01 
2079.000000 8.606900e-01 
2080.000000 8.606160e-01 
2081.000000 8.605420e-01 
2082.000000 8.604680e-01 
2083.000000 8.603940e-01 
2084.000000 8.603200e-01 
2085.000000 8.602460e-01 
2086.000000 8.601720e-01 
2087.000000 8.600980e-01 
2088.000000 8.600240e-01 
2089.000000 8.599500e-01 
2090.000000 8.598760e-01 
2091.000000 8.598020e-01 
2092.000000 8.597280e-01 
2093.000000 8.596540e-01 
2094.000000 8.595800e-01 
2095.000000 8.595060e-01 
2096.000000 8.594320e-01 
2097.000000 8.593580e-01 
2098.000000 8.592840e-01 
2099.000000 8.592100e-01 
2100.000000 8.591360e-01 
2101.000000 8.590620e-01 
2102.000000 8.589880e-01 
2103.000000 8.589140e-01 
2104.000000 8.588400e-01 
2105.000000 8.587660e-01 
2106.000000 8.586920e-01 
2107.000000 8.586180e-01 
2108.000000 8.585440e-01 
2109.000000 8.584700e-01 
2110.000000 8.583960e-01 
2111.000000 8.583210e-01 
2112.000000 8.582470e-01 
2113.000000 8.581730e-01 
2114.000000 8.580990e-01 
2115.000000 8.580250e-01 
2116.000000 8.579510e-01 
2117.000000 8.578770e-01 
2118.000000 8.578030e-01 
2119.000000 8.577280e-01 
2120.000000 8.576540e-01 
2121.000000 8.575800e-01 
2122.000000 8.575060e-01 
2123.000000 8.574320e-01 
2124.000000 8.573580e-01 
2125.000000 8.572830e-01 
2126.000000 8.572090e-01 
2127.000000 8.571350e-01 
2128.000000 8.570610e-01 
2129.000000 8.569870e-01 
2130.000000 8.569120e-01 
2131.000000 8.568380e-01 
2132.000000 8.567640e-01 
2133.000000 8.566900e-01 
2134.000000 8.566160e-01 
2135.000000 8.565410e-01 
2136.000000 8.564670e-01 
2137.000000 8.563930e-01 
2138.000000 8.563190e-01 
2139.000000 8.562440e-01 
2140.000000 8.561700e-01 
2141.000000 8.560960e-01 
2142.000000 8.560220e-01 
2143.000000 8.559470e-01 
2144.000000 8.558730e-01 
2145.000000 8.557990e-01 
2146.000000 8.557240e-01 
2147.000000 8.556500e-01 
2148.000000 8.555760e-01 
2149.000000 8.555020e-01 
2150.000000 8.554270e-01 
2151.000000 8.553530e-01 
2152.000000 8.552790e-01 
2153.000000 8.552040e-01 
2154.000000 8.551300e-01 
2155.000000 8.550560e-01 
2156.000000 8.549810e-01 
2157.000000 8.549070e-01 
2158.000000 8.548330e-01 
2159.000000 8.547580e-01 
2160.000000 8.546840e-01 
2161.000000 8.546090e-01 
2162.000000 8.545350e-01 
2163.000000 8.544610e-01 
2164.000000 8.543860e-01 
2165.000000 8.543120e-01 
2166.000000 8.542380e-01 
2167.000000 8.541630e-01 
2168.000000 8.540890e-01 
2169.000000 8.540140e-01 
2170.000000 8.539400e-01 
2171.000000 8.538650e-01 
2172.000000 8.537910e-01 
2173.000000 8.537170e-01 
2174.000000 8.536420e-01 
2175.000000 8.535680e-01 
2176.000000 8.534930e-01 
2177.000000 8.534190e-01 
2178.000000 8.533440e-01 
2179.000000 8.532700e-01 
2180.000000 8.531950e-01 
2181.000000 8.531210e-01 
2182.000000 8.530460e-01 
2183.000000 8.529720e-01 
2184.000000 8.528970e-01 
2185.000000 8.528230e-01 
2186.000000 8.527480e-01 
2187.000000 8.526740e-01 
2188.000000 8.525990e-01 
2189.000000 8.525250e-01 
2190.000000 8.524500e-01 
2191.000000 8.523760e-01 
2192.000000 8.523010e-01 
2193.000000 8.522270e-01 
2194.000000 8.521520e-01 
2195.000000 8.520780e-01 
2196.000000 8.520030e-01 
2197.000000 8.519290e-01 
2198.000000 8.518540e-01 
2199.000000 8.517790e-01 
2200.000000 8.517050e-01 
2201.000000 8.516300e-01 
2202.000000 8.515560e-01 
2203.000000 8.514810e-01 
2204.000000 8.514060e-01 
2205.000000 8.513320e-01 
2206.000000 8.512570e-01 
2207.000000 8.511830e-01 
2208.000000 8.511080e-01 
2209.000000 8.510330e-01 
2210.000000 8.509590e-01 
2211.000000 8.508840e-01 
2212.000000 8.508090e-01 
2213.000000 8.507350e-01 
2214.000000 8.506600e-01 
2215.000000 8.505850e-01 
2216.000000 8.505110e-01 
2217.000000 8.504360e-01 
2218.000000 8.503610e-01 
2219.000000 8.502870e-01 
2220.000000 8.502120e-01 
2221.000000 8.501370e-01 
2222.000000 8.500630e-01 
2223.000000 8.499880e-01 
2224.000000 8.499130e-01 
2225.000000 8.498390e-01 
2226.000000 8.497640e-01 
2227.000000 8.496890e-01 
2228.000000 8.496140e-01 
2229.000000 8.495400e-01 
2230.000000 8.494650e-01 
2231.000000 8.493900e-01 
2232.000000 8.493150e-01 
2233.000000 8.492410e-01 
2234.000000 8.491660e-01 
2235.000000 8.490910e-01 
2236.000000 8.490160e-01 
2237.000000 8.489420e-01 
2238.000000 8.488670e-01 
2239.000000 8.487920e-01 
2240.000000 8.487170e-01 
2241.000000 8.486430e-01 
2242.000000 8.485680e-01 
2243.000000 8.484930e-01 
2244.000000 8.484180e-01 
2245.000000 8.483430e-01 
2246.000000 8.482680e-01 
2247.000000 8.481940e-01 
2248.000000 8.481190e-01 
2249.000000 8.480440e-01 
2250.000000 8.479690e-01 
2251.000000 8.478940e-01 
2252.000000 8.478190e-01 
2253.000000 8.477450e-01 
2254.000000 8.476700e-01 
2255.000000 8.475950e-01 
2256.000000 8.475200e-01 
2257.000000 8.474450e-01 
2258.000000 8.473700e-01 
2259.000000 8.472950e-01 
2260.000000 8.472200e-01 
2261.000000 8.471460e-01 
2262.000000 8.470710e-01 
2263.000000 8.469960e-01 
2264.000000 8.469210e-01 
2265.000000 8.468460e-01 
2266.000000 8.467710e-01 
2267.000000 8.466960e-01 
2268.000000 8.466210e-01 
2269.000000 8.465460e-01 
2270.000000 8.464710e-01 
2271.000000 8.463960e-01 
2272.000000 8.463210e-01 
2273.000000 8.462460e-01 
2274.000000 8.461710e-01 
2275.000000 8.460960e-01 
2276.000000 8.460210e-01 
2277.000000 8.459460e-01 
2278.000000 8.458710e-01 
2279.000000 8.457960e-01 
2280.000000 8.457220e-01 
2281.000000 8.456470e-01 
2282.000000 8.455710e-01 
2283.000000 8.454960e-01 
2284.000000 8.454210e-01 
2285.000000 8.453460e-01 
2286.000000 8.452710e-01 
2287.000000 8.451960e-01 
2288.000000 8.451210e-01 
2289.000000 8.450460e-01 
2290.000000 8.449710e-01 
2291.000000 8.448960e-01 
2292.000000 8.448210e-01 
2293.000000 8.447460e-01 
2294.000000 8.446710e-01 
2295.000000 8.445960e-01 
2296.000000 8.445210e-01 
2297.000000 8.444460e-01 
2298.000000 8.443710e-01 
2299.000000 8.442960e-01 
2300.000000 8.442210e-01 
2301.000000 8.441450e-01 
2302.000000 8.440700e-01 
2303.000000 8.439950e-01 
2304.000000 8.439200e-01 
2305.000000 8.438450e-01 
2306.000000 8.437700e-01 
2307.000000 8.436950e-01 
2308.000000 8.436200e-01 
2309.000000 8.435440e-01 
2310.000000 8.434690e-01 
2311.000000 8.433940e-01 
2312.000000 8.433190e-01 
2313.000000 8.432440e-01 
2314.000000 8.431690e-01 
2315.000000 8.430930e-01 
2316.000000 8.430180e-01 
2317.000000 8.429430e-01 
2318.000000 8.428680e-01 
2319.000000 8.427930e-01 
2320.000000 8.427180e-01 
2321.000000 8.426420e-01 
2322.000000 8.425670e-01 
2323.000000 8.424920e-01 
2324.000000 8.424170e-01 
2325.000000 8.423410e-01 
2326.000000 8.422660e-01 
2327.000000 8.421910e-01 
2328.000000 8.421160e-01 
2329.000000 8.420410e-01 
2330.000000 8.419650e-01 
2331.000000 8.418900e-01 
2332.000000 8.418150e-01 
2333.000000 8.417390e-01 
2334.000000 8.416640e-01 
2335.000000 8.415890e-01 
2336.000000 8.415140e-01 
2337.000000 8.414380e-01 
2338.000000 8.413630e-01 
2339.000000 8.412880e-01 
2340.000000 8.412130e-01 
2341.000000 8.411370e-01 
2342.000000 8.410620e-01 
2343.000000 8.409870e-01 
2344.000000 8.409110e-01 
2345.000000 8.408360e-01 
2346.000000 8.407610e-01 
2347.000000 8.406850e-01 
2348.000000 8.406100e-01 
2349.000000 8.405350e-01 
2350.000000 8.404590e-01 
2351.000000 8.403840e-01 
2352.000000 8.403090e-01 
2353.000000 8.402330e-01 
2354.000000 8.401580e-01 
2355.000000 8.400820e-01 
2356.000000 8.400070e-01 
2357.000000 8.399320e-01 
2358.000000 8.398560e-01 
2359.000000 8.397810e-01 
2360.000000 8.397060e-01 
2361.000000 8.396300e-01 
2362.000000 8.395550e-01 
2363.000000 8.394790e-01 
2364.000000 8.394040e-01 
2365.000000 8.393280e-01 
2366.000000 8.392530e-01 
2367.000000 8.391780e-01 
2368.000000 8.391020e-01 
2369.000000 8.390270e-01 
2370.000000 8.389510e-01 
2371.000000 8.388760e-01 
2372.000000 8.388000e-01 
2373.000000 8.387250e-01 
2374.000000 8.386490e-01 
2375.000000 8.385740e-01 
2376.000000 8.384980e-01 
2377.000000 8.384230e-01 
2378.000000 8.383480e-01 
2379.000000 8.382720e-01 
2380.000000 8.381970e-01 
2381.000000 8.381210e-01 
2382.000000 8.380460e-01 
2383.000000 8.379700e-01 
2384.000000 8.378940e-01 
2385.000000 8.378190e-01 
2386.000000 8.377430e-01 
2387.000000 8.376680e-01 
2388.000000 8.375920e-01 
2389.000000 8.375170e-01 
2390.000000 8.374410e-01 
2391.000000 8.373660e-01 
2392.000000 8.372900e-01 
2393.000000 8.372150e-01 
2394.000000 8.371390e-01 
2395.000000 8.370630e-01 
2396.000000 8.369880e-01 
2397.000000 8.369120e-01 
2398.000000 8.368370e-01 
2399.000000 8.367610e-01 
2400.000000 8.366860e-01 
2401.000000 8.366100e-01 
2402.000000 8.365340e-01 
2403.000000 8.364590e-01 
2404.000000 8.363830e-01 
2405.000000 8.363080e-01 
2406.000000 8.362320e-01 
2407.000000 8.361560e-01 
2408.000000 8.360810e-01 
2409.000000 8.360050e-01 
2410.000000 8.359290e-01 
2411.000000 8.358540e-01 
2412.000000 8.357780e-01 
2413.000000 8.357020e-01 
2414.000000 8.356270e-01 
2415.000000 8.355510e-01 
2416.000000 8.354750e-01 
2417.000000 8.354000e-01 
2418.000000 8.353240e-01 
2419.000000 8.352480e-01 
2420.000000 8.351730e-01 
2421.000000 8.350970e-01 
2422.000000 8.350210e-01 
2423.000000 8.349460e-01 
2424.000000 8.348700e-01 
2425.000000 8.347940e-01 
2426.000000 8.347180e-01 
2427.000000 8.346430e-01 
2428.000000 8.345670e-01 
2429.000000 8.344910e-01 
2430.000000 8.344160e-01 
2431.000000 8.343400e-01 
2432.000000 8.342640e-01 
2433.000000 8.341880e-01 
2434.000000 8.341130e-01 
2435.000000 8.340370e-01 
2436.000000 8.339610e-01 
2437.000000 8.338850e-01 
2438.000000 8.338090e-01 
2439.000000 8.337340e-01 
2440.000000 8.336580e-01 
2441.000000 8.335820e-01 
2442.000000 8.335060e-01 
2443.000000 8.334300e-01 
2444.000000 8.333550e-01 
2445.000000 8.332790e-01 
2446.000000 8.332030e-01 
2447.000000 8.331270e-01 
2448.000000 8.330510e-01 
2449.000000 8.329760e-01 
2450.000000 8.329000e-01 
2451.000000 8.328240e-01 
2452.000000 8.327480e-01 
2453.000000 8.326720e-01 
2454.000000 8.325960e-01 
2455.000000 8.325210e-01 
2456.000000 8.324450e-01 
2457.000000 8.323690e-01 
2458.000000 8.322930e-01 
2459.000000 8.322170e-01 
2460.000000 8.321410e-01 
2461.000000 8.320650e-01 
2462.000000 8.319890e-01 
2463.000000 8.319130e-01 
2464.000000 8.318380e-01 
2465.000000 8.317620e-01 
2466.000000 8.316860e-01 
2467.000000 8.316100e-01 
2468.000000 8.315340e-01 
2469.000000 8.314580e-01 
2470.000000 8.313820e-01 
2471.000000 8.313060e-01 
2472.000000 8.312300e-01 
2473.000000 8.311540e-01 
2474.000000 8.310780e-01 
2475.000000 8.310020e-01 
2476.000000 8.309260e-01 
2477.000000 8.308500e-01 
2478.000000 8.307750e-01 
2479.000000 8.306990e-01 
2480.000000 8.306230e-01 
2481.000000 8.305470e-01 
2482.000000 8.304710e-01 
2483.000000 8.303950e-01 
2484.000000 8.303190e-01 
2485.000000 8.302430e-01 
2486.000000 8.301670e-01 
2487.000000 8.300910e-01 
2488.000000 8.300150e-01 
2489.000000 8.299390e-01 
2490.000000 8.298630e-01 
2491.000000 8.297870e-01 
2492.000000 8.297110e-01 
2493.000000 8.296340e-01 
2494.000000 8.295580e-01 
2495.000000 8.294820e-01 
2496.000000 8.294060e-01 
2497.000000 8.293300e-01 
2498.000000 8.292540e-01 
2499.000000 8.291780e-01 
2500.000000 8.291020e-01 
2501.000000 8.290260e-01 
2502.000000 8.289500e-01 
2503.000000 8.288740e-01 
2504.000000 8.287980e-01 
2505.000000 8.287220e-01 
2506.000000 8.286460e-01 
2507.000000 8.285690e-01 
2508.000000 8.284930e-01 
2509.000000 8.284170e-01 
2510.000000 8.283410e-01 
2511.000000 8.282650e-01 
2512.000000 8.281890e-01 
2513.000000 8.281130e-01 
2514.000000 8.280370e-01 
2515.000000 8.279610e-01 
2516.000000 8.278840e-01 
2517.000000 8.278080e-01 
2518.000000 8.277320e-01 
2519.000000 8.276560e-01 
2520.000000 8.275800e-01 
2521.000000 8.275040e-01 
2522.000000 8.274270e-01 
2523.000000 8.273510e-01 
2524.000000 8.272750e-01 
2525.000000 8.271990e-01 
2526.000000 8.271230e-01 
2527.000000 8.270470e-01 
2528.000000 8.269700e-01 
2529.000000 8.268940e-01 
2530.000000 8.268180e-01 
2531.000000 8.267420e-01 
2532.000000 8.266650e-01 
2533.000000 8.265890e-01 
2534.000000 8.265130e-01 
2535.000000 8.264370e-01 
2536.000000 8.263610e-01 
2537.000000 8.262840e-01 
2538.000000 8.262080e-01 
2539.000000 8.261320e-01 
2540.000000 8.260560e-01 
2541.000000 8.259790e-01 
2542.000000 8.259030e-01 
2543.000000 8.258270e-01 
2544.000000 8.257510e-01 
2545.000000 8.256740e-01 
2546.000000 8.255980e-01 
2547.000000 8.255220e-01 
2548.000000 8.254450e-01 
2549.000000 8.253690e-01 
2550.000000 8.252930e-01 
2551.000000 8.252170e-01 
2552.000000 8.251400e-01 
2553.000000 8.250640e-01 
2554.000000 8.249880e-01 
2555.000000 8.249110e-01 
2556.000000 8.248350e-01 
2557.000000 8.247590e-01 
2558.000000 8.246820e-01 
2559.000000 8.246060e-01 
2560.000000 8.245300e-01 
2561.000000 8.244530e-01 
2562.000000 8.243770e-01 
2563.000000 8.243010e-01 
2564.000000 8.242240e-01 
2565.000000 8.241480e-01 
2566.000000 8.240710e-01 
2567.000000 8.239950e-01 
2568.000000 8.239190e-01 
2569.000000 8.238420e-01 
2570.000000 8.237660e-01 
2571.000000 8.236900e-01 
2572.000000 8.236130e-01 
2573.000000 8.235370e-01 
2574.000000 8.234600e-01 
2575.000000 8.233840e-01 
2576.000000 8.233080e-01 
2577.000000 8.232310e-01 
2578.000000 8.231550e-01 
2579.000000 8.230780e-01 
2580.000000 8.230020e-01 
2581.000000 8.229250e-01 
2582.000000 8.228490e-01 
2583.000000 8.227730e-01 
2584.000000 8.226960e-01 
2585.000000 8.226200e-01 
2586.000000 8.225430e-01 
2587.000000 8.224670e-01 
2588.000000 8.223900e-01 
2589.000000 8.223140e-01 
2590.000000 8.222370e-01 
2591.000000 8.221610e-01 
2592.000000 8.220840e-01 
2593.000000 8.220080e-01 
2594.000000 8.219310e-01 
2595.000000 8.218550e-01 
2596.000000 8.217780e-01 
2597.000000 8.217020e-01 
2598.000000 8.216250e-01 
2599.000000 8.215490e-01 
2600.000000 8.214720e-01 
2601.000000 8.213960e-01 
2602.000000 8.213190e-01 
2603.000000 8.212430e-01 
2604.000000 8.211660e-01 
2605.000000 8.210900e-01 
2606.000000 8.210130e-01 
2607.000000 8.209370e-01 
2608.000000 8.208600e-01 
2609.000000 8.207830e-01 
2610.000000 8.207070e-01 
2611.000000 8.206300e-01 
2612.000000 8.205540e-01 
2613.000000 8.204770e-01 
2614.000000 8.204010e-01 
2615.000000 8.203240e-01 
2616.000000 8.202470e-01 
2617.000000 8.201710e-01 
2618.000000 8.200940e-01 
2619.000000 8.200180e-01 
2620.000000 8.199410e-01 
2621.000000 8.198640e-01 
2622.000000 8.197880e-01 
2623.000000 8.197110e-01 
2624.000000 8.196340e-01 
2625.000000 8.195580e-01 
2626.000000 8.194810e-01 
2627.000000 8.194050e-01 
2628.000000 8.193280e-01 
2629.000000 8.192510e-01 
2630.000000 8.191750e-01 
2631.000000 8.190980e-01 
2632.000000 8.190210e-01 
2633.000000 8.189450e-01 
2634.000000 8.188680e-01 
2635.000000 8.187910e-01 
2636.000000 8.187150e-01 
2637.000000 8.186380e-01 
2638.000000 8.185610e-01 
2639.000000 8.184850e-01 
2640.000000 8.184080e-01 
2641.000000 8.183310e-01 
2642.000000 8.182540e-01 
2643.000000 8.181780e-01 
2644.000000 8.181010e-01 
2645.000000 8.180240e-01 
2646.000000 8.179480e-01 
2647.000000 8.178710e-01 
2648.000000 8.177940e-01 
2649.000000 8.177170e-01 
2650.000000 8.176410e-01 
2651.000000 8.175640e-01 
2652.000000 8.174870e-01 
2653.000000 8.174100e-01 
2654.000000 8.173340e-01 
2655.000000 8.172570e-01 
2656.000000 8.171800e-01 
2657.000000 8.171030e-01 
2658.000000 8.170270e-01 
2659.000000 8.169500e-01 
2660.000000 8.168730e-01 
2661.000000 8.167960e-01 
2662.000000 8.167190e-01 
2663.000000 8.166430e-01 
2664.000000 8.165660e-01 
2665.000000 8.164890e-01 
2666.000000 8.164120e-01 
2667.000000 8.163350e-01 
2668.000000 8.162590e-01 
2669.000000 8.161820e-01 
2670.000000 8.161050e-01 
2671.000000 8.160280e-01 
2672.000000 8.159510e-01 
2673.000000 8.158750e-01 
2674.000000 8.157980e-01 
2675.000000 8.157210e-01 
2676.000000 8.156440e-01 
2677.000000 8.155670e-01 
2678.000000 8.154900e-01 
2679.000000 8.154130e-01 
2680.000000 8.153370e-01 
2681.000000 8.152600e-01 
2682.000000 8.151830e-01 
2683.000000 8.151060e-01 
2684.000000 8.150290e-01 
2685.000000 8.149520e-01 
2686.000000 8.148750e-01 
2687.000000 8.147980e-01 
2688.000000 8.147210e-01 
2689.000000 8.146450e-01 
2690.000000 8.145680e-01 
2691.000000 8.144910e-01 
2692.000000 8.144140e-01 
2693.000000 8.143370e-01 
2694.000000 8.142600e-01 
2695.000000 8.141830e-01 
2696.000000 8.141060e-01 
2697.000000 8.140290e-01 
2698.000000 8.139520e-01 
2699.000000 8.138750e-01 
2700.000000 8.137980e-01 
2701.000000 8.137210e-01 
2702.000000 8.136440e-01 
2703.000000 8.135670e-01 
2704.000000 8.134900e-01 
2705.000000 8.134140e-01 
2706.000000 8.133370e-01 
2707.000000 8.132600e-01 
2708.000000 8.131830e-01 
2709.000000 8.131060e-01 
2710.000000 8.130290e-01 
2711.000000 8.129520e-01 
2712.000000 8.128750e-01 
2713.000000 8.127980e-01 
2714.000000 8.127210e-01 
2715.000000 8.126440e-01 
2716.000000 8.125670e-01 
2717.000000 8.124900e-01 
2718.000000 8.124130e-01 
2719.000000 8.123350e-01 
2720.000000 8.122580e-01 
2721.000000 8.121810e-01 
2722.000000 8.121040e-01 
2723.000000 8.120270e-01 
2724.000000 8.119500e-01 
2725.000000 8.118730e-01 
2726.000000 8.117960e-01 
2727.000000 8.117190e-01 
2728.000000 8.116420e-01 
2729.000000 8.115650e-01 
2730.000000 8.114880e-01 
2731.000000 8.114110e-01 
2732.000000 8.113340e-01 
2733.000000 8.112570e-01 
2734.000000 8.111800e-01 
2735.000000 8.111020e-01 
2736.000000 8.110250e-01 
2737.000000 8.109480e-01 
2738.000000 8.108710e-01 
2739.000000 8.107940e-01 
2740.000000 8.107170e-01 
2741.000000 8.106400e-01 
2742.000000 8.105630e-01 
2743.000000 8.104860e-01 
2744.000000 8.104080e-01 
2745.000000 8.103310e-01 
2746.000000 8.102540e-01 
2747.000000 8.101770e-01 
2748.000000 8.101000e-01 
2749.000000 8.100230e-01 
2750.000000 8.099460e-01 
2751.000000 8.098680e-01 
2752.000000 8.097910e-01 
2753.000000 8.097140e-01 
2754.000000 8.096370e-01 
2755.000000 8.095600e-01 
2756.000000 8.094830e-01 
2757.000000 8.094050e-01 
2758.000000 8.093280e-01 
2759.000000 8.092510e-01 
2760.000000 8.091740e-01 
2761.000000 8.090970e-01 
2762.000000 8.090190e-01 
2763.000000 8.089420e-01 
2764.000000 8.088650e-01 
2765.000000 8.087880e-01 
2766.000000 8.087100e-01 
2767.000000 8.086330e-01 
2768.000000 8.085560e-01 
2769.000000 8.084790e-01 
2770.000000 8.084020e-01 
2771.000000 8.083240e-01 
2772.000000 8.082470e-01 
2773.000000 8.081700e-01 
2774.000000 8.080930e-01 
2775.000000 8.080150e-01 
2776.000000 8.079380e-01 
2777.000000 8.078610e-01 
2778.000000 8.077840e-01 
2779.000000 8.077060e-01 
2780.000000 8.076290e-01 
2781.000000 8.075520e-01 
2782.000000 8.074740e-01 
2783.000000 8.073970e-01 
2784.000000 8.073200e-01 
2785.000000 8.072430e-01 
2786.000000 8.071650e-01 
2787.000000 8.070880e-01 
2788.000000 8.070110e-01 
2789.000000 8.069330e-01 
2790.000000 8.068560e-01 
2791.000000 8.067790e-01 
2792.000000 8.067010e-01 
2793.000000 8.066240e-01 
2794.000000 8.065470e-01 
2795.000000 8.064690e-01 
2796.000000 8.063920e-01 
2797.000000 8.063150e-01 
2798.000000 8.062370e-01 
2799.000000 8.061600e-01 
2800.000000 8.060830e-01 
2801.000000 8.060050e-01 
2802.000000 8.059280e-01 
2803.000000 8.058500e-01 
2804.000000 8.057730e-01 
2805.000000 8.056960e-01 
2806.000000 8.056180e-01 
2807.000000 8.055410e-01 
2808.000000 8.054640e-01 
2809.000000 8.053860e-01 
2810.000000 8.053090e-01 
2811.000000 8.052310e-01 
2812.000000 8.051540e-01 
2813.000000 8.050770e-01 
2814.000000 8.049990e-01 
2815.000000 8.049220e-01 
2816.000000 8.048440e-01 
2817.000000 8.047670e-01 
2818.000000 8.046890e-01 
2819.000000 8.046120e-01 
2820.000000 8.045350e-01 
2821.000000 8.044570e-01 
2822.000000 8.043800e-01 
2823.000000 8.043020e-01 
2824.000000 8.042250e-01 
2825.000000 8.041470e-01 
2826.000000 8.040700e-01 
2827.000000 8.039920e-01 
2828.000000 8.039150e-01 
2829.000000 8.038370e-01 
2830.000000 8.037600e-01 
2831.000000 8.036830e-01 
2832.000000 8.036050e-01 
2833.000000 8.035280e-01 
2834.000000 8.034500e-01 
2835.000000 8.033730e-01 
2836.000000 8.032950e-01 
2837.000000 8.032180e-01 
2838.000000 8.031400e-01 
2839.000000 8.030630e-01 
2840.000000 8.029850e-01 
2841.000000 8.029080e-01 
2842.000000 8.028300e-01 
2843.000000 8.027520e-01 
2844.000000 8.026750e-01 
2845.000000 8.025970e-01 
2846.000000 8.025200e-01 
2847.000000 8.024420e-01 
2848.000000 8.023650e-01 
2849.000000 8.022870e-01 
2850.000000 8.022100e-01 
2851.000000 8.021320e-01 
2852.000000 8.020550e-01 
2853.000000 8.019770e-01 
2854.000000 8.018990e-01 
2855.000000 8.018220e-01 
2856.000000 8.017440e-01 
2857.000000 8.016670e-01 
2858.000000 8.015890e-01 
2859.000000 8.015120e-01 
2860.000000 8.014340e-01 
2861.000000 8.013560e-01 
2862.000000 8.012790e-01 
2863.000000 8.012010e-01 
2864.000000 8.011240e-01 
2865.000000 8.010460e-01 
2866.000000 8.009680e-01 
2867.000000 8.008910e-01 
2868.000000 8.008130e-01 
2869.000000 8.007350e-01 
2870.000000 8.006580e-01 
2871.000000 8.005800e-01 
2872.000000 8.005030e-01 
2873.000000 8.004250e-01 
2874.000000 8.003470e-01 
2875.000000 8.002700e-01 
2876.000000 8.001920e-01 
2877.000000 8.001140e-01 
2878.000000 8.000370e-01 
2879.000000 7.999590e-01 
2880.000000 7.998810e-01 
2881.000000 7.998040e-01 
2882.000000 7.997260e-01 
2883.000000 7.996480e-01 
2884.000000 7.995710e-01 
2885.000000 7.994930e-01 
2886.000000 7.994150e-01 
2887.000000 7.993380e-01 
2888.000000 7.992600e-01 
2889.000000 7.991820e-01 
2890.000000 7.991050e-01 
2891.000000 7.990270e-01 
2892.000000 7.989490e-01 
2893.000000 7.988710e-01 
2894.000000 7.987940e-01 
2895.000000 7.987160e-01 
2896.000000 7.986380e-01 
2897.000000 7.985600e-01 
2898.000000 7.984830e-01 
2899.000000 7.984050e-01 
2900.000000 7.983270e-01 
2901.000000 7.982500e-01 
2902.000000 7.981720e-01 
2903.000000 7.980940e-01 
2904.000000 7.980160e-01 
2905.000000 7.979390e-01 
2906.000000 7.978610e-01 
2907.000000 7.977830e-01 
2908.000000 7.977050e-01 
2909.000000 7.976270e-01 
2910.000000 7.975500e-01 
2911.000000 7.974720e-01 
2912.000000 7.973940e-01 
2913.000000 7.973160e-01 
2914.000000 7.972380e-01 
2915.000000 7.971610e-01 
2916.000000 7.970830e-01 
2917.000000 7.970050e-01 
2918.000000 7.969270e-01 
2919.000000 7.968490e-01 
2920.000000 7.967720e-01 
2921.000000 7.966940e-01 
2922.000000 7.966160e-01 
2923.000000 7.965380e-01 
2924.000000 7.964600e-01 
2925.000000 7.963830e-01 
2926.000000 7.963050e-01 
2927.000000 7.962270e-01 
2928.000000 7.961490e-01 
2929.000000 7.960710e-01 
2930.000000 7.959930e-01 
2931.000000 7.959150e-01 
2932.000000 7.958380e-01 
2933.000000 7.957600e-01 
2934.000000 7.956820e-01 
2935.000000 7.956040e-01 
2936.000000 7.955260e-01 
2937.000000 7.954480e-01 
2938.000000 7.953700e-01 
2939.000000 7.952920e-01 
2940.000000 7.952150e-01 
2941.000000 7.951370e-01 
2942.000000 7.950590e-01 
2943.000000 7.949810e-01 
2944.000000 7.949030e-01 
2945.000000 7.948250e-01 
2946.000000 7.947470e-01 
2947.000000 7.946690e-01 
2948.000000 7.945910e-01 
2949.000000 7.945130e-01 
2950.000000 7.944360e-01 
2951.000000 7.943580e-01 
2952.000000 7.942800e-01 
2953.000000 7.942020e-01 
2954.000000 7.941240e-01 
2955.000000 7.940460e-01 
2956.000000 7.939680e-01 
2957.000000 7.938900e-01 
2958.000000 7.938120e-01 
2959.000000 7.937340e-01 
2960.000000 7.936560e-01 
2961.000000 7.935780e-01 
2962.000000 7.935000e-01 
2963.000000 7.934220e-01 
2964.000000 7.933440e-01 
2965.000000 7.932660e-01 
2966.000000 7.931880e-01 
2967.000000 7.931100e-01 
2968.000000 7.930320e-01 
2969.000000 7.929540e-01 
2970.000000 7.928760e-01 
2971.000000 7.927980e-01 
2972.000000 7.927200e-01 
2973.000000 7.926420e-01 
2974.000000 7.925640e-01 
2975.000000 7.924860e-01 
2976.000000 7.924080e-01 
2977.000000 7.923300e-01 
2978.000000 7.922520e-01 
2979.000000 7.921740e-01 
2980.000000 7.920960e-01 
2981.000000 7.920180e-01 
2982.000000 7.919400e-01 
2983.000000 7.918620e-01 
2984.000000 7.917840e-01 
2985.000000 7.917060e-01 
2986.000000 7.916280e-01 
2987.000000 7.915500e-01 
2988.000000 7.914720e-01 
2989.000000 7.913940e-01 
2990.000000 7.913160e-01 
2991.000000 7.912380e-01 
2992.000000 7.911590e-01 
2993.000000 7.910810e-01 
2994.000000 7.910030e-01 
2995.000000 7.909250e-01 
2996.000000 7.908470e-01 
2997.000000 7.907690e-01 
2998.000000 7.906910e-01 
2999.000000 7.906130e-01 
