     0 1.000000e+00
     1 9.999960e-01
     2 9.999960e-01
     3 9.999920e-01
     4 9.999880e-01
     5 9.999800e-01
     6 9.999721e-01
     7 9.999641e-01
     8 9.999521e-01
     9 9.999401e-01
    10 9.999241e-01
    11 9.999122e-01
    12 9.998922e-01
    13 9.998762e-01
    14 9.998563e-01
    15 9.998363e-01
    16 9.998123e-01
    17 9.997884e-01
    18 9.997644e-01
    19 9.997365e-01
    20 9.997085e-01
    21 9.996806e-01
    22 9.996486e-01
    23 9.996206e-01
    24 9.995847e-01
    25 9.995527e-01
    26 9.995168e-01
    27 9.994769e-01
    28 9.994409e-01
    29 9.994010e-01
    30 9.993610e-01
    31 9.993171e-01
    32 9.992771e-01
    33 9.992292e-01
    34 9.991852e-01
    35 9.991373e-01
    36 9.990893e-01
    37 9.990413e-01
    38 9.989934e-01
    39 9.989414e-01
    40 9.988895e-01
    41 9.988375e-01
    42 9.987816e-01
    43 9.987256e-01
    44 9.986696e-01
    45 9.986137e-01
    46 9.985577e-01
    47 9.984977e-01
    48 9.984377e-01
    49 9.983777e-01
    50 9.983138e-01
    51 9.982538e-01
    52 9.981898e-01
    53 9.981258e-01
    54 9.980578e-01
    55 9.979938e-01
    56 9.979298e-01
    57 9.978617e-01
    58 9.977937e-01
    59 9.977257e-01
    60 9.976537e-01
    61 9.975856e-01
    62 9.975136e-01
    63 9.974456e-01
    64 9.973735e-01
    65 9.973014e-01
    66 9.972294e-01
    67 9.971533e-01
    68 9.970812e-01
    69 9.970092e-01
    70 9.969331e-01
    71 9.968570e-01
    72 9.967849e-01
    73 9.967088e-01
    74 9.966327e-01
    75 9.965566e-01
    76 9.964804e-01
    77 9.964003e-01
    78 9.963242e-01
    79 9.962480e-01
    80 9.961679e-01
    81 9.960917e-01
    82 9.960116e-01
    83 9.959354e-01
    84 9.958552e-01
    85 9.957750e-01
    86 9.956989e-01
    87 9.956187e-01
    88 9.955385e-01
    89 9.954582e-01
    90 9.953820e-01
    91 9.953018e-01
    92 9.952216e-01
    93 9.951413e-01
    94 9.950611e-01
    95 9.949849e-01
    96 9.949046e-01
    97 9.948244e-01
    98 9.947441e-01
    99 9.946638e-01
   100 9.945835e-01
   101 9.945032e-01
   102 9.944270e-01
   103 9.943467e-01
   104 9.942664e-01
   105 9.941860e-01
   106 9.941097e-01
   107 9.940294e-01
   108 9.939491e-01
   109 9.938728e-01
   110 9.937924e-01
   111 9.937161e-01
   112 9.936357e-01
   113 9.935594e-01
   114 9.934790e-01
   115 9.934027e-01
   116 9.933263e-01
   117 9.932459e-01
   118 9.931695e-01
   119 9.930931e-01
   120 9.930168e-01
   121 9.929404e-01
   122 9.928640e-01
   123 9.927876e-01
   124 9.927111e-01
   125 9.926347e-01
   126 9.925583e-01
   127 9.924819e-01
   128 9.924054e-01
   129 9.923330e-01
   130 9.922566e-01
   131 9.921801e-01
   132 9.921077e-01
   133 9.920312e-01
   134 9.919588e-01
   135 9.918863e-01
   136 9.918099e-01
   137 9.917374e-01
   138 9.916649e-01
   139 9.915884e-01
   140 9.915160e-01
   141 9.914435e-01
   142 9.913710e-01
   143 9.912985e-01
   144 9.912260e-01
   145 9.911535e-01
   146 9.910810e-01
   147 9.910085e-01
   148 9.909360e-01
   149 9.908675e-01
   150 9.907949e-01
   151 9.907224e-01
   152 9.906539e-01
   153 9.905813e-01
   154 9.905088e-01
   155 9.904403e-01
   156 9.903677e-01
   157 9.902992e-01
   158 9.902266e-01
   159 9.901581e-01
   160 9.900855e-01
   161 9.900169e-01
   162 9.899443e-01
   163 9.898758e-01
   164 9.898072e-01
   165 9.897346e-01
   166 9.896660e-01
   167 9.895934e-01
   168 9.895248e-01
   169 9.894562e-01
   170 9.893876e-01
   171 9.893150e-01
   172 9.892464e-01
   173 9.891778e-01
   174 9.891051e-01
   175 9.890365e-01
   176 9.889679e-01
   177 9.888992e-01
   178 9.888266e-01
   179 9.887579e-01
   180 9.886893e-01
   181 9.886206e-01
   182 9.885479e-01
   183 9.884793e-01
   184 9.884106e-01
   185 9.883379e-01
   186 9.882692e-01
   187 9.882005e-01
   188 9.881278e-01
   189 9.880591e-01
   190 9.879904e-01
   191 9.879177e-01
   192 9.878490e-01
   193 9.877762e-01
   194 9.877075e-01
   195 9.876388e-01
   196 9.875660e-01
   197 9.874973e-01
   198 9.874245e-01
   199 9.873558e-01
   200 9.872830e-01
   201 9.872142e-01
   202 9.871414e-01
   203 9.870686e-01
   204 9.869999e-01
   205 9.869271e-01
   206 9.868543e-01
   207 9.867855e-01
   208 9.867126e-01
   209 9.866398e-01
   210 9.865710e-01
   211 9.864982e-01
   212 9.864253e-01
   213 9.863525e-01
   214 9.862796e-01
   215 9.862108e-01
   216 9.861379e-01
   217 9.860650e-01
   218 9.859922e-01
   219 9.859193e-01
   220 9.858464e-01
   221 9.857735e-01
   222 9.857006e-01
   223 9.856277e-01
   224 9.855547e-01
   225 9.854818e-01
   226 9.854089e-01
   227 9.853360e-01
   228 9.852590e-01
   229 9.851860e-01
   230 9.851131e-01
   231 9.850401e-01
   232 9.849672e-01
   233 9.848942e-01
   234 9.848212e-01
   235 9.847442e-01
   236 9.846712e-01
   237 9.845982e-01
   238 9.845253e-01
   239 9.844482e-01
   240 9.843752e-01
   241 9.843022e-01
   242 9.842292e-01
   243 9.841521e-01
   244 9.840791e-01
   245 9.840061e-01
   246 9.839290e-01
   247 9.838559e-01
   248 9.837829e-01
   249 9.837058e-01
   250 9.836327e-01
   251 9.835596e-01
   252 9.834825e-01
   253 9.834094e-01
   254 9.833364e-01
   255 9.832592e-01
   256 9.831861e-01
   257 9.831130e-01
   258 9.830399e-01
   259 9.829628e-01
   260 9.828896e-01
   261 9.828165e-01
   262 9.827393e-01
   263 9.826662e-01
   264 9.825931e-01
   265 9.825159e-01
   266 9.824427e-01
   267 9.823696e-01
   268 9.822964e-01
   269 9.822192e-01
   270 9.821460e-01
   271 9.820729e-01
   272 9.819997e-01
   273 9.819265e-01
   274 9.818492e-01
   275 9.817760e-01
   276 9.817028e-01
   277 9.816296e-01
   278 9.815564e-01
   279 9.814832e-01
   280 9.814059e-01
   281 9.813327e-01
   282 9.812594e-01
   283 9.811862e-01
   284 9.811130e-01
   285 9.810397e-01
   286 9.809665e-01
   287 9.808932e-01
   288 9.808199e-01
   289 9.807467e-01
   290 9.806734e-01
   291 9.806001e-01
   292 9.805309e-01
   293 9.804576e-01
   294 9.803843e-01
   295 9.803110e-01
   296 9.802377e-01
   297 9.801644e-01
   298 9.800910e-01
   299 9.800218e-01
   300 9.799484e-01
   301 9.798751e-01
   302 9.798018e-01
   303 9.797284e-01
   304 9.796591e-01
   305 9.795858e-01
   306 9.795124e-01
   307 9.794431e-01
   308 9.793697e-01
   309 9.792964e-01
   310 9.792230e-01
   311 9.791537e-01
   312 9.790803e-01
   313 9.790109e-01
   314 9.789375e-01
   315 9.788641e-01
   316 9.787948e-01
   317 9.787214e-01
   318 9.786479e-01
   319 9.785786e-01
   320 9.785051e-01
   321 9.784358e-01
   322 9.783623e-01
   323 9.782929e-01
   324 9.782195e-01
   325 9.781501e-01
   326 9.780766e-01
   327 9.780072e-01
   328 9.779337e-01
   329 9.778643e-01
   330 9.777908e-01
   331 9.777214e-01
   332 9.776479e-01
   333 9.775785e-01
   334 9.775050e-01
   335 9.774315e-01
   336 9.773620e-01
   337 9.772885e-01
   338 9.772190e-01
   339 9.771496e-01
   340 9.770760e-01
   341 9.770066e-01
   342 9.769330e-01
   343 9.768594e-01
   344 9.767900e-01
   345 9.767164e-01
   346 9.766469e-01
   347 9.765733e-01
   348 9.765038e-01
   349 9.764302e-01
   350 9.763607e-01
   351 9.762871e-01
   352 9.762176e-01
   353 9.761439e-01
   354 9.760744e-01
   355 9.760008e-01
   356 9.759272e-01
   357 9.758576e-01
   358 9.757840e-01
   359 9.757144e-01
   360 9.756407e-01
   361 9.755671e-01
   362 9.754975e-01
   363 9.754238e-01
   364 9.753502e-01
   365 9.752806e-01
   366 9.752069e-01
   367 9.751332e-01
   368 9.750636e-01
   369 9.749899e-01
   370 9.749162e-01
   371 9.748465e-01
   372 9.747728e-01
   373 9.746991e-01
   374 9.746254e-01
   375 9.745557e-01
   376 9.744820e-01
   377 9.744082e-01
   378 9.743345e-01
   379 9.742648e-01
   380 9.741910e-01
   381 9.741173e-01
   382 9.740435e-01
   383 9.739738e-01
   384 9.739000e-01
   385 9.738262e-01
   386 9.737524e-01
   387 9.736786e-01
   388 9.736089e-01
   389 9.735351e-01
   390 9.734613e-01
   391 9.733875e-01
   392 9.733136e-01
   393 9.732398e-01
   394 9.731659e-01
   395 9.730962e-01
   396 9.730223e-01
   397 9.729485e-01
   398 9.728746e-01
   399 9.728008e-01
   400 9.727269e-01
   401 9.726530e-01
   402 9.725832e-01
   403 9.725093e-01
   404 9.724354e-01
   405 9.723615e-01
   406 9.722876e-01
   407 9.722137e-01
   408 9.721398e-01
   409 9.720658e-01
   410 9.719960e-01
   411 9.719221e-01
   412 9.718481e-01
   413 9.717742e-01
   414 9.717002e-01
   415 9.716263e-01
   416 9.715564e-01
   417 9.714824e-01
   418 9.714085e-01
   419 9.713345e-01
   420 9.712605e-01
   421 9.711865e-01
   422 9.711125e-01
   423 9.710426e-01
   424 9.709686e-01
   425 9.708946e-01
   426 9.708206e-01
   427 9.707465e-01
   428 9.706725e-01
   429 9.706026e-01
   430 9.705285e-01
   431 9.704545e-01
   432 9.703804e-01
   433 9.703105e-01
   434 9.702364e-01
   435 9.701624e-01
   436 9.700883e-01
   437 9.700183e-01
   438 9.699442e-01
   439 9.698701e-01
   440 9.698001e-01
   441 9.697260e-01
   442 9.696519e-01
   443 9.695778e-01
   444 9.695078e-01
   445 9.694337e-01
   446 9.693637e-01
   447 9.692895e-01
   448 9.692154e-01
   449 9.691454e-01
   450 9.690712e-01
   451 9.689970e-01
   452 9.689270e-01
   453 9.688528e-01
   454 9.687828e-01
   455 9.687086e-01
   456 9.686385e-01
   457 9.685643e-01
   458 9.684942e-01
   459 9.684200e-01
   460 9.683458e-01
   461 9.682757e-01
   462 9.682015e-01
   463 9.681314e-01
   464 9.680572e-01
   465 9.679871e-01
   466 9.679128e-01
   467 9.678427e-01
   468 9.677684e-01
   469 9.676983e-01
   470 9.676282e-01
   471 9.675539e-01
   472 9.674837e-01
   473 9.674095e-01
   474 9.673393e-01
   475 9.672650e-01
   476 9.671948e-01
   477 9.671247e-01
   478 9.670503e-01
   479 9.669802e-01
   480 9.669058e-01
   481 9.668356e-01
   482 9.667654e-01
   483 9.666911e-01
   484 9.666209e-01
   485 9.665507e-01
   486 9.664763e-01
   487 9.664061e-01
   488 9.663317e-01
   489 9.662615e-01
   490 9.661912e-01
   491 9.661169e-01
   492 9.660466e-01
   493 9.659763e-01
   494 9.659019e-01
   495 9.658317e-01
   496 9.657614e-01
   497 9.656870e-01
   498 9.656167e-01
   499 9.655423e-01
   500 9.654720e-01
   501 9.654017e-01
   502 9.653272e-01
   503 9.652569e-01
   504 9.651866e-01
   505 9.651121e-01
   506 9.650418e-01
   507 9.649673e-01
   508 9.648970e-01
   509 9.648267e-01
   510 9.647522e-01
   511 9.646818e-01
   512 9.646115e-01
   513 9.645370e-01
   514 9.644666e-01
   515 9.643921e-01
   516 9.643217e-01
   517 9.642472e-01
   518 9.641768e-01
   519 9.641064e-01
   520 9.640318e-01
   521 9.639614e-01
   522 9.638869e-01
   523 9.638165e-01
   524 9.637460e-01
   525 9.636715e-01
   526 9.636010e-01
   527 9.635264e-01
   528 9.634560e-01
   529 9.633814e-01
   530 9.633110e-01
   531 9.632364e-01
   532 9.631659e-01
   533 9.630954e-01
   534 9.630208e-01
   535 9.629462e-01
   536 9.628757e-01
   537 9.628010e-01
   538 9.627305e-01
   539 9.626559e-01
   540 9.625854e-01
   541 9.625149e-01
   542 9.624402e-01
   543 9.623655e-01
   544 9.622950e-01
   545 9.622203e-01
   546 9.621498e-01
   547 9.620751e-01
   548 9.620045e-01
   549 9.619298e-01
   550 9.618593e-01
   551 9.617846e-01
   552 9.617140e-01
   553 9.616393e-01
   554 9.615687e-01
   555 9.614939e-01
   556 9.614233e-01
   557 9.613486e-01
   558 9.612780e-01
   559 9.612032e-01
   560 9.611285e-01
   561 9.610578e-01
   562 9.609831e-01
   563 9.609124e-01
   564 9.608376e-01
   565 9.607670e-01
   566 9.606922e-01
   567 9.606174e-01
   568 9.605467e-01
   569 9.604719e-01
   570 9.604013e-01
   571 9.603264e-01
   572 9.602557e-01
   573 9.601809e-01
   574 9.601102e-01
   575 9.600354e-01
   576 9.599647e-01
   577 9.598898e-01
   578 9.598191e-01
   579 9.597442e-01
   580 9.596735e-01
   581 9.595986e-01
   582 9.595279e-01
   583 9.594530e-01
   584 9.593822e-01
   585 9.593073e-01
   586 9.592366e-01
   587 9.591616e-01
   588 9.590909e-01
   589 9.590201e-01
   590 9.589452e-01
   591 9.588744e-01
   592 9.587994e-01
   593 9.587287e-01
   594 9.586537e-01
   595 9.585829e-01
   596 9.585079e-01
   597 9.584371e-01
   598 9.583663e-01
   599 9.582913e-01
   600 9.582205e-01
   601 9.581455e-01
   602 9.580746e-01
   603 9.580038e-01
   604 9.579288e-01
   605 9.578579e-01
   606 9.577870e-01
   607 9.577120e-01
   608 9.576411e-01
   609 9.575703e-01
   610 9.574952e-01
   611 9.574243e-01
   612 9.573534e-01
   613 9.572784e-01
   614 9.572075e-01
   615 9.571366e-01
   616 9.570615e-01
   617 9.569905e-01
   618 9.569196e-01
   619 9.568487e-01
   620 9.567736e-01
   621 9.567026e-01
   622 9.566317e-01
   623 9.565607e-01
   624 9.564856e-01
   625 9.564147e-01
   626 9.563437e-01
   627 9.562727e-01
   628 9.561976e-01
   629 9.561266e-01
   630 9.560556e-01
   631 9.559846e-01
   632 9.559136e-01
   633 9.558384e-01
   634 9.557674e-01
   635 9.556964e-01
   636 9.556254e-01
   637 9.555543e-01
   638 9.554833e-01
   639 9.554081e-01
   640 9.553371e-01
   641 9.552660e-01
   642 9.551950e-01
   643 9.551239e-01
   644 9.550528e-01
   645 9.549776e-01
   646 9.549065e-01
   647 9.548354e-01
   648 9.547643e-01
   649 9.546933e-01
   650 9.546222e-01
   651 9.545469e-01
   652 9.544758e-01
   653 9.544047e-01
   654 9.543335e-01
   655 9.542624e-01
   656 9.541913e-01
   657 9.541160e-01
   658 9.540448e-01
   659 9.539737e-01
   660 9.539025e-01
   661 9.538314e-01
   662 9.537602e-01
   663 9.536891e-01
   664 9.536179e-01
   665 9.535425e-01
   666 9.534713e-01
   667 9.534002e-01
   668 9.533290e-01
   669 9.532578e-01
   670 9.531866e-01
   671 9.531112e-01
   672 9.530400e-01
   673 9.529687e-01
   674 9.528975e-01
   675 9.528263e-01
   676 9.527550e-01
   677 9.526796e-01
   678 9.526084e-01
   679 9.525371e-01
   680 9.524659e-01
   681 9.523946e-01
   682 9.523191e-01
   683 9.522479e-01
   684 9.521766e-01
   685 9.521053e-01
   686 9.520340e-01
   687 9.519627e-01
   688 9.518872e-01
   689 9.518159e-01
   690 9.517446e-01
   691 9.516733e-01
   692 9.515978e-01
   693 9.515265e-01
   694 9.514551e-01
   695 9.513838e-01
   696 9.513124e-01
   697 9.512369e-01
   698 9.511655e-01
   699 9.510942e-01
   700 9.510228e-01
   701 9.509473e-01
   702 9.508759e-01
   703 9.508045e-01
   704 9.507331e-01
   705 9.506575e-01
   706 9.505861e-01
   707 9.505147e-01
   708 9.504433e-01
   709 9.503677e-01
   710 9.502963e-01
   711 9.502249e-01
   712 9.501534e-01
   713 9.500778e-01
   714 9.500063e-01
   715 9.499349e-01
   716 9.498634e-01
   717 9.497878e-01
   718 9.497163e-01
   719 9.496449e-01
   720 9.495734e-01
   721 9.494977e-01
   722 9.494262e-01
   723 9.493547e-01
   724 9.492832e-01
   725 9.492075e-01
   726 9.491360e-01
   727 9.490645e-01
   728 9.489930e-01
   729 9.489173e-01
   730 9.488457e-01
   731 9.487742e-01
   732 9.487027e-01
   733 9.486269e-01
   734 9.485554e-01
   735 9.484838e-01
   736 9.484122e-01
   737 9.483407e-01
   738 9.482649e-01
   739 9.481933e-01
   740 9.481217e-01
   741 9.480501e-01
   742 9.479743e-01
   743 9.479027e-01
   744 9.478311e-01
   745 9.477595e-01
   746 9.476879e-01
   747 9.476121e-01
   748 9.475404e-01
   749 9.474688e-01
   750 9.473972e-01
   751 9.473213e-01
   752 9.472497e-01
   753 9.471780e-01
   754 9.471064e-01
   755 9.470347e-01
   756 9.469630e-01
   757 9.468913e-01
   758 9.468154e-01
   759 9.467438e-01
   760 9.466721e-01
   761 9.466004e-01
   762 9.465287e-01
   763 9.464570e-01
   764 9.463852e-01
   765 9.463135e-01
   766 9.462376e-01
   767 9.461658e-01
   768 9.460941e-01
   769 9.460224e-01
   770 9.459506e-01
   771 9.458789e-01
   772 9.458071e-01
   773 9.457353e-01
   774 9.456636e-01
   775 9.455918e-01
   776 9.455200e-01
   777 9.454440e-01
   778 9.453722e-01
   779 9.453004e-01
   780 9.452286e-01
   781 9.451568e-01
   782 9.450850e-01
   783 9.450132e-01
   784 9.449414e-01
   785 9.448695e-01
   786 9.447977e-01
   787 9.447259e-01
   788 9.446540e-01
   789 9.445822e-01
   790 9.445103e-01
   791 9.444384e-01
   792 9.443666e-01
   793 9.442947e-01
   794 9.442228e-01
   795 9.441509e-01
   796 9.440791e-01
   797 9.440072e-01
   798 9.439353e-01
   799 9.438633e-01
   800 9.437914e-01
   801 9.437195e-01
   802 9.436476e-01
   803 9.435757e-01
   804 9.435037e-01
   805 9.434318e-01
   806 9.433599e-01
   807 9.432879e-01
   808 9.432160e-01
   809 9.431440e-01
   810 9.430720e-01
   811 9.430001e-01
   812 9.429281e-01
   813 9.428561e-01
   814 9.427841e-01
   815 9.427121e-01
   816 9.426401e-01
   817 9.425723e-01
   818 9.425003e-01
   819 9.424283e-01
   820 9.423563e-01
   821 9.422843e-01
   822 9.422122e-01
   823 9.421402e-01
   824 9.420682e-01
   825 9.419961e-01
   826 9.419241e-01
   827 9.418520e-01
   828 9.417799e-01
   829 9.417079e-01
   830 9.416358e-01
   831 9.415637e-01
   832 9.414916e-01
   833 9.414195e-01
   834 9.413474e-01
   835 9.412753e-01
   836 9.412032e-01
   837 9.411311e-01
   838 9.410590e-01
   839 9.409869e-01
   840 9.409147e-01
   841 9.408426e-01
   842 9.407704e-01
   843 9.406983e-01
   844 9.406261e-01
   845 9.405540e-01
   846 9.404818e-01
   847 9.404096e-01
   848 9.403375e-01
   849 9.402653e-01
   850 9.401931e-01
   851 9.401209e-01
   852 9.400487e-01
   853 9.399765e-01
   854 9.399043e-01
   855 9.398321e-01
   856 9.397599e-01
   857 9.396876e-01
   858 9.396154e-01
   859 9.395432e-01
   860 9.394709e-01
   861 9.393987e-01
   862 9.393264e-01
   863 9.392542e-01
   864 9.391819e-01
   865 9.391096e-01
   866 9.390374e-01
   867 9.389651e-01
   868 9.388928e-01
   869 9.388205e-01
   870 9.387482e-01
   871 9.386759e-01
   872 9.386036e-01
   873 9.385313e-01
   874 9.384590e-01
   875 9.383866e-01
   876 9.383143e-01
   877 9.382420e-01
   878 9.381696e-01
   879 9.380973e-01
   880 9.380249e-01
   881 9.379526e-01
   882 9.378802e-01
   883 9.378078e-01
   884 9.377355e-01
   885 9.376631e-01
   886 9.375907e-01
   887 9.375183e-01
   888 9.374459e-01
   889 9.373735e-01
   890 9.373011e-01
   891 9.372287e-01
   892 9.371563e-01
   893 9.370881e-01
   894 9.370157e-01
   895 9.369432e-01
   896 9.368708e-01
   897 9.367983e-01
   898 9.367259e-01
   899 9.366534e-01
   900 9.365810e-01
   901 9.365085e-01
   902 9.364360e-01
   903 9.363635e-01
   904 9.362910e-01
   905 9.362185e-01
   906 9.361460e-01
   907 9.360735e-01
   908 9.360053e-01
   909 9.359328e-01
   910 9.358603e-01
   911 9.357877e-01
   912 9.357152e-01
   913 9.356427e-01
   914 9.355701e-01
   915 9.354976e-01
   916 9.354250e-01
   917 9.353567e-01
   918 9.352842e-01
   919 9.352116e-01
   920 9.351390e-01
   921 9.350664e-01
   922 9.349938e-01
   923 9.349212e-01
   924 9.348529e-01
   925 9.347803e-01
   926 9.347077e-01
   927 9.346351e-01
   928 9.345625e-01
   929 9.344898e-01
   930 9.344172e-01
   931 9.343488e-01
   932 9.342762e-01
   933 9.342036e-01
   934 9.341309e-01
   935 9.340582e-01
   936 9.339898e-01
   937 9.339172e-01
   938 9.338445e-01
   939 9.337718e-01
   940 9.337034e-01
   941 9.336307e-01
   942 9.335580e-01
   943 9.334853e-01
   944 9.334126e-01
   945 9.333442e-01
   946 9.332714e-01
   947 9.331987e-01
   948 9.331260e-01
   949 9.330575e-01
   950 9.329848e-01
   951 9.329120e-01
   952 9.328393e-01
   953 9.327708e-01
   954 9.326980e-01
   955 9.326252e-01
   956 9.325567e-01
   957 9.324840e-01
   958 9.324112e-01
   959 9.323384e-01
   960 9.322656e-01
   961 9.321971e-01
   962 9.321242e-01
   963 9.320514e-01
   964 9.319829e-01
   965 9.319101e-01
   966 9.318372e-01
   967 9.317687e-01
   968 9.316958e-01
   969 9.316230e-01
   970 9.315501e-01
   971 9.314815e-01
   972 9.314087e-01
   973 9.313358e-01
   974 9.312629e-01
   975 9.311943e-01
   976 9.311214e-01
   977 9.310485e-01
   978 9.309799e-01
   979 9.309070e-01
   980 9.308341e-01
   981 9.307612e-01
   982 9.306926e-01
   983 9.306196e-01
   984 9.305467e-01
   985 9.304780e-01
   986 9.304051e-01
   987 9.303321e-01
   988 9.302592e-01
   989 9.301905e-01
   990 9.301175e-01
   991 9.300446e-01
   992 9.299759e-01
   993 9.299029e-01
   994 9.298299e-01
   995 9.297612e-01
   996 9.296882e-01
   997 9.296152e-01
   998 9.295422e-01
   999 9.294735e-01
  1000 9.294004e-01
  1001 9.293274e-01
  1002 9.292544e-01
  1003 9.291856e-01
  1004 9.291126e-01
  1005 9.290395e-01
  1006 9.289665e-01
  1007 9.288977e-01
  1008 9.288246e-01
  1009 9.287516e-01
  1010 9.286828e-01
  1011 9.286097e-01
  1012 9.285366e-01
  1013 9.284635e-01
  1014 9.283947e-01
  1015 9.283216e-01
  1016 9.282485e-01
  1017 9.281753e-01
  1018 9.281065e-01
  1019 9.280334e-01
  1020 9.279602e-01
  1021 9.278914e-01
  1022 9.278183e-01
  1023 9.277451e-01
  1024 9.276719e-01
  1025 9.276031e-01
  1026 9.275299e-01
  1027 9.274567e-01
  1028 9.273835e-01
  1029 9.273147e-01
  1030 9.272415e-01
  1031 9.271683e-01
  1032 9.270951e-01
  1033 9.270262e-01
  1034 9.269529e-01
  1035 9.268797e-01
  1036 9.268108e-01
  1037 9.267376e-01
  1038 9.266643e-01
  1039 9.265911e-01
  1040 9.265221e-01
  1041 9.264489e-01
  1042 9.263756e-01
  1043 9.263067e-01
  1044 9.262334e-01
  1045 9.261601e-01
  1046 9.260868e-01
  1047 9.260178e-01
  1048 9.259445e-01
  1049 9.258712e-01
  1050 9.258022e-01
  1051 9.257289e-01
  1052 9.256556e-01
  1053 9.255866e-01
  1054 9.255133e-01
  1055 9.254399e-01
  1056 9.253709e-01
  1057 9.252975e-01
  1058 9.252242e-01
  1059 9.251508e-01
  1060 9.250818e-01
  1061 9.250084e-01
  1062 9.249350e-01
  1063 9.248660e-01
  1064 9.247926e-01
  1065 9.247192e-01
  1066 9.246501e-01
  1067 9.245767e-01
  1068 9.245033e-01
  1069 9.244342e-01
  1070 9.243608e-01
  1071 9.242916e-01
  1072 9.242182e-01
  1073 9.241448e-01
  1074 9.240757e-01
  1075 9.240022e-01
  1076 9.239287e-01
  1077 9.238596e-01
  1078 9.237861e-01
  1079 9.237170e-01
  1080 9.236435e-01
  1081 9.235700e-01
  1082 9.235008e-01
  1083 9.234273e-01
  1084 9.233582e-01
  1085 9.232847e-01
  1086 9.232111e-01
  1087 9.231420e-01
  1088 9.230684e-01
  1089 9.229992e-01
  1090 9.229257e-01
  1091 9.228521e-01
  1092 9.227829e-01
  1093 9.227094e-01
  1094 9.226401e-01
  1095 9.225666e-01
  1096 9.224973e-01
  1097 9.224237e-01
  1098 9.223545e-01
  1099 9.222809e-01
  1100 9.222116e-01
  1101 9.221380e-01
  1102 9.220644e-01
  1103 9.219952e-01
  1104 9.219215e-01
  1105 9.218522e-01
  1106 9.217786e-01
  1107 9.217093e-01
  1108 9.216357e-01
  1109 9.215664e-01
  1110 9.214927e-01
  1111 9.214234e-01
  1112 9.213497e-01
  1113 9.212804e-01
  1114 9.212067e-01
  1115 9.211374e-01
  1116 9.210637e-01
  1117 9.209943e-01
  1118 9.209206e-01
  1119 9.208513e-01
  1120 9.207775e-01
  1121 9.207082e-01
  1122 9.206345e-01
  1123 9.205651e-01
  1124 9.204913e-01
  1125 9.204219e-01
  1126 9.203482e-01
  1127 9.202788e-01
  1128 9.202050e-01
  1129 9.201356e-01
  1130 9.200618e-01
  1131 9.199924e-01
  1132 9.199186e-01
  1133 9.198492e-01
  1134 9.197754e-01
  1135 9.197059e-01
  1136 9.196321e-01
  1137 9.195627e-01
  1138 9.194889e-01
  1139 9.194194e-01
  1140 9.193456e-01
  1141 9.192761e-01
  1142 9.192022e-01
  1143 9.191327e-01
  1144 9.190589e-01
  1145 9.189894e-01
  1146 9.189155e-01
  1147 9.188460e-01
  1148 9.187721e-01
  1149 9.187026e-01
  1150 9.186287e-01
  1151 9.185592e-01
  1152 9.184853e-01
  1153 9.184158e-01
  1154 9.183418e-01
  1155 9.182723e-01
  1156 9.181984e-01
  1157 9.181288e-01
  1158 9.180549e-01
  1159 9.179853e-01
  1160 9.179113e-01
  1161 9.178418e-01
  1162 9.177678e-01
  1163 9.176982e-01
  1164 9.176242e-01
  1165 9.175546e-01
  1166 9.174806e-01
  1167 9.174110e-01
  1168 9.173414e-01
  1169 9.172674e-01
  1170 9.171934e-01
  1171 9.171238e-01
  1172 9.170541e-01
  1173 9.169801e-01
  1174 9.169104e-01
  1175 9.168364e-01
  1176 9.167667e-01
  1177 9.166927e-01
  1178 9.166230e-01
  1179 9.165489e-01
  1180 9.164792e-01
  1181 9.164052e-01
  1182 9.163355e-01
  1183 9.162614e-01
  1184 9.161917e-01
  1185 9.161176e-01
  1186 9.160479e-01
  1187 9.159738e-01
  1188 9.159040e-01
  1189 9.158299e-01
  1190 9.157602e-01
  1191 9.156861e-01
  1192 9.156163e-01
  1193 9.155422e-01
  1194 9.154724e-01
  1195 9.153982e-01
  1196 9.153285e-01
  1197 9.152543e-01
  1198 9.151845e-01
  1199 9.151147e-01
  1200 9.150405e-01
  1201 9.149707e-01
  1202 9.148965e-01
  1203 9.148267e-01
  1204 9.147525e-01
  1205 9.146827e-01
  1206 9.146085e-01
  1207 9.145386e-01
  1208 9.144644e-01
  1209 9.143946e-01
  1210 9.143247e-01
  1211 9.142505e-01
  1212 9.141806e-01
  1213 9.141063e-01
  1214 9.140365e-01
  1215 9.139622e-01
  1216 9.138923e-01
  1217 9.138180e-01
  1218 9.137481e-01
  1219 9.136782e-01
  1220 9.136039e-01
  1221 9.135340e-01
  1222 9.134597e-01
  1223 9.133898e-01
  1224 9.133155e-01
  1225 9.132455e-01
  1226 9.131756e-01
  1227 9.131012e-01
  1228 9.130313e-01
  1229 9.129613e-01
  1230 9.128870e-01
  1231 9.128170e-01
  1232 9.127426e-01
  1233 9.126726e-01
  1234 9.125983e-01
  1235 9.125283e-01
  1236 9.124583e-01
  1237 9.123839e-01
  1238 9.123139e-01
  1239 9.122438e-01
  1240 9.121694e-01
  1241 9.120994e-01
  1242 9.120294e-01
  1243 9.119549e-01
  1244 9.118849e-01
  1245 9.118148e-01
  1246 9.117404e-01
  1247 9.116703e-01
  1248 9.116003e-01
  1249 9.115258e-01
  1250 9.114557e-01
  1251 9.113856e-01
  1252 9.113112e-01
  1253 9.112411e-01
  1254 9.111710e-01
  1255 9.110965e-01
  1256 9.110264e-01
  1257 9.109562e-01
  1258 9.108817e-01
  1259 9.108116e-01
  1260 9.107415e-01
  1261 9.106669e-01
  1262 9.105968e-01
  1263 9.105266e-01
  1264 9.104565e-01
  1265 9.103819e-01
  1266 9.103117e-01
  1267 9.102416e-01
  1268 9.101670e-01
  1269 9.100968e-01
  1270 9.100266e-01
  1271 9.099564e-01
  1272 9.098818e-01
  1273 9.098116e-01
  1274 9.097414e-01
  1275 9.096668e-01
  1276 9.095966e-01
  1277 9.095263e-01
  1278 9.094517e-01
  1279 9.093815e-01
  1280 9.093112e-01
  1281 9.092410e-01
  1282 9.091707e-01
  1283 9.090961e-01
  1284 9.090258e-01
  1285 9.089555e-01
  1286 9.088808e-01
  1287 9.088106e-01
  1288 9.087403e-01
  1289 9.086700e-01
  1290 9.085953e-01
  1291 9.085250e-01
  1292 9.084547e-01
  1293 9.083843e-01
  1294 9.083096e-01
  1295 9.082393e-01
  1296 9.081689e-01
  1297 9.080986e-01
  1298 9.080239e-01
  1299 9.079535e-01
  1300 9.078831e-01
  1301 9.078128e-01
  1302 9.077380e-01
  1303 9.076676e-01
  1304 9.075973e-01
  1305 9.075225e-01
  1306 9.074521e-01
  1307 9.073817e-01
  1308 9.073113e-01
  1309 9.072365e-01
  1310 9.071661e-01
  1311 9.070956e-01
  1312 9.070252e-01
  1313 9.069504e-01
  1314 9.068800e-01
  1315 9.068095e-01
  1316 9.067391e-01
  1317 9.066642e-01
  1318 9.065938e-01
  1319 9.065233e-01
  1320 9.064528e-01
  1321 9.063779e-01
  1322 9.063075e-01
  1323 9.062370e-01
  1324 9.061665e-01
  1325 9.060916e-01
  1326 9.060211e-01
  1327 9.059506e-01
  1328 9.058801e-01
  1329 9.058051e-01
  1330 9.057346e-01
  1331 9.056641e-01
  1332 9.055935e-01
  1333 9.055186e-01
  1334 9.054480e-01
  1335 9.053775e-01
  1336 9.053069e-01
  1337 9.052320e-01
  1338 9.051614e-01
  1339 9.050908e-01
  1340 9.050202e-01
  1341 9.049452e-01
  1342 9.048746e-01
  1343 9.048040e-01
  1344 9.047334e-01
  1345 9.046584e-01
  1346 9.045878e-01
  1347 9.045172e-01
  1348 9.044466e-01
  1349 9.043715e-01
  1350 9.043009e-01
  1351 9.042302e-01
  1352 9.041596e-01
  1353 9.040889e-01
  1354 9.040139e-01
  1355 9.039432e-01
  1356 9.038725e-01
  1357 9.038018e-01
  1358 9.037267e-01
  1359 9.036561e-01
  1360 9.035854e-01
  1361 9.035147e-01
  1362 9.034440e-01
  1363 9.033688e-01
  1364 9.032981e-01
  1365 9.032274e-01
  1366 9.031567e-01
  1367 9.030815e-01
  1368 9.030108e-01
  1369 9.029400e-01
  1370 9.028693e-01
  1371 9.027985e-01
  1372 9.027278e-01
  1373 9.026526e-01
  1374 9.025818e-01
  1375 9.025110e-01
  1376 9.024403e-01
  1377 9.023695e-01
  1378 9.022942e-01
  1379 9.022235e-01
  1380 9.021526e-01
  1381 9.020818e-01
  1382 9.020110e-01
  1383 9.019402e-01
  1384 9.018649e-01
  1385 9.017941e-01
  1386 9.017233e-01
  1387 9.016524e-01
  1388 9.015816e-01
  1389 9.015063e-01
  1390 9.014354e-01
  1391 9.013646e-01
  1392 9.012937e-01
  1393 9.012228e-01
  1394 9.011519e-01
  1395 9.010810e-01
  1396 9.010101e-01
  1397 9.009348e-01
  1398 9.008639e-01
  1399 9.007930e-01
  1400 9.007221e-01
  1401 9.006512e-01
  1402 9.005802e-01
  1403 9.005093e-01
  1404 9.004384e-01
  1405 9.003674e-01
  1406 9.002965e-01
  1407 9.002211e-01
  1408 9.001501e-01
  1409 9.000791e-01
  1410 9.000082e-01
  1411 8.999372e-01
  1412 8.998662e-01
  1413 8.997952e-01
  1414 8.997242e-01
  1415 8.996532e-01
  1416 8.995822e-01
  1417 8.995112e-01
  1418 8.994357e-01
  1419 8.993647e-01
  1420 8.992937e-01
  1421 8.992226e-01
  1422 8.991516e-01
  1423 8.990806e-01
  1424 8.990095e-01
  1425 8.989384e-01
  1426 8.988674e-01
  1427 8.987963e-01
  1428 8.987252e-01
  1429 8.986542e-01
  1430 8.985831e-01
  1431 8.985120e-01
  1432 8.984409e-01
  1433 8.983698e-01
  1434 8.982987e-01
  1435 8.982276e-01
  1436 8.981520e-01
  1437 8.980809e-01
  1438 8.980097e-01
  1439 8.979386e-01
  1440 8.978675e-01
  1441 8.977963e-01
  1442 8.977251e-01
  1443 8.976540e-01
  1444 8.975828e-01
  1445 8.975117e-01
  1446 8.974405e-01
  1447 8.973693e-01
  1448 8.972981e-01
  1449 8.972269e-01
  1450 8.971557e-01
  1451 8.970845e-01
  1452 8.970133e-01
  1453 8.969421e-01
  1454 8.968709e-01
  1455 8.967996e-01
  1456 8.967284e-01
  1457 8.966572e-01
  1458 8.965859e-01
  1459 8.965147e-01
  1460 8.964434e-01
  1461 8.963721e-01
  1462 8.963009e-01
  1463 8.962296e-01
  1464 8.961583e-01
  1465 8.960870e-01
  1466 8.960158e-01
  1467 8.959445e-01
  1468 8.958732e-01
  1469 8.957974e-01
  1470 8.957305e-01
  1471 8.956548e-01
  1472 8.955879e-01
  1473 8.955121e-01
  1474 8.954408e-01
  1475 8.953694e-01
  1476 8.952981e-01
  1477 8.952267e-01
  1478 8.951554e-01
  1479 8.950840e-01
  1480 8.950126e-01
  1481 8.949413e-01
  1482 8.948699e-01
  1483 8.947985e-01
  1484 8.947271e-01
  1485 8.946557e-01
  1486 8.945843e-01
  1487 8.945129e-01
  1488 8.944415e-01
  1489 8.943701e-01
  1490 8.942986e-01
  1491 8.942272e-01
  1492 8.941558e-01
  1493 8.940843e-01
  1494 8.940129e-01
  1495 8.939414e-01
  1496 8.938699e-01
  1497 8.937985e-01
  1498 8.937270e-01
  1499 8.936555e-01
  1500 8.935840e-01
  1501 8.935130e-01
  1502 8.934411e-01
  1503 8.933705e-01
  1504 8.932985e-01
  1505 8.932265e-01
  1506 8.931555e-01
  1507 8.930835e-01
  1508 8.930129e-01
  1509 8.929409e-01
  1510 8.928689e-01
  1511 8.927978e-01
  1512 8.927258e-01
  1513 8.926551e-01
  1514 8.925831e-01
  1515 8.925111e-01
  1516 8.924404e-01
  1517 8.923684e-01
  1518 8.922977e-01
  1519 8.922257e-01
  1520 8.921545e-01
  1521 8.920825e-01
  1522 8.920108e-01
  1523 8.919397e-01
  1524 8.918681e-01
  1525 8.917969e-01
  1526 8.917252e-01
  1527 8.916541e-01
  1528 8.915824e-01
  1529 8.915103e-01
  1530 8.914396e-01
  1531 8.913674e-01
  1532 8.912967e-01
  1533 8.912250e-01
  1534 8.911538e-01
  1535 8.910821e-01
  1536 8.910108e-01
  1537 8.909391e-01
  1538 8.908683e-01
  1539 8.907962e-01
  1540 8.907254e-01
  1541 8.906536e-01
  1542 8.905824e-01
  1543 8.905106e-01
  1544 8.904398e-01
  1545 8.903681e-01
  1546 8.902968e-01
  1547 8.902250e-01
  1548 8.901541e-01
  1549 8.900824e-01
  1550 8.900115e-01
  1551 8.899393e-01
  1552 8.898688e-01
  1553 8.897975e-01
  1554 8.897257e-01
  1555 8.896548e-01
  1556 8.895830e-01
  1557 8.895121e-01
  1558 8.894412e-01
  1559 8.893693e-01
  1560 8.892984e-01
  1561 8.892266e-01
  1562 8.891556e-01
  1563 8.890847e-01
  1564 8.890128e-01
  1565 8.889419e-01
  1566 8.888700e-01
  1567 8.887995e-01
  1568 8.887285e-01
  1569 8.886566e-01
  1570 8.885857e-01
  1571 8.885147e-01
  1572 8.884432e-01
  1573 8.883722e-01
  1574 8.883012e-01
  1575 8.882293e-01
  1576 8.881587e-01
  1577 8.880877e-01
  1578 8.880158e-01
  1579 8.879452e-01
  1580 8.878741e-01
  1581 8.878022e-01
  1582 8.877316e-01
  1583 8.876605e-01
  1584 8.875885e-01
  1585 8.875179e-01
  1586 8.874468e-01
  1587 8.873753e-01
  1588 8.873047e-01
  1589 8.872336e-01
  1590 8.871625e-01
  1591 8.870909e-01
  1592 8.870202e-01
  1593 8.869491e-01
  1594 8.868776e-01
  1595 8.868069e-01
  1596 8.867357e-01
  1597 8.866641e-01
  1598 8.865934e-01
  1599 8.865223e-01
  1600 8.864507e-01
  1601 8.863800e-01
  1602 8.863093e-01
  1603 8.862381e-01
  1604 8.861664e-01
  1605 8.860957e-01
  1606 8.860245e-01
  1607 8.859529e-01
  1608 8.858821e-01
  1609 8.858114e-01
  1610 8.857397e-01
  1611 8.856689e-01
  1612 8.855977e-01
  1613 8.855260e-01
  1614 8.854557e-01
  1615 8.853844e-01
  1616 8.853127e-01
  1617 8.852419e-01
  1618 8.851702e-01
  1619 8.850998e-01
  1620 8.850286e-01
  1621 8.849568e-01
  1622 8.848865e-01
  1623 8.848152e-01
  1624 8.847439e-01
  1625 8.846730e-01
  1626 8.846013e-01
  1627 8.845304e-01
  1628 8.844595e-01
  1629 8.843878e-01
  1630 8.843169e-01
  1631 8.842455e-01
  1632 8.841747e-01
  1633 8.841038e-01
  1634 8.840324e-01
  1635 8.839615e-01
  1636 8.838897e-01
  1637 8.838192e-01
  1638 8.837478e-01
  1639 8.836765e-01
  1640 8.836055e-01
  1641 8.835341e-01
  1642 8.834632e-01
  1643 8.833913e-01
  1644 8.833204e-01
  1645 8.832490e-01
  1646 8.831784e-01
  1647 8.831075e-01
  1648 8.830356e-01
  1649 8.829646e-01
  1650 8.828931e-01
  1651 8.828221e-01
  1652 8.827507e-01
  1653 8.826797e-01
  1654 8.826082e-01
  1655 8.825372e-01
  1656 8.824657e-01
  1657 8.823947e-01
  1658 8.823232e-01
  1659 8.822521e-01
  1660 8.821806e-01
  1661 8.821100e-01
  1662 8.820381e-01
  1663 8.819675e-01
  1664 8.818959e-01
  1665 8.818248e-01
  1666 8.817533e-01
  1667 8.816827e-01
  1668 8.816116e-01
  1669 8.815400e-01
  1670 8.814689e-01
  1671 8.813973e-01
  1672 8.813267e-01
  1673 8.812551e-01
  1674 8.811840e-01
  1675 8.811124e-01
  1676 8.810417e-01
  1677 8.809701e-01
  1678 8.808989e-01
  1679 8.808273e-01
  1680 8.807566e-01
  1681 8.806850e-01
  1682 8.806143e-01
  1683 8.805431e-01
  1684 8.804719e-01
  1685 8.804007e-01
  1686 8.803291e-01
  1687 8.802583e-01
  1688 8.801866e-01
  1689 8.801159e-01
  1690 8.800446e-01
  1691 8.799734e-01
  1692 8.799022e-01
  1693 8.798309e-01
  1694 8.797597e-01
  1695 8.796880e-01
  1696 8.796176e-01
  1697 8.795464e-01
  1698 8.794747e-01
  1699 8.794043e-01
  1700 8.793330e-01
  1701 8.792617e-01
  1702 8.791904e-01
  1703 8.791187e-01
  1704 8.790483e-01
  1705 8.789770e-01
  1706 8.789057e-01
  1707 8.788348e-01
  1708 8.787635e-01
  1709 8.786921e-01
  1710 8.786213e-01
  1711 8.785504e-01
  1712 8.784786e-01
  1713 8.784081e-01
  1714 8.783368e-01
  1715 8.782654e-01
  1716 8.781945e-01
  1717 8.781235e-01
  1718 8.780517e-01
  1719 8.779812e-01
  1720 8.779103e-01
  1721 8.778389e-01
  1722 8.777675e-01
  1723 8.776970e-01
  1724 8.776260e-01
  1725 8.775546e-01
  1726 8.774832e-01
  1727 8.774126e-01
  1728 8.773416e-01
  1729 8.772706e-01
  1730 8.771987e-01
  1731 8.771282e-01
  1732 8.770572e-01
  1733 8.769862e-01
  1734 8.769147e-01
  1735 8.768437e-01
  1736 8.767731e-01
  1737 8.767016e-01
  1738 8.766301e-01
  1739 8.765595e-01
  1740 8.764889e-01
  1741 8.764174e-01
  1742 8.763459e-01
  1743 8.762752e-01
  1744 8.762042e-01
  1745 8.761335e-01
  1746 8.760624e-01
  1747 8.759909e-01
  1748 8.759198e-01
  1749 8.758491e-01
  1750 8.757785e-01
  1751 8.757069e-01
  1752 8.756353e-01
  1753 8.755646e-01
  1754 8.754940e-01
  1755 8.754228e-01
  1756 8.753512e-01
  1757 8.752805e-01
  1758 8.752098e-01
  1759 8.751391e-01
  1760 8.750675e-01
  1761 8.749958e-01
  1762 8.749251e-01
  1763 8.748544e-01
  1764 8.747832e-01
  1765 8.747115e-01
  1766 8.746408e-01
  1767 8.745700e-01
  1768 8.744988e-01
  1769 8.744276e-01
  1770 8.743568e-01
  1771 8.742860e-01
  1772 8.742148e-01
  1773 8.741431e-01
  1774 8.740723e-01
  1775 8.740015e-01
  1776 8.739302e-01
  1777 8.738590e-01
  1778 8.737881e-01
  1779 8.737173e-01
  1780 8.736460e-01
  1781 8.735747e-01
  1782 8.735039e-01
  1783 8.734326e-01
  1784 8.733613e-01
  1785 8.732904e-01
  1786 8.732195e-01
  1787 8.731487e-01
  1788 8.730769e-01
  1789 8.730065e-01
  1790 8.729351e-01
  1791 8.728638e-01
  1792 8.727929e-01
  1793 8.727215e-01
  1794 8.726501e-01
  1795 8.725797e-01
  1796 8.725083e-01
  1797 8.724369e-01
  1798 8.723664e-01
  1799 8.722950e-01
  1800 8.722236e-01
  1801 8.721531e-01
  1802 8.720817e-01
  1803 8.720103e-01
  1804 8.719398e-01
  1805 8.718684e-01
  1806 8.717969e-01
  1807 8.717264e-01
  1808 8.716549e-01
  1809 8.715835e-01
  1810 8.715134e-01
  1811 8.714419e-01
  1812 8.713705e-01
  1813 8.712999e-01
  1814 8.712284e-01
  1815 8.711574e-01
  1816 8.710868e-01
  1817 8.710153e-01
  1818 8.709442e-01
  1819 8.708727e-01
  1820 8.708017e-01
  1821 8.707311e-01
  1822 8.706595e-01
  1823 8.705884e-01
  1824 8.705178e-01
  1825 8.704467e-01
  1826 8.703752e-01
  1827 8.703045e-01
  1828 8.702334e-01
  1829 8.701618e-01
  1830 8.700916e-01
  1831 8.700201e-01
  1832 8.699489e-01
  1833 8.698783e-01
  1834 8.698071e-01
  1835 8.697360e-01
  1836 8.696648e-01
  1837 8.695932e-01
  1838 8.695229e-01
  1839 8.694513e-01
  1840 8.693801e-01
  1841 8.693099e-01
  1842 8.692391e-01
  1843 8.691679e-01
  1844 8.690963e-01
  1845 8.690260e-01
  1846 8.689548e-01
  1847 8.688836e-01
  1848 8.688128e-01
  1849 8.687416e-01
  1850 8.686703e-01
  1851 8.685995e-01
  1852 8.685292e-01
  1853 8.684580e-01
  1854 8.683867e-01
  1855 8.683159e-01
  1856 8.682446e-01
  1857 8.681734e-01
  1858 8.681030e-01
  1859 8.680322e-01
  1860 8.679609e-01
  1861 8.678900e-01
  1862 8.678192e-01
  1863 8.677488e-01
  1864 8.676775e-01
  1865 8.676061e-01
  1866 8.675357e-01
  1867 8.674649e-01
  1868 8.673944e-01
  1869 8.673231e-01
  1870 8.672517e-01
  1871 8.671813e-01
  1872 8.671104e-01
  1873 8.670400e-01
  1874 8.669686e-01
  1875 8.668972e-01
  1876 8.668267e-01
  1877 8.667563e-01
  1878 8.666858e-01
  1879 8.666144e-01
  1880 8.665430e-01
  1881 8.664725e-01
  1882 8.664020e-01
  1883 8.663310e-01
  1884 8.662605e-01
  1885 8.661900e-01
  1886 8.661185e-01
  1887 8.660475e-01
  1888 8.659770e-01
  1889 8.659060e-01
  1890 8.658354e-01
  1891 8.657649e-01
  1892 8.656943e-01
  1893 8.656228e-01
  1894 8.655518e-01
  1895 8.654812e-01
  1896 8.654102e-01
  1897 8.653396e-01
  1898 8.652690e-01
  1899 8.651984e-01
  1900 8.651278e-01
  1901 8.650563e-01
  1902 8.649852e-01
  1903 8.649146e-01
  1904 8.648440e-01
  1905 8.647733e-01
  1906 8.647027e-01
  1907 8.646320e-01
  1908 8.645614e-01
  1909 8.644903e-01
  1910 8.644191e-01
  1911 8.643485e-01
  1912 8.642778e-01
  1913 8.642071e-01
  1914 8.641364e-01
  1915 8.640657e-01
  1916 8.639950e-01
  1917 8.639243e-01
  1918 8.638532e-01
  1919 8.637820e-01
  1920 8.637113e-01
  1921 8.636405e-01
  1922 8.635698e-01
  1923 8.634991e-01
  1924 8.634288e-01
  1925 8.633571e-01
  1926 8.632864e-01
  1927 8.632156e-01
  1928 8.631448e-01
  1929 8.630741e-01
  1930 8.630037e-01
  1931 8.629330e-01
  1932 8.628617e-01
  1933 8.627904e-01
  1934 8.627201e-01
  1935 8.626493e-01
  1936 8.625785e-01
  1937 8.625081e-01
  1938 8.624364e-01
  1939 8.623656e-01
  1940 8.622947e-01
  1941 8.622243e-01
  1942 8.621535e-01
  1943 8.620831e-01
  1944 8.620113e-01
  1945 8.619404e-01
  1946 8.618700e-01
  1947 8.617992e-01
  1948 8.617287e-01
  1949 8.616569e-01
  1950 8.615860e-01
  1951 8.615156e-01
  1952 8.614447e-01
  1953 8.613742e-01
  1954 8.613029e-01
  1955 8.612319e-01
  1956 8.611610e-01
  1957 8.610905e-01
  1958 8.610200e-01
  1959 8.609482e-01
  1960 8.608772e-01
  1961 8.608067e-01
  1962 8.607362e-01
  1963 8.606657e-01
  1964 8.605938e-01
  1965 8.605228e-01
  1966 8.604523e-01
  1967 8.603818e-01
  1968 8.603103e-01
  1969 8.602393e-01
  1970 8.601688e-01
  1971 8.600982e-01
  1972 8.600267e-01
  1973 8.599557e-01
  1974 8.598851e-01
  1975 8.598145e-01
  1976 8.597440e-01
  1977 8.596724e-01
  1978 8.596014e-01
  1979 8.595308e-01
  1980 8.594602e-01
  1981 8.593886e-01
  1982 8.593175e-01
  1983 8.592469e-01
  1984 8.591763e-01
  1985 8.591047e-01
  1986 8.590341e-01
  1987 8.589634e-01
  1988 8.588928e-01
  1989 8.588221e-01
  1990 8.587505e-01
  1991 8.586799e-01
  1992 8.586092e-01
  1993 8.585385e-01
  1994 8.584669e-01
  1995 8.583962e-01
  1996 8.583255e-01
  1997 8.582548e-01
  1998 8.581841e-01
  1999 8.581124e-01
  2000 8.580417e-01
  2001 8.579710e-01
  2002 8.579003e-01
  2003 8.578300e-01
  2004 8.577592e-01
  2005 8.576876e-01
  2006 8.576168e-01
  2007 8.575460e-01
  2008 8.574753e-01
  2009 8.574050e-01
  2010 8.573342e-01
  2011 8.572629e-01
  2012 8.571917e-01
  2013 8.571213e-01
  2014 8.570505e-01
  2015 8.569797e-01
  2016 8.569094e-01
  2017 8.568385e-01
  2018 8.567672e-01
  2019 8.566964e-01
  2020 8.566256e-01
  2021 8.565552e-01
  2022 8.564843e-01
  2023 8.564135e-01
  2024 8.563431e-01
  2025 8.562722e-01
  2026 8.562018e-01
  2027 8.561305e-01
  2028 8.560596e-01
  2029 8.559887e-01
  2030 8.559183e-01
  2031 8.558474e-01
  2032 8.557769e-01
  2033 8.557060e-01
  2034 8.556355e-01
  2035 8.555651e-01
  2036 8.554941e-01
  2037 8.554237e-01
  2038 8.553532e-01
  2039 8.552822e-01
  2040 8.552118e-01
  2041 8.551413e-01
  2042 8.550703e-01
  2043 8.549998e-01
  2044 8.549283e-01
  2045 8.548573e-01
  2046 8.547868e-01
  2047 8.547163e-01
  2048 8.546458e-01
  2049 8.545747e-01
  2050 8.545042e-01
  2051 8.544336e-01
  2052 8.543631e-01
  2053 8.542925e-01
  2054 8.542215e-01
  2055 8.541509e-01
  2056 8.540803e-01
  2057 8.540097e-01
  2058 8.539391e-01
  2059 8.538685e-01
  2060 8.537979e-01
  2061 8.537273e-01
  2062 8.536567e-01
  2063 8.535861e-01
  2064 8.535154e-01
  2065 8.534448e-01
  2066 8.533742e-01
  2067 8.533035e-01
  2068 8.532329e-01
  2069 8.531622e-01
  2070 8.530915e-01
  2071 8.530209e-01
  2072 8.529502e-01
  2073 8.528795e-01
  2074 8.528088e-01
  2075 8.527381e-01
  2076 8.526679e-01
  2077 8.525972e-01
  2078 8.525265e-01
  2079 8.524558e-01
  2080 8.523850e-01
  2081 8.523143e-01
  2082 8.522440e-01
  2083 8.521733e-01
  2084 8.521026e-01
  2085 8.520318e-01
  2086 8.519615e-01
  2087 8.518907e-01
  2088 8.518200e-01
  2089 8.517497e-01
  2090 8.516789e-01
  2091 8.516081e-01
  2092 8.515378e-01
  2093 8.514670e-01
  2094 8.513962e-01
  2095 8.513258e-01
  2096 8.512541e-01
  2097 8.511832e-01
  2098 8.511129e-01
  2099 8.510421e-01
  2100 8.509717e-01
  2101 8.509008e-01
  2102 8.508304e-01
  2103 8.507596e-01
  2104 8.506892e-01
  2105 8.506183e-01
  2106 8.505479e-01
  2107 8.504770e-01
  2108 8.504066e-01
  2109 8.503357e-01
  2110 8.502653e-01
  2111 8.501939e-01
  2112 8.501230e-01
  2113 8.500526e-01
  2114 8.499816e-01
  2115 8.499112e-01
  2116 8.498407e-01
  2117 8.497698e-01
  2118 8.496993e-01
  2119 8.496288e-01
  2120 8.495578e-01
  2121 8.494874e-01
  2122 8.494159e-01
  2123 8.493454e-01
  2124 8.492744e-01
  2125 8.492039e-01
  2126 8.491334e-01
  2127 8.490629e-01
  2128 8.489923e-01
  2129 8.489213e-01
  2130 8.488508e-01
  2131 8.487802e-01
  2132 8.487087e-01
  2133 8.486381e-01
  2134 8.485676e-01
  2135 8.484970e-01
  2136 8.484259e-01
  2137 8.483553e-01
  2138 8.482848e-01
  2139 8.482142e-01
  2140 8.481435e-01
  2141 8.480729e-01
  2142 8.480023e-01
  2143 8.479307e-01
  2144 8.478601e-01
  2145 8.477895e-01
  2146 8.477188e-01
  2147 8.476482e-01
  2148 8.475775e-01
  2149 8.475074e-01
  2150 8.474367e-01
  2151 8.473660e-01
  2152 8.472953e-01
  2153 8.472247e-01
  2154 8.471540e-01
  2155 8.470823e-01
  2156 8.470116e-01
  2157 8.469414e-01
  2158 8.468707e-01
  2159 8.468000e-01
  2160 8.467292e-01
  2161 8.466590e-01
  2162 8.465882e-01
  2163 8.465175e-01
  2164 8.464468e-01
  2165 8.463765e-01
  2166 8.463057e-01
  2167 8.462349e-01
  2168 8.461646e-01
  2169 8.460939e-01
  2170 8.460231e-01
  2171 8.459528e-01
  2172 8.458820e-01
  2173 8.458116e-01
  2174 8.457408e-01
  2175 8.456700e-01
  2176 8.455997e-01
  2177 8.455288e-01
  2178 8.454585e-01
  2179 8.453877e-01
  2180 8.453173e-01
  2181 8.452464e-01
  2182 8.451761e-01
  2183 8.451052e-01
  2184 8.450348e-01
  2185 8.449639e-01
  2186 8.448935e-01
  2187 8.448231e-01
  2188 8.447522e-01
  2189 8.446818e-01
  2190 8.446109e-01
  2191 8.445405e-01
  2192 8.444700e-01
  2193 8.443991e-01
  2194 8.443296e-01
  2195 8.442591e-01
  2196 8.441887e-01
  2197 8.441177e-01
  2198 8.440472e-01
  2199 8.439768e-01
  2200 8.439063e-01
  2201 8.438353e-01
  2202 8.437648e-01
  2203 8.436943e-01
  2204 8.436238e-01
  2205 8.435533e-01
  2206 8.434832e-01
  2207 8.434127e-01
  2208 8.433422e-01
  2209 8.432716e-01
  2210 8.432011e-01
  2211 8.431305e-01
  2212 8.430600e-01
  2213 8.429894e-01
  2214 8.429188e-01
  2215 8.428483e-01
  2216 8.427786e-01
  2217 8.427080e-01
  2218 8.426374e-01
  2219 8.425668e-01
  2220 8.424962e-01
  2221 8.424256e-01
  2222 8.423550e-01
  2223 8.422844e-01
  2224 8.422147e-01
  2225 8.421441e-01
  2226 8.420734e-01
  2227 8.420028e-01
  2228 8.419321e-01
  2229 8.418615e-01
  2230 8.417913e-01
  2231 8.417206e-01
  2232 8.416499e-01
  2233 8.415802e-01
  2234 8.415095e-01
  2235 8.414393e-01
  2236 8.413686e-01
  2237 8.412979e-01
  2238 8.412272e-01
  2239 8.411569e-01
  2240 8.410862e-01
  2241 8.410155e-01
  2242 8.409452e-01
  2243 8.408754e-01
  2244 8.408047e-01
  2245 8.407344e-01
  2246 8.406636e-01
  2247 8.405929e-01
  2248 8.405226e-01
  2249 8.404518e-01
  2250 8.403810e-01
  2251 8.403107e-01
  2252 8.402399e-01
  2253 8.401696e-01
  2254 8.400997e-01
  2255 8.400294e-01
  2256 8.399585e-01
  2257 8.398882e-01
  2258 8.398174e-01
  2259 8.397470e-01
  2260 8.396762e-01
  2261 8.396058e-01
  2262 8.395349e-01
  2263 8.394645e-01
  2264 8.393942e-01
  2265 8.393233e-01
  2266 8.392529e-01
  2267 8.391820e-01
  2268 8.391116e-01
  2269 8.390421e-01
  2270 8.389717e-01
  2271 8.389008e-01
  2272 8.388303e-01
  2273 8.387599e-01
  2274 8.386890e-01
  2275 8.386185e-01
  2276 8.385480e-01
  2277 8.384776e-01
  2278 8.384066e-01
  2279 8.383361e-01
  2280 8.382657e-01
  2281 8.381952e-01
  2282 8.381247e-01
  2283 8.380537e-01
  2284 8.379832e-01
  2285 8.379127e-01
  2286 8.378421e-01
  2287 8.377716e-01
  2288 8.377011e-01
  2289 8.376305e-01
  2290 8.375600e-01
  2291 8.374894e-01
  2292 8.374198e-01
  2293 8.373493e-01
  2294 8.372787e-01
  2295 8.372081e-01
  2296 8.371376e-01
  2297 8.370670e-01
  2298 8.369964e-01
  2299 8.369258e-01
  2300 8.368552e-01
  2301 8.367846e-01
  2302 8.367139e-01
  2303 8.366433e-01
  2304 8.365727e-01
  2305 8.365021e-01
  2306 8.364314e-01
  2307 8.363613e-01
  2308 8.362906e-01
  2309 8.362199e-01
  2310 8.361493e-01
  2311 8.360800e-01
  2312 8.360094e-01
  2313 8.359387e-01
  2314 8.358680e-01
  2315 8.357973e-01
  2316 8.357271e-01
  2317 8.356564e-01
  2318 8.355857e-01
  2319 8.355154e-01
  2320 8.354447e-01
  2321 8.353744e-01
  2322 8.353047e-01
  2323 8.352339e-01
  2324 8.351632e-01
  2325 8.350929e-01
  2326 8.350221e-01
  2327 8.349518e-01
  2328 8.348811e-01
  2329 8.348103e-01
  2330 8.347400e-01
  2331 8.346706e-01
  2332 8.345998e-01
  2333 8.345295e-01
  2334 8.344587e-01
  2335 8.343884e-01
  2336 8.343176e-01
  2337 8.342472e-01
  2338 8.341773e-01
  2339 8.341070e-01
  2340 8.340361e-01
  2341 8.339658e-01
  2342 8.338954e-01
  2343 8.338250e-01
  2344 8.337551e-01
  2345 8.336847e-01
  2346 8.336138e-01
  2347 8.335434e-01
  2348 8.334730e-01
  2349 8.334035e-01
  2350 8.333326e-01
  2351 8.332622e-01
  2352 8.331913e-01
  2353 8.331213e-01
  2354 8.330514e-01
  2355 8.329809e-01
  2356 8.329105e-01
  2357 8.328395e-01
  2358 8.327695e-01
  2359 8.326995e-01
  2360 8.326290e-01
  2361 8.325585e-01
  2362 8.324880e-01
  2363 8.324185e-01
  2364 8.323480e-01
  2365 8.322775e-01
  2366 8.322065e-01
  2367 8.321364e-01
  2368 8.320669e-01
  2369 8.319958e-01
  2370 8.319253e-01
  2371 8.318552e-01
  2372 8.317856e-01
  2373 8.317146e-01
  2374 8.316440e-01
  2375 8.315739e-01
  2376 8.315043e-01
  2377 8.314333e-01
  2378 8.313627e-01
  2379 8.312925e-01
  2380 8.312229e-01
  2381 8.311523e-01
  2382 8.310817e-01
  2383 8.310115e-01
  2384 8.309419e-01
  2385 8.308708e-01
  2386 8.308006e-01
  2387 8.307300e-01
  2388 8.306603e-01
  2389 8.305896e-01
  2390 8.305190e-01
  2391 8.304488e-01
  2392 8.303791e-01
  2393 8.303084e-01
  2394 8.302377e-01
  2395 8.301675e-01
  2396 8.300977e-01
  2397 8.300270e-01
  2398 8.299568e-01
  2399 8.298861e-01
  2400 8.298158e-01
  2401 8.297461e-01
  2402 8.296753e-01
  2403 8.296046e-01
  2404 8.295343e-01
  2405 8.294650e-01
  2406 8.293943e-01
  2407 8.293235e-01
  2408 8.292532e-01
  2409 8.291834e-01
  2410 8.291126e-01
  2411 8.290423e-01
  2412 8.289715e-01
  2413 8.289017e-01
  2414 8.288318e-01
  2415 8.287610e-01
  2416 8.286907e-01
  2417 8.286199e-01
  2418 8.285495e-01
  2419 8.284801e-01
  2420 8.284093e-01
  2421 8.283384e-01
  2422 8.282685e-01
  2423 8.281986e-01
  2424 8.281278e-01
  2425 8.280574e-01
  2426 8.279870e-01
  2427 8.279161e-01
  2428 8.278462e-01
  2429 8.277762e-01
  2430 8.277053e-01
  2431 8.276349e-01
  2432 8.275645e-01
  2433 8.274940e-01
  2434 8.274246e-01
  2435 8.273536e-01
  2436 8.272832e-01
  2437 8.272127e-01
  2438 8.271422e-01
  2439 8.270727e-01
  2440 8.270018e-01
  2441 8.269313e-01
  2442 8.268608e-01
  2443 8.267908e-01
  2444 8.267208e-01
  2445 8.266502e-01
  2446 8.265797e-01
  2447 8.265092e-01
  2448 8.264387e-01
  2449 8.263681e-01
  2450 8.262986e-01
  2451 8.262280e-01
  2452 8.261575e-01
  2453 8.260869e-01
  2454 8.260164e-01
  2455 8.259467e-01
  2456 8.258762e-01
  2457 8.258056e-01
  2458 8.257350e-01
  2459 8.256649e-01
  2460 8.255953e-01
  2461 8.255246e-01
  2462 8.254540e-01
  2463 8.253834e-01
  2464 8.253133e-01
  2465 8.252436e-01
  2466 8.251730e-01
  2467 8.251023e-01
  2468 8.250322e-01
  2469 8.249625e-01
  2470 8.248918e-01
  2471 8.248212e-01
  2472 8.247505e-01
  2473 8.246803e-01
  2474 8.246106e-01
  2475 8.245399e-01
  2476 8.244692e-01
  2477 8.243994e-01
  2478 8.243297e-01
  2479 8.242590e-01
  2480 8.241883e-01
  2481 8.241180e-01
  2482 8.240483e-01
  2483 8.239780e-01
  2484 8.239073e-01
  2485 8.238370e-01
  2486 8.237672e-01
  2487 8.236964e-01
  2488 8.236266e-01
  2489 8.235568e-01
  2490 8.234861e-01
  2491 8.234158e-01
  2492 8.233454e-01
  2493 8.232761e-01
  2494 8.232053e-01
  2495 8.231350e-01
  2496 8.230651e-01
  2497 8.229948e-01
  2498 8.229244e-01
  2499 8.228551e-01
  2500 8.227842e-01
  2501 8.227143e-01
  2502 8.226445e-01
  2503 8.225736e-01
  2504 8.225037e-01
  2505 8.224338e-01
  2506 8.223634e-01
  2507 8.222935e-01
  2508 8.222236e-01
  2509 8.221527e-01
  2510 8.220828e-01
  2511 8.220133e-01
  2512 8.219424e-01
  2513 8.218724e-01
  2514 8.218025e-01
  2515 8.217320e-01
  2516 8.216621e-01
  2517 8.215921e-01
  2518 8.215216e-01
  2519 8.214516e-01
  2520 8.213817e-01
  2521 8.213117e-01
  2522 8.212421e-01
  2523 8.211712e-01
  2524 8.211011e-01
  2525 8.210316e-01
  2526 8.209611e-01
  2527 8.208911e-01
  2528 8.208210e-01
  2529 8.207510e-01
  2530 8.206814e-01
  2531 8.206109e-01
  2532 8.205408e-01
  2533 8.204707e-01
  2534 8.204007e-01
  2535 8.203311e-01
  2536 8.202605e-01
  2537 8.201904e-01
  2538 8.201208e-01
  2539 8.200507e-01
  2540 8.199811e-01
  2541 8.199100e-01
  2542 8.198404e-01
  2543 8.197707e-01
  2544 8.197001e-01
  2545 8.196299e-01
  2546 8.195603e-01
  2547 8.194901e-01
  2548 8.194205e-01
  2549 8.193498e-01
  2550 8.192801e-01
  2551 8.192100e-01
  2552 8.191398e-01
  2553 8.190701e-01
  2554 8.189994e-01
  2555 8.189297e-01
  2556 8.188600e-01
  2557 8.187893e-01
  2558 8.187195e-01
  2559 8.186498e-01
  2560 8.185796e-01
  2561 8.185098e-01
  2562 8.184391e-01
  2563 8.183693e-01
  2564 8.182996e-01
  2565 8.182293e-01
  2566 8.181595e-01
  2567 8.180892e-01
  2568 8.180195e-01
  2569 8.179497e-01
  2570 8.178789e-01
  2571 8.178091e-01
  2572 8.177393e-01
  2573 8.176685e-01
  2574 8.175986e-01
  2575 8.175288e-01
  2576 8.174590e-01
  2577 8.173891e-01
  2578 8.173183e-01
  2579 8.172484e-01
  2580 8.171786e-01
  2581 8.171082e-01
  2582 8.170383e-01
  2583 8.169685e-01
  2584 8.168981e-01
  2585 8.168282e-01
  2586 8.167583e-01
  2587 8.166874e-01
  2588 8.166180e-01
  2589 8.165481e-01
  2590 8.164772e-01
  2591 8.164077e-01
  2592 8.163378e-01
  2593 8.162669e-01
  2594 8.161974e-01
  2595 8.161275e-01
  2596 8.160570e-01
  2597 8.159871e-01
  2598 8.159171e-01
  2599 8.158471e-01
  2600 8.157771e-01
  2601 8.157067e-01
  2602 8.156372e-01
  2603 8.155672e-01
  2604 8.154967e-01
  2605 8.154267e-01
  2606 8.153566e-01
  2607 8.152861e-01
  2608 8.152166e-01
  2609 8.151465e-01
  2610 8.150760e-01
  2611 8.150060e-01
  2612 8.149364e-01
  2613 8.148654e-01
  2614 8.147958e-01
  2615 8.147257e-01
  2616 8.146561e-01
  2617 8.145860e-01
  2618 8.145155e-01
  2619 8.144459e-01
  2620 8.143758e-01
  2621 8.143052e-01
  2622 8.142355e-01
  2623 8.141654e-01
  2624 8.140948e-01
  2625 8.140251e-01
  2626 8.139550e-01
  2627 8.138854e-01
  2628 8.138152e-01
  2629 8.137446e-01
  2630 8.136749e-01
  2631 8.136052e-01
  2632 8.135350e-01
  2633 8.134653e-01
  2634 8.133947e-01
  2635 8.133250e-01
  2636 8.132548e-01
  2637 8.131850e-01
  2638 8.131153e-01
  2639 8.130446e-01
  2640 8.129749e-01
  2641 8.129047e-01
  2642 8.128349e-01
  2643 8.127647e-01
  2644 8.126949e-01
  2645 8.126252e-01
  2646 8.125544e-01
  2647 8.124846e-01
  2648 8.124148e-01
  2649 8.123451e-01
  2650 8.122748e-01
  2651 8.122050e-01
  2652 8.121352e-01
  2653 8.120654e-01
  2654 8.119951e-01
  2655 8.119252e-01
  2656 8.118554e-01
  2657 8.117856e-01
  2658 8.117157e-01
  2659 8.116449e-01
  2660 8.115755e-01
  2661 8.115052e-01
  2662 8.114353e-01
  2663 8.113655e-01
  2664 8.112956e-01
  2665 8.112257e-01
  2666 8.111558e-01
  2667 8.110859e-01
  2668 8.110160e-01
  2669 8.109456e-01
  2670 8.108762e-01
  2671 8.108058e-01
  2672 8.107364e-01
  2673 8.106664e-01
  2674 8.105965e-01
  2675 8.105270e-01
  2676 8.104571e-01
  2677 8.103871e-01
  2678 8.103172e-01
  2679 8.102472e-01
  2680 8.101772e-01
  2681 8.101077e-01
  2682 8.100373e-01
  2683 8.099678e-01
  2684 8.098978e-01
  2685 8.098278e-01
  2686 8.097578e-01
  2687 8.096882e-01
  2688 8.096182e-01
  2689 8.095482e-01
  2690 8.094791e-01
  2691 8.094086e-01
  2692 8.093391e-01
  2693 8.092690e-01
  2694 8.091994e-01
  2695 8.091289e-01
  2696 8.090593e-01
  2697 8.089892e-01
  2698 8.089196e-01
  2699 8.088496e-01
  2700 8.087800e-01
  2701 8.087103e-01
  2702 8.086402e-01
  2703 8.085706e-01
  2704 8.085005e-01
  2705 8.084309e-01
  2706 8.083607e-01
  2707 8.082911e-01
  2708 8.082210e-01
  2709 8.081513e-01
  2710 8.080812e-01
  2711 8.080115e-01
  2712 8.079413e-01
  2713 8.078716e-01
  2714 8.078024e-01
  2715 8.077323e-01
  2716 8.076626e-01
  2717 8.075924e-01
  2718 8.075227e-01
  2719 8.074525e-01
  2720 8.073827e-01
  2721 8.073125e-01
  2722 8.072433e-01
  2723 8.071730e-01
  2724 8.071033e-01
  2725 8.070330e-01
  2726 8.069638e-01
  2727 8.068935e-01
  2728 8.068238e-01
  2729 8.067545e-01
  2730 8.066842e-01
  2731 8.066149e-01
  2732 8.065446e-01
  2733 8.064748e-01
  2734 8.064045e-01
  2735 8.063352e-01
  2736 8.062649e-01
  2737 8.061956e-01
  2738 8.061252e-01
  2739 8.060554e-01
  2740 8.059856e-01
  2741 8.059157e-01
  2742 8.058454e-01
  2743 8.057760e-01
  2744 8.057056e-01
  2745 8.056363e-01
  2746 8.055659e-01
  2747 8.054965e-01
  2748 8.054261e-01
  2749 8.053567e-01
  2750 8.052863e-01
  2751 8.052169e-01
  2752 8.051465e-01
  2753 8.050771e-01
  2754 8.050067e-01
  2755 8.049372e-01
  2756 8.048668e-01
  2757 8.047973e-01
  2758 8.047274e-01
  2759 8.046579e-01
  2760 8.045875e-01
  2761 8.045180e-01
  2762 8.044475e-01
  2763 8.043780e-01
  2764 8.043085e-01
  2765 8.042385e-01
  2766 8.041690e-01
  2767 8.040985e-01
  2768 8.040290e-01
  2769 8.039590e-01
  2770 8.038895e-01
  2771 8.038190e-01
  2772 8.037494e-01
  2773 8.036794e-01
  2774 8.036098e-01
  2775 8.035393e-01
  2776 8.034697e-01
  2777 8.033996e-01
  2778 8.033301e-01
  2779 8.032595e-01
  2780 8.031899e-01
  2781 8.031208e-01
  2782 8.030502e-01
  2783 8.029811e-01
  2784 8.029105e-01
  2785 8.028409e-01
  2786 8.027708e-01
  2787 8.027011e-01
  2788 8.026310e-01
  2789 8.025614e-01
  2790 8.024922e-01
  2791 8.024216e-01
  2792 8.023519e-01
  2793 8.022817e-01
  2794 8.022121e-01
  2795 8.021419e-01
  2796 8.020722e-01
  2797 8.020030e-01
  2798 8.019328e-01
  2799 8.018631e-01
  2800 8.017929e-01
  2801 8.017232e-01
  2802 8.016540e-01
  2803 8.015832e-01
  2804 8.015140e-01
  2805 8.014433e-01
  2806 8.013740e-01
  2807 8.013048e-01
  2808 8.012340e-01
  2809 8.011648e-01
  2810 8.010950e-01
  2811 8.010247e-01
  2812 8.009554e-01
  2813 8.008851e-01
  2814 8.008153e-01
  2815 8.007460e-01
  2816 8.006757e-01
  2817 8.006059e-01
  2818 8.005366e-01
  2819 8.004663e-01
  2820 8.003965e-01
  2821 8.003271e-01
  2822 8.002568e-01
  2823 8.001869e-01
  2824 8.001176e-01
  2825 8.000472e-01
  2826 7.999778e-01
  2827 7.999085e-01
  2828 7.998381e-01
  2829 7.997682e-01
  2830 7.996988e-01
  2831 7.996284e-01
  2832 7.995590e-01
  2833 7.994896e-01
  2834 7.994192e-01
  2835 7.993493e-01
  2836 7.992798e-01
  2837 7.992104e-01
  2838 7.991400e-01
  2839 7.990705e-01
  2840 7.990011e-01
  2841 7.989306e-01
  2842 7.988611e-01
  2843 7.987917e-01
  2844 7.987212e-01
  2845 7.986517e-01
  2846 7.985822e-01
  2847 7.985127e-01
  2848 7.984422e-01
  2849 7.983727e-01
  2850 7.983032e-01
  2851 7.982332e-01
  2852 7.981632e-01
  2853 7.980941e-01
  2854 7.980236e-01
  2855 7.979540e-01
  2856 7.978845e-01
  2857 7.978149e-01
  2858 7.977449e-01
  2859 7.976753e-01
  2860 7.976057e-01
  2861 7.975351e-01
  2862 7.974656e-01
  2863 7.973960e-01
  2864 7.973269e-01
  2865 7.972563e-01
  2866 7.971867e-01
  2867 7.971175e-01
  2868 7.970469e-01
  2869 7.969773e-01
  2870 7.969077e-01
  2871 7.968385e-01
  2872 7.967679e-01
  2873 7.966982e-01
  2874 7.966290e-01
  2875 7.965584e-01
  2876 7.964892e-01
  2877 7.964195e-01
  2878 7.963493e-01
  2879 7.962797e-01
  2880 7.962100e-01
  2881 7.961408e-01
  2882 7.960706e-01
  2883 7.960008e-01
  2884 7.959316e-01
  2885 7.958609e-01
  2886 7.957917e-01
  2887 7.957219e-01
  2888 7.956517e-01
  2889 7.955819e-01
  2890 7.955127e-01
  2891 7.954434e-01
  2892 7.953726e-01
  2893 7.953034e-01
  2894 7.952341e-01
  2895 7.951633e-01
  2896 7.950940e-01
  2897 7.950247e-01
  2898 7.949539e-01
  2899 7.948846e-01
  2900 7.948153e-01
  2901 7.947449e-01
  2902 7.946751e-01
  2903 7.946058e-01
  2904 7.945354e-01
  2905 7.944661e-01
  2906 7.943967e-01
  2907 7.943274e-01
  2908 7.942565e-01
  2909 7.941871e-01
  2910 7.941177e-01
  2911 7.940474e-01
  2912 7.939780e-01
  2913 7.939086e-01
  2914 7.938382e-01
  2915 7.937688e-01
  2916 7.936993e-01
  2917 7.936289e-01
  2918 7.935595e-01
  2919 7.934901e-01
  2920 7.934206e-01
  2921 7.933502e-01
  2922 7.932807e-01
  2923 7.932113e-01
  2924 7.931408e-01
  2925 7.930718e-01
  2926 7.930023e-01
  2927 7.929319e-01
  2928 7.928624e-01
  2929 7.927929e-01
  2930 7.927234e-01
  2931 7.926534e-01
  2932 7.925839e-01
  2933 7.925143e-01
  2934 7.924438e-01
  2935 7.923748e-01
  2936 7.923053e-01
  2937 7.922357e-01
  2938 7.921657e-01
  2939 7.920961e-01
  2940 7.920265e-01
  2941 7.919565e-01
  2942 7.918869e-01
  2943 7.918173e-01
  2944 7.917482e-01
  2945 7.916776e-01
  2946 7.916085e-01
  2947 7.915389e-01
  2948 7.914698e-01
  2949 7.913992e-01
  2950 7.913301e-01
  2951 7.912605e-01
  2952 7.911913e-01
  2953 7.911207e-01
  2954 7.910516e-01
  2955 7.909819e-01
  2956 7.909127e-01
  2957 7.908431e-01
  2958 7.907729e-01
  2959 7.907037e-01
  2960 7.906341e-01
  2961 7.905649e-01
  2962 7.904947e-01
  2963 7.904250e-01
  2964 7.903558e-01
  2965 7.902866e-01
  2966 7.902173e-01
  2967 7.901466e-01
  2968 7.900774e-01
  2969 7.900081e-01
  2970 7.899389e-01
  2971 7.898692e-01
  2972 7.897989e-01
  2973 7.897296e-01
  2974 7.896604e-01
  2975 7.895911e-01
  2976 7.895218e-01
  2977 7.894526e-01
  2978 7.893823e-01
  2979 7.893130e-01
  2980 7.892437e-01
  2981 7.891744e-01
  2982 7.891045e-01
  2983 7.890357e-01
  2984 7.889659e-01
  2985 7.888956e-01
  2986 7.888267e-01
  2987 7.887574e-01
  2988 7.886880e-01
  2989 7.886187e-01
  2990 7.885493e-01
  2991 7.884799e-01
  2992 7.884096e-01
  2993 7.883402e-01
  2994 7.882708e-01
  2995 7.882019e-01
  2996 7.881325e-01
  2997 7.880631e-01
  2998 7.879937e-01
  2999 7.879243e-01
  3000 7.878544e-01
  3001 7.877849e-01
  3002 7.877155e-01
  3003 7.876461e-01
  3004 7.875771e-01
  3005 7.875077e-01
  3006 7.874382e-01
  3007 7.873692e-01
  3008 7.872988e-01
  3009 7.872293e-01
  3010 7.871603e-01
  3011 7.870908e-01
  3012 7.870218e-01
  3013 7.869523e-01
  3014 7.868828e-01
  3015 7.868138e-01
  3016 7.867443e-01
  3017 7.866743e-01
  3018 7.866047e-01
  3019 7.865357e-01
  3020 7.864662e-01
  3021 7.863971e-01
  3022 7.863281e-01
  3023 7.862585e-01
  3024 7.861894e-01
  3025 7.861199e-01
  3026 7.860498e-01
  3027 7.859807e-01
  3028 7.859111e-01
  3029 7.858420e-01
  3030 7.857724e-01
  3031 7.857033e-01
  3032 7.856342e-01
  3033 7.855651e-01
  3034 7.854954e-01
  3035 7.854253e-01
  3036 7.853562e-01
  3037 7.852865e-01
  3038 7.852174e-01
  3039 7.851482e-01
  3040 7.850791e-01
  3041 7.850099e-01
  3042 7.849402e-01
  3043 7.848700e-01
  3044 7.848008e-01
  3045 7.847316e-01
  3046 7.846625e-01
  3047 7.845933e-01
  3048 7.845235e-01
  3049 7.844543e-01
  3050 7.843851e-01
  3051 7.843149e-01
  3052 7.842456e-01
  3053 7.841764e-01
  3054 7.841071e-01
  3055 7.840379e-01
  3056 7.839686e-01
  3057 7.838994e-01
  3058 7.838301e-01
  3059 7.837598e-01
  3060 7.836905e-01
  3061 7.836212e-01
  3062 7.835519e-01
  3063 7.834826e-01
  3064 7.834133e-01
  3065 7.833440e-01
  3066 7.832747e-01
  3067 7.832044e-01
  3068 7.831355e-01
  3069 7.830662e-01
  3070 7.829969e-01
  3071 7.829275e-01
  3072 7.828582e-01
  3073 7.827888e-01
  3074 7.827199e-01
  3075 7.826506e-01
  3076 7.825802e-01
  3077 7.825108e-01
  3078 7.824419e-01
  3079 7.823725e-01
  3080 7.823031e-01
  3081 7.822337e-01
  3082 7.821648e-01
  3083 7.820949e-01
  3084 7.820249e-01
  3085 7.819555e-01
  3086 7.818866e-01
  3087 7.818171e-01
  3088 7.817476e-01
  3089 7.816787e-01
  3090 7.816092e-01
  3091 7.815398e-01
  3092 7.814708e-01
  3093 7.814013e-01
  3094 7.813318e-01
  3095 7.812618e-01
  3096 7.811923e-01
  3097 7.811233e-01
  3098 7.810538e-01
  3099 7.809848e-01
  3100 7.809153e-01
  3101 7.808462e-01
  3102 7.807767e-01
  3103 7.807072e-01
  3104 7.806381e-01
  3105 7.805686e-01
  3106 7.804995e-01
  3107 7.804304e-01
  3108 7.803609e-01
  3109 7.802903e-01
  3110 7.802212e-01
  3111 7.801521e-01
  3112 7.800825e-01
  3113 7.800134e-01
  3114 7.799438e-01
  3115 7.798747e-01
  3116 7.798056e-01
  3117 7.797359e-01
  3118 7.796668e-01
  3119 7.795972e-01
  3120 7.795280e-01
  3121 7.794589e-01
  3122 7.793892e-01
  3123 7.793201e-01
  3124 7.792509e-01
  3125 7.791812e-01
  3126 7.791120e-01
  3127 7.790428e-01
  3128 7.789731e-01
  3129 7.789040e-01
  3130 7.788348e-01
  3131 7.787655e-01
  3132 7.786958e-01
  3133 7.786266e-01
  3134 7.785574e-01
  3135 7.784881e-01
  3136 7.784189e-01
  3137 7.783491e-01
  3138 7.782799e-01
  3139 7.782106e-01
  3140 7.781414e-01
  3141 7.780721e-01
  3142 7.780028e-01
  3143 7.779330e-01
  3144 7.778643e-01
  3145 7.777955e-01
  3146 7.777262e-01
  3147 7.776569e-01
  3148 7.775876e-01
  3149 7.775183e-01
  3150 7.774489e-01
  3151 7.773796e-01
  3152 7.773103e-01
  3153 7.772409e-01
  3154 7.771716e-01
  3155 7.771022e-01
  3156 7.770329e-01
  3157 7.769635e-01
  3158 7.768941e-01
  3159 7.768247e-01
  3160 7.767554e-01
  3161 7.766865e-01
  3162 7.766176e-01
  3163 7.765482e-01
  3164 7.764788e-01
  3165 7.764094e-01
  3166 7.763399e-01
  3167 7.762710e-01
  3168 7.762016e-01
  3169 7.761321e-01
  3170 7.760627e-01
  3171 7.759932e-01
  3172 7.759243e-01
  3173 7.758548e-01
  3174 7.757859e-01
  3175 7.757169e-01
  3176 7.756474e-01
  3177 7.755784e-01
  3178 7.755089e-01
  3179 7.754394e-01
  3180 7.753699e-01
  3181 7.753009e-01
  3182 7.752314e-01
  3183 7.751619e-01
  3184 7.750929e-01
  3185 7.750233e-01
  3186 7.749538e-01
  3187 7.748847e-01
  3188 7.748162e-01
  3189 7.747466e-01
  3190 7.746776e-01
  3191 7.746080e-01
  3192 7.745389e-01
  3193 7.744693e-01
  3194 7.744003e-01
  3195 7.743307e-01
  3196 7.742616e-01
  3197 7.741920e-01
  3198 7.741228e-01
  3199 7.740532e-01
  3200 7.739841e-01
  3201 7.739155e-01
  3202 7.738464e-01
  3203 7.737767e-01
  3204 7.737076e-01
  3205 7.736379e-01
  3206 7.735687e-01
  3207 7.734996e-01
  3208 7.734299e-01
  3209 7.733607e-01
  3210 7.732915e-01
  3211 7.732218e-01
  3212 7.731526e-01
  3213 7.730835e-01
  3214 7.730153e-01
  3215 7.729456e-01
  3216 7.728763e-01
  3217 7.728071e-01
  3218 7.727374e-01
  3219 7.726681e-01
  3220 7.725989e-01
  3221 7.725296e-01
  3222 7.724599e-01
  3223 7.723906e-01
  3224 7.723213e-01
  3225 7.722521e-01
  3226 7.721828e-01
  3227 7.721135e-01
  3228 7.720452e-01
  3229 7.719754e-01
  3230 7.719061e-01
  3231 7.718368e-01
  3232 7.717675e-01
  3233 7.716982e-01
  3234 7.716288e-01
  3235 7.715595e-01
  3236 7.714902e-01
  3237 7.714208e-01
  3238 7.713515e-01
  3239 7.712826e-01
  3240 7.712138e-01
  3241 7.711444e-01
  3242 7.710750e-01
  3243 7.710056e-01
  3244 7.709362e-01
  3245 7.708674e-01
  3246 7.707980e-01
  3247 7.707285e-01
  3248 7.706591e-01
  3249 7.705902e-01
  3250 7.705213e-01
  3251 7.704519e-01
  3252 7.703830e-01
  3253 7.703135e-01
  3254 7.702440e-01
  3255 7.701746e-01
  3256 7.701051e-01
  3257 7.700367e-01
  3258 7.699677e-01
  3259 7.698982e-01
  3260 7.698293e-01
  3261 7.697598e-01
  3262 7.696903e-01
  3263 7.696213e-01
  3264 7.695523e-01
  3265 7.694838e-01
  3266 7.694143e-01
  3267 7.693447e-01
  3268 7.692757e-01
  3269 7.692062e-01
  3270 7.691366e-01
  3271 7.690681e-01
  3272 7.689996e-01
  3273 7.689300e-01
  3274 7.688604e-01
  3275 7.687913e-01
  3276 7.687223e-01
  3277 7.686537e-01
  3278 7.685841e-01
  3279 7.685150e-01
  3280 7.684459e-01
  3281 7.683763e-01
  3282 7.683077e-01
  3283 7.682391e-01
  3284 7.681695e-01
  3285 7.681003e-01
  3286 7.680307e-01
  3287 7.679621e-01
  3288 7.678934e-01
  3289 7.678238e-01
  3290 7.677546e-01
  3291 7.676860e-01
  3292 7.676173e-01
  3293 7.675476e-01
  3294 7.674784e-01
  3295 7.674092e-01
  3296 7.673406e-01
  3297 7.672719e-01
  3298 7.672021e-01
  3299 7.671329e-01
  3300 7.670642e-01
  3301 7.669955e-01
  3302 7.669263e-01
  3303 7.668565e-01
  3304 7.667883e-01
  3305 7.667196e-01
  3306 7.666498e-01
  3307 7.665805e-01
  3308 7.665118e-01
  3309 7.664430e-01
  3310 7.663737e-01
  3311 7.663045e-01
  3312 7.662357e-01
  3313 7.661674e-01
  3314 7.660976e-01
  3315 7.660293e-01
  3316 7.659605e-01
  3317 7.658912e-01
  3318 7.658219e-01
  3319 7.657530e-01
  3320 7.656842e-01
  3321 7.656149e-01
  3322 7.655455e-01
  3323 7.654767e-01
  3324 7.654083e-01
  3325 7.653390e-01
  3326 7.652701e-01
  3327 7.652012e-01
  3328 7.651318e-01
  3329 7.650629e-01
  3330 7.649941e-01
  3331 7.649252e-01
  3332 7.648557e-01
  3333 7.647874e-01
  3334 7.647185e-01
  3335 7.646495e-01
  3336 7.645801e-01
  3337 7.645112e-01
  3338 7.644427e-01
  3339 7.643733e-01
  3340 7.643048e-01
  3341 7.642359e-01
  3342 7.641664e-01
  3343 7.640969e-01
  3344 7.640285e-01
  3345 7.639600e-01
  3346 7.638905e-01
  3347 7.638210e-01
  3348 7.637525e-01
  3349 7.636840e-01
  3350 7.636145e-01
  3351 7.635460e-01
  3352 7.634770e-01
  3353 7.634079e-01
  3354 7.633384e-01
  3355 7.632699e-01
  3356 7.632013e-01
  3357 7.631318e-01
  3358 7.630632e-01
  3359 7.629947e-01
  3360 7.629251e-01
  3361 7.628560e-01
  3362 7.627874e-01
  3363 7.627183e-01
  3364 7.626492e-01
  3365 7.625807e-01
  3366 7.625121e-01
  3367 7.624424e-01
  3368 7.623733e-01
  3369 7.623047e-01
  3370 7.622361e-01
  3371 7.621664e-01
  3372 7.620978e-01
  3373 7.620292e-01
  3374 7.619600e-01
  3375 7.618903e-01
  3376 7.618222e-01
  3377 7.617535e-01
  3378 7.616838e-01
  3379 7.616152e-01
  3380 7.615465e-01
  3381 7.614773e-01
  3382 7.614081e-01
  3383 7.613394e-01
  3384 7.612707e-01
  3385 7.612014e-01
  3386 7.611327e-01
  3387 7.610640e-01
  3388 7.609948e-01
  3389 7.609255e-01
  3390 7.608568e-01
  3391 7.607880e-01
  3392 7.607188e-01
  3393 7.606505e-01
  3394 7.605818e-01
  3395 7.605119e-01
  3396 7.604437e-01
  3397 7.603749e-01
  3398 7.603056e-01
  3399 7.602363e-01
  3400 7.601675e-01
  3401 7.600992e-01
  3402 7.600293e-01
  3403 7.599611e-01
  3404 7.598922e-01
  3405 7.598229e-01
  3406 7.597546e-01
  3407 7.596857e-01
  3408 7.596163e-01
  3409 7.595480e-01
  3410 7.594792e-01
  3411 7.594098e-01
  3412 7.593409e-01
  3413 7.592725e-01
  3414 7.592031e-01
  3415 7.591342e-01
  3416 7.590659e-01
  3417 7.589964e-01
  3418 7.589280e-01
  3419 7.588591e-01
  3420 7.587897e-01
  3421 7.587213e-01
  3422 7.586523e-01
  3423 7.585839e-01
  3424 7.585150e-01
  3425 7.584455e-01
  3426 7.583770e-01
  3427 7.583081e-01
  3428 7.582386e-01
  3429 7.581707e-01
  3430 7.581017e-01
  3431 7.580332e-01
  3432 7.579642e-01
  3433 7.578947e-01
  3434 7.578262e-01
  3435 7.577572e-01
  3436 7.576887e-01
  3437 7.576202e-01
  3438 7.575506e-01
  3439 7.574821e-01
  3440 7.574130e-01
  3441 7.573445e-01
  3442 7.572760e-01
  3443 7.572064e-01
  3444 7.571384e-01
  3445 7.570693e-01
  3446 7.570007e-01
  3447 7.569316e-01
  3448 7.568630e-01
  3449 7.567945e-01
  3450 7.567248e-01
  3451 7.566568e-01
  3452 7.565876e-01
  3453 7.565190e-01
  3454 7.564499e-01
  3455 7.563818e-01
  3456 7.563127e-01
  3457 7.562440e-01
  3458 7.561749e-01
  3459 7.561068e-01
  3460 7.560376e-01
  3461 7.559684e-01
  3462 7.558997e-01
  3463 7.558311e-01
  3464 7.557624e-01
  3465 7.556932e-01
  3466 7.556250e-01
  3467 7.555558e-01
  3468 7.554877e-01
  3469 7.554184e-01
  3470 7.553497e-01
  3471 7.552810e-01
  3472 7.552123e-01
  3473 7.551436e-01
  3474 7.550748e-01
  3475 7.550061e-01
  3476 7.549373e-01
  3477 7.548686e-01
  3478 7.547998e-01
  3479 7.547311e-01
  3480 7.546623e-01
  3481 7.545935e-01
  3482 7.545247e-01
  3483 7.544559e-01
  3484 7.543877e-01
  3485 7.543183e-01
  3486 7.542500e-01
  3487 7.541807e-01
  3488 7.541124e-01
  3489 7.540430e-01
  3490 7.539747e-01
  3491 7.539059e-01
  3492 7.538371e-01
  3493 7.537682e-01
  3494 7.536988e-01
  3495 7.536305e-01
  3496 7.535611e-01
  3497 7.534927e-01
  3498 7.534249e-01
  3499 7.533555e-01
  3500 7.532871e-01
  3501 7.532177e-01
  3502 7.531493e-01
  3503 7.530804e-01
  3504 7.530120e-01
  3505 7.529425e-01
  3506 7.528741e-01
  3507 7.528052e-01
  3508 7.527368e-01
  3509 7.526678e-01
  3510 7.525994e-01
  3511 7.525299e-01
  3512 7.524614e-01
  3513 7.523925e-01
  3514 7.523240e-01
  3515 7.522550e-01
  3516 7.521865e-01
  3517 7.521170e-01
  3518 7.520485e-01
  3519 7.519795e-01
  3520 7.519110e-01
  3521 7.518420e-01
  3522 7.517735e-01
  3523 7.517044e-01
  3524 7.516359e-01
  3525 7.515669e-01
  3526 7.514983e-01
  3527 7.514293e-01
  3528 7.513607e-01
  3529 7.512916e-01
  3530 7.512231e-01
  3531 7.511540e-01
  3532 7.510854e-01
  3533 7.510163e-01
  3534 7.509477e-01
  3535 7.508786e-01
  3536 7.508100e-01
  3537 7.507409e-01
  3538 7.506723e-01
  3539 7.506032e-01
  3540 7.505351e-01
  3541 7.504654e-01
  3542 7.503973e-01
  3543 7.503281e-01
  3544 7.502595e-01
  3545 7.501903e-01
  3546 7.501222e-01
  3547 7.500530e-01
  3548 7.499843e-01
  3549 7.499151e-01
  3550 7.498469e-01
  3551 7.497772e-01
  3552 7.497090e-01
  3553 7.496398e-01
  3554 7.495716e-01
  3555 7.495024e-01
  3556 7.494337e-01
  3557 7.493655e-01
  3558 7.492962e-01
  3559 7.492280e-01
  3560 7.491587e-01
  3561 7.490900e-01
  3562 7.490212e-01
  3563 7.489524e-01
  3564 7.488831e-01
  3565 7.488149e-01
  3566 7.487456e-01
  3567 7.486773e-01
  3568 7.486091e-01
  3569 7.485397e-01
  3570 7.484715e-01
  3571 7.484021e-01
  3572 7.483338e-01
  3573 7.482645e-01
  3574 7.481962e-01
  3575 7.481279e-01
  3576 7.480585e-01
  3577 7.479902e-01
  3578 7.479208e-01
  3579 7.478524e-01
  3580 7.477836e-01
  3581 7.477152e-01
  3582 7.476469e-01
  3583 7.475775e-01
  3584 7.475091e-01
  3585 7.474397e-01
  3586 7.473713e-01
  3587 7.473034e-01
  3588 7.472340e-01
  3589 7.471656e-01
  3590 7.470972e-01
  3591 7.470282e-01
  3592 7.469598e-01
  3593 7.468903e-01
  3594 7.468219e-01
  3595 7.467540e-01
  3596 7.466845e-01
  3597 7.466161e-01
  3598 7.465482e-01
  3599 7.464786e-01
  3600 7.464107e-01
  3601 7.463422e-01
  3602 7.462732e-01
  3603 7.462047e-01
  3604 7.461357e-01
  3605 7.460672e-01
  3606 7.459987e-01
  3607 7.459297e-01
  3608 7.458612e-01
  3609 7.457932e-01
  3610 7.457241e-01
  3611 7.456556e-01
  3612 7.455876e-01
  3613 7.455190e-01
  3614 7.454500e-01
  3615 7.453814e-01
  3616 7.453134e-01
  3617 7.452443e-01
  3618 7.451757e-01
  3619 7.451076e-01
  3620 7.450385e-01
  3621 7.449699e-01
  3622 7.449019e-01
  3623 7.448327e-01
  3624 7.447646e-01
  3625 7.446960e-01
  3626 7.446279e-01
  3627 7.445588e-01
  3628 7.444907e-01
  3629 7.444220e-01
  3630 7.443528e-01
  3631 7.442847e-01
  3632 7.442166e-01
  3633 7.441474e-01
  3634 7.440792e-01
  3635 7.440105e-01
  3636 7.439424e-01
  3637 7.438732e-01
  3638 7.438050e-01
  3639 7.437368e-01
  3640 7.436686e-01
  3641 7.435994e-01
  3642 7.435312e-01
  3643 7.434630e-01
  3644 7.433937e-01
  3645 7.433255e-01
  3646 7.432573e-01
  3647 7.431891e-01
  3648 7.431198e-01
  3649 7.430515e-01
  3650 7.429833e-01
  3651 7.429150e-01
  3652 7.428463e-01
  3653 7.427780e-01
  3654 7.427097e-01
  3655 7.426404e-01
  3656 7.425721e-01
  3657 7.425038e-01
  3658 7.424355e-01
  3659 7.423667e-01
  3660 7.422984e-01
  3661 7.422301e-01
  3662 7.421618e-01
  3663 7.420929e-01
  3664 7.420246e-01
  3665 7.419562e-01
  3666 7.418868e-01
  3667 7.418190e-01
  3668 7.417507e-01
  3669 7.416823e-01
  3670 7.416134e-01
  3671 7.415450e-01
  3672 7.414766e-01
  3673 7.414088e-01
  3674 7.413393e-01
  3675 7.412715e-01
  3676 7.412031e-01
  3677 7.411346e-01
  3678 7.410657e-01
  3679 7.409973e-01
  3680 7.409294e-01
  3681 7.408599e-01
  3682 7.407920e-01
  3683 7.407235e-01
  3684 7.406556e-01
  3685 7.405860e-01
  3686 7.405181e-01
  3687 7.404496e-01
  3688 7.403817e-01
  3689 7.403121e-01
  3690 7.402442e-01
  3691 7.401762e-01
  3692 7.401077e-01
  3693 7.400387e-01
  3694 7.399701e-01
  3695 7.399022e-01
  3696 7.398336e-01
  3697 7.397645e-01
  3698 7.396965e-01
  3699 7.396285e-01
  3700 7.395600e-01
  3701 7.394909e-01
  3702 7.394228e-01
  3703 7.393543e-01
  3704 7.392862e-01
  3705 7.392171e-01
  3706 7.391490e-01
  3707 7.390804e-01
  3708 7.390124e-01
  3709 7.389432e-01
  3710 7.388751e-01
  3711 7.388071e-01
  3712 7.387384e-01
  3713 7.386703e-01
  3714 7.386011e-01
  3715 7.385330e-01
  3716 7.384649e-01
  3717 7.383962e-01
  3718 7.383270e-01
  3719 7.382589e-01
  3720 7.381907e-01
  3721 7.381226e-01
  3722 7.380544e-01
  3723 7.379852e-01
  3724 7.379170e-01
  3725 7.378489e-01
  3726 7.377807e-01
  3727 7.377125e-01
  3728 7.376432e-01
  3729 7.375750e-01
  3730 7.375068e-01
  3731 7.374386e-01
  3732 7.373704e-01
  3733 7.373011e-01
  3734 7.372328e-01
  3735 7.371646e-01
  3736 7.370963e-01
  3737 7.370281e-01
  3738 7.369598e-01
  3739 7.368910e-01
  3740 7.368228e-01
  3741 7.367545e-01
  3742 7.366862e-01
  3743 7.366179e-01
  3744 7.365496e-01
  3745 7.364802e-01
  3746 7.364125e-01
  3747 7.363442e-01
  3748 7.362758e-01
  3749 7.362075e-01
  3750 7.361397e-01
  3751 7.360714e-01
  3752 7.360020e-01
  3753 7.359336e-01
  3754 7.358658e-01
  3755 7.357974e-01
  3756 7.357290e-01
  3757 7.356607e-01
  3758 7.355928e-01
  3759 7.355244e-01
  3760 7.354560e-01
  3761 7.353871e-01
  3762 7.353187e-01
  3763 7.352508e-01
  3764 7.351824e-01
  3765 7.351140e-01
  3766 7.350461e-01
  3767 7.349776e-01
  3768 7.349092e-01
  3769 7.348413e-01
  3770 7.347728e-01
  3771 7.347049e-01
  3772 7.346353e-01
  3773 7.345674e-01
  3774 7.344989e-01
  3775 7.344310e-01
  3776 7.343625e-01
  3777 7.342945e-01
  3778 7.342260e-01
  3779 7.341580e-01
  3780 7.340895e-01
  3781 7.340215e-01
  3782 7.339535e-01
  3783 7.338850e-01
  3784 7.338170e-01
  3785 7.337484e-01
  3786 7.336804e-01
  3787 7.336113e-01
  3788 7.335427e-01
  3789 7.334747e-01
  3790 7.334066e-01
  3791 7.333380e-01
  3792 7.332700e-01
  3793 7.332019e-01
  3794 7.331333e-01
  3795 7.330652e-01
  3796 7.329971e-01
  3797 7.329291e-01
  3798 7.328604e-01
  3799 7.327923e-01
  3800 7.327242e-01
  3801 7.326561e-01
  3802 7.325874e-01
  3803 7.325193e-01
  3804 7.324512e-01
  3805 7.323830e-01
  3806 7.323149e-01
  3807 7.322462e-01
  3808 7.321780e-01
  3809 7.321099e-01
  3810 7.320417e-01
  3811 7.319735e-01
  3812 7.319053e-01
  3813 7.318372e-01
  3814 7.317690e-01
  3815 7.317002e-01
  3816 7.316315e-01
  3817 7.315632e-01
  3818 7.314950e-01
  3819 7.314268e-01
  3820 7.313586e-01
  3821 7.312903e-01
  3822 7.312221e-01
  3823 7.311538e-01
  3824 7.310856e-01
  3825 7.310173e-01
  3826 7.309490e-01
  3827 7.308807e-01
  3828 7.308125e-01
  3829 7.307442e-01
  3830 7.306759e-01
  3831 7.306076e-01
  3832 7.305398e-01
  3833 7.304715e-01
  3834 7.304032e-01
  3835 7.303348e-01
  3836 7.302665e-01
  3837 7.301982e-01
  3838 7.301303e-01
  3839 7.300620e-01
  3840 7.299936e-01
  3841 7.299253e-01
  3842 7.298574e-01
  3843 7.297891e-01
  3844 7.297207e-01
  3845 7.296528e-01
  3846 7.295844e-01
  3847 7.295160e-01
  3848 7.294482e-01
  3849 7.293797e-01
  3850 7.293113e-01
  3851 7.292434e-01
  3852 7.291750e-01
  3853 7.291065e-01
  3854 7.290386e-01
  3855 7.289702e-01
  3856 7.289023e-01
  3857 7.288338e-01
  3858 7.287659e-01
  3859 7.286974e-01
  3860 7.286294e-01
  3861 7.285609e-01
  3862 7.284930e-01
  3863 7.284245e-01
  3864 7.283565e-01
  3865 7.282880e-01
  3866 7.282200e-01
  3867 7.281515e-01
  3868 7.280835e-01
  3869 7.280155e-01
  3870 7.279469e-01
  3871 7.278789e-01
  3872 7.278109e-01
  3873 7.277423e-01
  3874 7.276743e-01
  3875 7.276063e-01
  3876 7.275377e-01
  3877 7.274696e-01
  3878 7.274016e-01
  3879 7.273335e-01
  3880 7.272649e-01
  3881 7.271968e-01
  3882 7.271287e-01
  3883 7.270606e-01
  3884 7.269936e-01
  3885 7.269250e-01
  3886 7.268569e-01
  3887 7.267888e-01
  3888 7.267207e-01
  3889 7.266525e-01
  3890 7.265844e-01
  3891 7.265163e-01
  3892 7.264476e-01
  3893 7.263794e-01
  3894 7.263112e-01
  3895 7.262431e-01
  3896 7.261749e-01
  3897 7.261073e-01
  3898 7.260396e-01
  3899 7.259715e-01
  3900 7.259033e-01
  3901 7.258351e-01
  3902 7.257668e-01
  3903 7.256986e-01
  3904 7.256310e-01
  3905 7.255627e-01
  3906 7.254945e-01
  3907 7.254274e-01
  3908 7.253591e-01
  3909 7.252909e-01
  3910 7.252226e-01
  3911 7.251549e-01
  3912 7.250866e-01
  3913 7.250183e-01
  3914 7.249506e-01
  3915 7.248828e-01
  3916 7.248151e-01
  3917 7.247468e-01
  3918 7.246785e-01
  3919 7.246102e-01
  3920 7.245424e-01
  3921 7.244746e-01
  3922 7.244068e-01
  3923 7.243390e-01
  3924 7.242707e-01
  3925 7.242023e-01
  3926 7.241345e-01
  3927 7.240667e-01
  3928 7.239994e-01
  3929 7.239310e-01
  3930 7.238626e-01
  3931 7.237948e-01
  3932 7.237264e-01
  3933 7.236585e-01
  3934 7.235912e-01
  3935 7.235234e-01
  3936 7.234549e-01
  3937 7.233871e-01
  3938 7.233192e-01
  3939 7.232518e-01
  3940 7.231834e-01
  3941 7.231155e-01
  3942 7.230470e-01
  3943 7.229796e-01
  3944 7.229123e-01
  3945 7.228438e-01
  3946 7.227758e-01
  3947 7.227073e-01
  3948 7.226399e-01
  3949 7.225725e-01
  3950 7.225040e-01
  3951 7.224360e-01
  3952 7.223681e-01
  3953 7.223001e-01
  3954 7.222326e-01
  3955 7.221646e-01
  3956 7.220961e-01
  3957 7.220286e-01
  3958 7.219612e-01
  3959 7.218931e-01
  3960 7.218251e-01
  3961 7.217565e-01
  3962 7.216890e-01
  3963 7.216215e-01
  3964 7.215535e-01
  3965 7.214849e-01
  3966 7.214174e-01
  3967 7.213498e-01
  3968 7.212818e-01
  3969 7.212137e-01
  3970 7.211461e-01
  3971 7.210786e-01
  3972 7.210105e-01
  3973 7.209424e-01
  3974 7.208737e-01
  3975 7.208061e-01
  3976 7.207391e-01
  3977 7.206704e-01
  3978 7.206023e-01
  3979 7.205347e-01
  3980 7.204671e-01
  3981 7.203989e-01
  3982 7.203307e-01
  3983 7.202631e-01
  3984 7.201955e-01
  3985 7.201273e-01
  3986 7.200591e-01
  3987 7.199909e-01
  3988 7.199232e-01
  3989 7.198561e-01
  3990 7.197879e-01
  3991 7.197197e-01
  3992 7.196520e-01
  3993 7.195843e-01
  3994 7.195161e-01
  3995 7.194478e-01
  3996 7.193801e-01
  3997 7.193124e-01
  3998 7.192441e-01
  3999 7.191764e-01
  4000 7.191087e-01
