   0   1.0000000e+00
   1   9.9999962e-01
   2   9.9999886e-01
   3   9.9999771e-01
   4   9.9999619e-01
   5   9.9999428e-01
   6   9.9999199e-01
   7   9.9998932e-01
   8   9.9998627e-01
   9   9.9998283e-01
  10   9.9997902e-01
  11   9.9997482e-01
  12   9.9997024e-01
  13   9.9996529e-01
  14   9.9995994e-01
  15   9.9995422e-01
  16   9.9994812e-01
  17   9.9994163e-01
  18   9.9993477e-01
  19   9.9992752e-01
  20   9.9991989e-01
  21   9.9991188e-01
  22   9.9990349e-01
  23   9.9989472e-01
  24   9.9988556e-01
  25   9.9987603e-01
  26   9.9986611e-01
  27   9.9985581e-01
  28   9.9984513e-01
  29   9.9983407e-01
  30   9.9982263e-01
  31   9.9981080e-01
  32   9.9979860e-01
  33   9.9978601e-01
  34   9.9977304e-01
  35   9.9975969e-01
  36   9.9974596e-01
  37   9.9973185e-01
  38   9.9971736e-01
  39   9.9970249e-01
  40   9.9968723e-01
  41   9.9967160e-01
  42   9.9965558e-01
  43   9.9963918e-01
  44   9.9962240e-01
  45   9.9960524e-01
  46   9.9958770e-01
  47   9.9956978e-01
  48   9.9955147e-01
  49   9.9953279e-01
  50   9.9951373e-01
  51   9.9949428e-01
  52   9.9947445e-01
  53   9.9945424e-01
  54   9.9943366e-01
  55   9.9941269e-01
  56   9.9939134e-01
  57   9.9936961e-01
  58   9.9934749e-01
  59   9.9932500e-01
  60   9.9930213e-01
  61   9.9927887e-01
  62   9.9925524e-01
  63   9.9923122e-01
  64   9.9920683e-01
  65   9.9918205e-01
  66   9.9915689e-01
  67   9.9913136e-01
  68   9.9910544e-01
  69   9.9907914e-01
  70   9.9905246e-01
  71   9.9902540e-01
  72   9.9899796e-01
  73   9.9897014e-01
  74   9.9894194e-01
  75   9.9891336e-01
  76   9.9888440e-01
  77   9.9885506e-01
  78   9.9882534e-01
  79   9.9879524e-01
  80   9.9876475e-01
  81   9.9873389e-01
  82   9.9870265e-01
  83   9.9867103e-01
  84   9.9863903e-01
  85   9.9860665e-01
  86   9.9857388e-01
  87   9.9854074e-01
  88   9.9850722e-01
  89   9.9847332e-01
  90   9.9843904e-01
  91   9.9840438e-01
  92   9.9836934e-01
  93   9.9833392e-01
  94   9.9829812e-01
  95   9.9826194e-01
  96   9.9822539e-01
  97   9.9818845e-01
  98   9.9815113e-01
  99   9.9811343e-01
 100   9.9807536e-01
 101   9.9803690e-01
 102   9.9799807e-01
 103   9.9795886e-01
 104   9.9791926e-01
 105   9.9787929e-01
 106   9.9783894e-01
 107   9.9779821e-01
 108   9.9775710e-01
 109   9.9771561e-01
 110   9.9767375e-01
 111   9.9763150e-01
 112   9.9758888e-01
 113   9.9754588e-01
 114   9.9750249e-01
 115   9.9745873e-01
 116   9.9741459e-01
 117   9.9737008e-01
 118   9.9732518e-01
 119   9.9727991e-01
 120   9.9723425e-01
 121   9.9718822e-01
 122   9.9714181e-01
 123   9.9709503e-01
 124   9.9704786e-01
 125   9.9700032e-01
 126   9.9695240e-01
 127   9.9690410e-01
 128   9.9685542e-01
 129   9.9680636e-01
 130   9.9675693e-01
 131   9.9670712e-01
 132   9.9665693e-01
 133   9.9660636e-01
 134   9.9655542e-01
 135   9.9650410e-01
 136   9.9645240e-01
 137   9.9640032e-01
 138   9.9634787e-01
 139   9.9629504e-01
 140   9.9624183e-01
 141   9.9618824e-01
 142   9.9613428e-01
 143   9.9607994e-01
 144   9.9602522e-01
 145   9.9597013e-01
 146   9.9591466e-01
 147   9.9585881e-01
 148   9.9580259e-01
 149   9.9574599e-01
 150   9.9568901e-01
 151   9.9563165e-01
 152   9.9557392e-01
 153   9.9551582e-01
 154   9.9545733e-01
 155   9.9539847e-01
 156   9.9533924e-01
 157   9.9527963e-01
 158   9.9521964e-01
 159   9.9515927e-01
 160   9.9509853e-01
 161   9.9503742e-01
 162   9.9497592e-01
 163   9.9491406e-01
 164   9.9485181e-01
 165   9.9478919e-01
 166   9.9472620e-01
 167   9.9466283e-01
 168   9.9459908e-01
 169   9.9453496e-01
 170   9.9447047e-01
 171   9.9440560e-01
 172   9.9434035e-01
 173   9.9427473e-01
 174   9.9420873e-01
 175   9.9414236e-01
 176   9.9407562e-01
 177   9.9400850e-01
 178   9.9394100e-01
 179   9.9387313e-01
 180   9.9380489e-01
 181   9.9373627e-01
 182   9.9366728e-01
 183   9.9359791e-01
 184   9.9352817e-01
 185   9.9345805e-01
 186   9.9338756e-01
 187   9.9331670e-01
 188   9.9324546e-01
 189   9.9317385e-01
 190   9.9310187e-01
 191   9.9302951e-01
 192   9.9295678e-01
 193   9.9288367e-01
 194   9.9281019e-01
 195   9.9273634e-01
 196   9.9266212e-01
 197   9.9258752e-01
 198   9.9251255e-01
 199   9.9243720e-01
 200   9.9236149e-01
 201   9.9228540e-01
 202   9.9220893e-01
 203   9.9213210e-01
 204   9.9205489e-01
 205   9.9197731e-01
 206   9.9189936e-01
 207   9.9182103e-01
 208   9.9174234e-01
 209   9.9166327e-01
 210   9.9158383e-01
 211   9.9150402e-01
 212   9.9142383e-01
 213   9.9134328e-01
 214   9.9126235e-01
 215   9.9118105e-01
 216   9.9109938e-01
 217   9.9101734e-01
 218   9.9093492e-01
 219   9.9085214e-01
 220   9.9076898e-01
 221   9.9068546e-01
 222   9.9060156e-01
 223   9.9051729e-01
 224   9.9043265e-01
 225   9.9034764e-01
 226   9.9026227e-01
 227   9.9017652e-01
 228   9.9009039e-01
 229   9.9000390e-01
 230   9.8991704e-01
 231   9.8982981e-01
 232   9.8974221e-01
 233   9.8965424e-01
 234   9.8956590e-01
 235   9.8947719e-01
 236   9.8938811e-01
 237   9.8929867e-01
 238   9.8920885e-01
 239   9.8911866e-01
 240   9.8902811e-01
 241   9.8893718e-01
 242   9.8884589e-01
 243   9.8875423e-01
 244   9.8866219e-01
 245   9.8856979e-01
 246   9.8847703e-01
 247   9.8838389e-01
 248   9.8829038e-01
 249   9.8819651e-01
 250   9.8810227e-01
 251   9.8800766e-01
 252   9.8791269e-01
 253   9.8781734e-01
 254   9.8772163e-01
 255   9.8762555e-01
 256   9.8752910e-01
 257   9.8743229e-01
 258   9.8733511e-01
 259   9.8723756e-01
 260   9.8713964e-01
 261   9.8704136e-01
 262   9.8694271e-01
 263   9.8684370e-01
 264   9.8674432e-01
 265   9.8664457e-01
 266   9.8654445e-01
 267   9.8644397e-01
 268   9.8634313e-01
 269   9.8624191e-01
 270   9.8614033e-01
 271   9.8603839e-01
 272   9.8593608e-01
 273   9.8583341e-01
 274   9.8573037e-01
 275   9.8562696e-01
 276   9.8552319e-01
 277   9.8541905e-01
 278   9.8531455e-01
 279   9.8520969e-01
 280   9.8510446e-01
 281   9.8499886e-01
 282   9.8489290e-01
 283   9.8478658e-01
 284   9.8467989e-01
 285   9.8457284e-01
 286   9.8446542e-01
 287   9.8435764e-01
 288   9.8424950e-01
 289   9.8414100e-01
 290   9.8403213e-01
 291   9.8392289e-01
 292   9.8381330e-01
 293   9.8370334e-01
 294   9.8359301e-01
 295   9.8348233e-01
 296   9.8337128e-01
 297   9.8325987e-01
 298   9.8314810e-01
 299   9.8303596e-01
 300   9.8292346e-01
 301   9.8281060e-01
 302   9.8269738e-01
 303   9.8258380e-01
 304   9.8246986e-01
 305   9.8235555e-01
 306   9.8224088e-01
 307   9.8212585e-01
 308   9.8201046e-01
 309   9.8189471e-01
 310   9.8177860e-01
 311   9.8166213e-01
 312   9.8154529e-01
 313   9.8142810e-01
 314   9.8131054e-01
 315   9.8119263e-01
 316   9.8107435e-01
 317   9.8095572e-01
 318   9.8083672e-01
 319   9.8071737e-01
 320   9.8059766e-01
 321   9.8047758e-01
 322   9.8035715e-01
 323   9.8023636e-01
 324   9.8011521e-01
 325   9.7999370e-01
 326   9.7987183e-01
 327   9.7974960e-01
 328   9.7962702e-01
 329   9.7950408e-01
 330   9.7938077e-01
 331   9.7925711e-01
 332   9.7913310e-01
 333   9.7900872e-01
 334   9.7888399e-01
 335   9.7875890e-01
 336   9.7863345e-01
 337   9.7850764e-01
 338   9.7838148e-01
 339   9.7825496e-01
 340   9.7812808e-01
 341   9.7800085e-01
 342   9.7787326e-01
 343   9.7774532e-01
 344   9.7761702e-01
 345   9.7748836e-01
 346   9.7735934e-01
 347   9.7722997e-01
 348   9.7710025e-01
 349   9.7697017e-01
 350   9.7683973e-01
 351   9.7670894e-01
 352   9.7657780e-01
 353   9.7644630e-01
 354   9.7631444e-01
 355   9.7618223e-01
 356   9.7604966e-01
 357   9.7591675e-01
 358   9.7578347e-01
 359   9.7564984e-01
 360   9.7551586e-01
 361   9.7538153e-01
 362   9.7524684e-01
 363   9.7511180e-01
 364   9.7497640e-01
 365   9.7484066e-01
 366   9.7470455e-01
 367   9.7456810e-01
 368   9.7443129e-01
 369   9.7429414e-01
 370   9.7415662e-01
 371   9.7401876e-01
 372   9.7388055e-01
 373   9.7374198e-01
 374   9.7360306e-01
 375   9.7346379e-01
 376   9.7332417e-01
 377   9.7318419e-01
 378   9.7304387e-01
 379   9.7290320e-01
 380   9.7276217e-01
 381   9.7262079e-01
 382   9.7247907e-01
 383   9.7233699e-01
 384   9.7219456e-01
 385   9.7205179e-01
 386   9.7190866e-01
 387   9.7176518e-01
 388   9.7162136e-01
 389   9.7147718e-01
 390   9.7133266e-01
 391   9.7118778e-01
 392   9.7104256e-01
 393   9.7089699e-01
 394   9.7075107e-01
 395   9.7060480e-01
 396   9.7045818e-01
 397   9.7031122e-01
 398   9.7016391e-01
 399   9.7001625e-01
 400   9.6986824e-01
 401   9.6971989e-01
 402   9.6957119e-01
 403   9.6942214e-01
 404   9.6927274e-01
 405   9.6912300e-01
 406   9.6897291e-01
 407   9.6882248e-01
 408   9.6867169e-01
 409   9.6852057e-01
 410   9.6836909e-01
 411   9.6821728e-01
 412   9.6806511e-01
 413   9.6791260e-01
 414   9.6775975e-01
 415   9.6760655e-01
 416   9.6745300e-01
 417   9.6729911e-01
 418   9.6714488e-01
 419   9.6699030e-01
 420   9.6683538e-01
 421   9.6668011e-01
 422   9.6652450e-01
 423   9.6636855e-01
 424   9.6621225e-01
 425   9.6605561e-01
 426   9.6589863e-01
 427   9.6574130e-01
 428   9.6558363e-01
 429   9.6542562e-01
 430   9.6526727e-01
 431   9.6510857e-01
 432   9.6494954e-01
 433   9.6479016e-01
 434   9.6463043e-01
 435   9.6447037e-01
 436   9.6430997e-01
 437   9.6414922e-01
 438   9.6398813e-01
 439   9.6382671e-01
 440   9.6366494e-01
 441   9.6350283e-01
 442   9.6334038e-01
 443   9.6317759e-01
 444   9.6301447e-01
 445   9.6285100e-01
 446   9.6268719e-01
 447   9.6252304e-01
 448   9.6235856e-01
 449   9.6219373e-01
 450   9.6202857e-01
 451   9.6186307e-01
 452   9.6169723e-01
 453   9.6153105e-01
 454   9.6136453e-01
 455   9.6119768e-01
 456   9.6103048e-01
 457   9.6086295e-01
 458   9.6069509e-01
 459   9.6052688e-01
 460   9.6035834e-01
 461   9.6018946e-01
 462   9.6002025e-01
 463   9.5985070e-01
 464   9.5968081e-01
 465   9.5951059e-01
 466   9.5934003e-01
 467   9.5916914e-01
 468   9.5899791e-01
 469   9.5882634e-01
 470   9.5865444e-01
 471   9.5848221e-01
 472   9.5830964e-01
 473   9.5813673e-01
 474   9.5796349e-01
 475   9.5778992e-01
 476   9.5761602e-01
 477   9.5744178e-01
 478   9.5726720e-01
 479   9.5709230e-01
 480   9.5691706e-01
 481   9.5674149e-01
 482   9.5656558e-01
 483   9.5638934e-01
 484   9.5621277e-01
 485   9.5603587e-01
 486   9.5585864e-01
 487   9.5568107e-01
 488   9.5550317e-01
 489   9.5532495e-01
 490   9.5514639e-01
 491   9.5496749e-01
 492   9.5478827e-01
 493   9.5460872e-01
 494   9.5442884e-01
 495   9.5424863e-01
 496   9.5406808e-01
 497   9.5388721e-01
 498   9.5370601e-01
 499   9.5352448e-01
 500   9.5334262e-01
 501   9.5316043e-01
 502   9.5297791e-01
 503   9.5279507e-01
 504   9.5261189e-01
 505   9.5242839e-01
 506   9.5224456e-01
 507   9.5206040e-01
 508   9.5187592e-01
 509   9.5169110e-01
 510   9.5150596e-01
 511   9.5132050e-01
 512   9.5113470e-01
 513   9.5094858e-01
 514   9.5076213e-01
 515   9.5057536e-01
 516   9.5038826e-01
 517   9.5020084e-01
 518   9.5001309e-01
 519   9.4982501e-01
 520   9.4963661e-01
 521   9.4944789e-01
 522   9.4925884e-01
 523   9.4906947e-01
 524   9.4887977e-01
 525   9.4868975e-01
 526   9.4849940e-01
 527   9.4830873e-01
 528   9.4811774e-01
 529   9.4792642e-01
 530   9.4773478e-01
 531   9.4754282e-01
 532   9.4735054e-01
 533   9.4715793e-01
 534   9.4696500e-01
 535   9.4677175e-01
 536   9.4657818e-01
 537   9.4638429e-01
 538   9.4619007e-01
 539   9.4599554e-01
 540   9.4580068e-01
 541   9.4560550e-01
 542   9.4541001e-01
 543   9.4521419e-01
 544   9.4501805e-01
 545   9.4482159e-01
 546   9.4462482e-01
 547   9.4442772e-01
 548   9.4423031e-01
 549   9.4403257e-01
 550   9.4383452e-01
 551   9.4363615e-01
 552   9.4343746e-01
 553   9.4323845e-01
 554   9.4303913e-01
 555   9.4283948e-01
 556   9.4263952e-01
 557   9.4243925e-01
 558   9.4223865e-01
 559   9.4203774e-01
 560   9.4183651e-01
 561   9.4163497e-01
 562   9.4143311e-01
 563   9.4123094e-01
 564   9.4102845e-01
 565   9.4082564e-01
 566   9.4062252e-01
 567   9.4041908e-01
 568   9.4021533e-01
 569   9.4001127e-01
 570   9.3980689e-01
 571   9.3960219e-01
 572   9.3939718e-01
 573   9.3919186e-01
 574   9.3898623e-01
 575   9.3878028e-01
 576   9.3857402e-01
 577   9.3836745e-01
 578   9.3816056e-01
 579   9.3795337e-01
 580   9.3774586e-01
 581   9.3753804e-01
 582   9.3732990e-01
 583   9.3712146e-01
 584   9.3691270e-01
 585   9.3670364e-01
 586   9.3649426e-01
 587   9.3628457e-01
 588   9.3607458e-01
 589   9.3586427e-01
 590   9.3565365e-01
 591   9.3544273e-01
 592   9.3523149e-01
 593   9.3501995e-01
 594   9.3480809e-01
 595   9.3459593e-01
 596   9.3438346e-01
 597   9.3417068e-01
 598   9.3395760e-01
 599   9.3374421e-01
 600   9.3353050e-01
 601   9.3331650e-01
 602   9.3310218e-01
 603   9.3288756e-01
 604   9.3267263e-01
 605   9.3245740e-01
 606   9.3224186e-01
 607   9.3202601e-01
 608   9.3180986e-01
 609   9.3159340e-01
 610   9.3137664e-01
 611   9.3115958e-01
 612   9.3094220e-01
 613   9.3072453e-01
 614   9.3050655e-01
 615   9.3028827e-01
 616   9.3006968e-01
 617   9.2985079e-01
 618   9.2963160e-01
 619   9.2941210e-01
 620   9.2919230e-01
 621   9.2897220e-01
 622   9.2875180e-01
 623   9.2853109e-01
 624   9.2831008e-01
 625   9.2808878e-01
 626   9.2786717e-01
 627   9.2764525e-01
 628   9.2742304e-01
 629   9.2720053e-01
 630   9.2697772e-01
 631   9.2675461e-01
 632   9.2653120e-01
 633   9.2630748e-01
 634   9.2608347e-01
 635   9.2585916e-01
 636   9.2563456e-01
 637   9.2540965e-01
 638   9.2518444e-01
 639   9.2495894e-01
 640   9.2473314e-01
 641   9.2450704e-01
 642   9.2428064e-01
 643   9.2405395e-01
 644   9.2382696e-01
 645   9.2359967e-01
 646   9.2337209e-01
 647   9.2314421e-01
 648   9.2291604e-01
 649   9.2268757e-01
 650   9.2245880e-01
 651   9.2222974e-01
 652   9.2200038e-01
 653   9.2177073e-01
 654   9.2154079e-01
 655   9.2131055e-01
 656   9.2108002e-01
 657   9.2084919e-01
 658   9.2061807e-01
 659   9.2038666e-01
 660   9.2015495e-01
 661   9.1992296e-01
 662   9.1969067e-01
 663   9.1945808e-01
 664   9.1922521e-01
 665   9.1899204e-01
 666   9.1875859e-01
 667   9.1852484e-01
 668   9.1829080e-01
 669   9.1805647e-01
 670   9.1782185e-01
 671   9.1758694e-01
 672   9.1735174e-01
 673   9.1711625e-01
 674   9.1688047e-01
 675   9.1664440e-01
 676   9.1640804e-01
 677   9.1617140e-01
 678   9.1593446e-01
 679   9.1569724e-01
 680   9.1545973e-01
 681   9.1522193e-01
 682   9.1498385e-01
 683   9.1474548e-01
 684   9.1450682e-01
 685   9.1426788e-01
 686   9.1402864e-01
 687   9.1378913e-01
 688   9.1354932e-01
 689   9.1330924e-01
 690   9.1306886e-01
 691   9.1282820e-01
 692   9.1258726e-01
 693   9.1234603e-01
 694   9.1210452e-01
 695   9.1186273e-01
 696   9.1162065e-01
 697   9.1137828e-01
 698   9.1113564e-01
 699   9.1089271e-01
 700   9.1064950e-01
 701   9.1040600e-01
 702   9.1016223e-01
 703   9.0991817e-01
 704   9.0967383e-01
 705   9.0942921e-01
 706   9.0918431e-01
 707   9.0893913e-01
 708   9.0869366e-01
 709   9.0844792e-01
 710   9.0820190e-01
 711   9.0795559e-01
 712   9.0770901e-01
 713   9.0746215e-01
 714   9.0721501e-01
 715   9.0696759e-01
 716   9.0671989e-01
 717   9.0647191e-01
 718   9.0622366e-01
 719   9.0597513e-01
 720   9.0572632e-01
 721   9.0547723e-01
 722   9.0522787e-01
 723   9.0497823e-01
 724   9.0472832e-01
 725   9.0447812e-01
 726   9.0422766e-01
 727   9.0397691e-01
 728   9.0372590e-01
 729   9.0347460e-01
 730   9.0322303e-01
 731   9.0297119e-01
 732   9.0271908e-01
 733   9.0246669e-01
 734   9.0221402e-01
 735   9.0196108e-01
 736   9.0170787e-01
 737   9.0145439e-01
 738   9.0120064e-01
 739   9.0094661e-01
 740   9.0069231e-01
 741   9.0043774e-01
 742   9.0018289e-01
 743   8.9992778e-01
 744   8.9967239e-01
 745   8.9941674e-01
 746   8.9916081e-01
 747   8.9890461e-01
 748   8.9864815e-01
 749   8.9839141e-01
 750   8.9813441e-01
 751   8.9787713e-01
 752   8.9761959e-01
 753   8.9736178e-01
 754   8.9710370e-01
 755   8.9684535e-01
 756   8.9658674e-01
 757   8.9632786e-01
 758   8.9606871e-01
 759   8.9580929e-01
 760   8.9554961e-01
 761   8.9528966e-01
 762   8.9502944e-01
 763   8.9476896e-01
 764   8.9450822e-01
 765   8.9424721e-01
 766   8.9398593e-01
 767   8.9372439e-01
 768   8.9346258e-01
 769   8.9320052e-01
 770   8.9293818e-01
 771   8.9267559e-01
 772   8.9241273e-01
 773   8.9214960e-01
 774   8.9188622e-01
 775   8.9162257e-01
 776   8.9135866e-01
 777   8.9109449e-01
 778   8.9083006e-01
 779   8.9056536e-01
 780   8.9030041e-01
 781   8.9003519e-01
 782   8.8976972e-01
 783   8.8950398e-01
 784   8.8923798e-01
 785   8.8897173e-01
 786   8.8870521e-01
 787   8.8843844e-01
 788   8.8817140e-01
 789   8.8790411e-01
 790   8.8763656e-01
 791   8.8736875e-01
 792   8.8710069e-01
 793   8.8683237e-01
 794   8.8656379e-01
 795   8.8629495e-01
 796   8.8602586e-01
 797   8.8575651e-01
 798   8.8548690e-01
 799   8.8521704e-01
 800   8.8494693e-01
 801   8.8467656e-01
 802   8.8440593e-01
 803   8.8413505e-01
 804   8.8386392e-01
 805   8.8359253e-01
 806   8.8332088e-01
 807   8.8304899e-01
 808   8.8277684e-01
 809   8.8250444e-01
 810   8.8223179e-01
 811   8.8195888e-01
 812   8.8168572e-01
 813   8.8141231e-01
 814   8.8113865e-01
 815   8.8086474e-01
 816   8.8059058e-01
 817   8.8031616e-01
 818   8.8004150e-01
 819   8.7976659e-01
 820   8.7949142e-01
 821   8.7921601e-01
 822   8.7894035e-01
 823   8.7866444e-01
 824   8.7838828e-01
 825   8.7811187e-01
 826   8.7783522e-01
 827   8.7755832e-01
 828   8.7728117e-01
 829   8.7700377e-01
 830   8.7672613e-01
 831   8.7644824e-01
 832   8.7617010e-01
 833   8.7589172e-01
 834   8.7561309e-01
 835   8.7533422e-01
 836   8.7505510e-01
 837   8.7477574e-01
 838   8.7449613e-01
 839   8.7421628e-01
 840   8.7393618e-01
 841   8.7365584e-01
 842   8.7337526e-01
 843   8.7309444e-01
 844   8.7281337e-01
 845   8.7253206e-01
 846   8.7225051e-01
 847   8.7196871e-01
 848   8.7168668e-01
 849   8.7140440e-01
 850   8.7112189e-01
 851   8.7083913e-01
 852   8.7055613e-01
 853   8.7027289e-01
 854   8.6998941e-01
 855   8.6970570e-01
 856   8.6942174e-01
 857   8.6913754e-01
 858   8.6885311e-01
 859   8.6856844e-01
 860   8.6828353e-01
 861   8.6799838e-01
 862   8.6771299e-01
 863   8.6742737e-01
 864   8.6714151e-01
 865   8.6685542e-01
 866   8.6656909e-01
 867   8.6628252e-01
 868   8.6599571e-01
 869   8.6570868e-01
 870   8.6542140e-01
 871   8.6513389e-01
 872   8.6484615e-01
 873   8.6455817e-01
 874   8.6426996e-01
 875   8.6398152e-01
 876   8.6369284e-01
 877   8.6340393e-01
 878   8.6311479e-01
 879   8.6282541e-01
 880   8.6253581e-01
 881   8.6224597e-01
 882   8.6195590e-01
 883   8.6166559e-01
 884   8.6137506e-01
 885   8.6108430e-01
 886   8.6079331e-01
 887   8.6050208e-01
 888   8.6021063e-01
 889   8.5991895e-01
 890   8.5962704e-01
 891   8.5933490e-01
 892   8.5904253e-01
 893   8.5874993e-01
 894   8.5845711e-01
 895   8.5816406e-01
 896   8.5787078e-01
 897   8.5757727e-01
 898   8.5728354e-01
 899   8.5698958e-01
 900   8.5669540e-01
 901   8.5640099e-01
 902   8.5610635e-01
 903   8.5581149e-01
 904   8.5551640e-01
 905   8.5522109e-01
 906   8.5492556e-01
 907   8.5462980e-01
 908   8.5433382e-01
 909   8.5403761e-01
 910   8.5374118e-01
 911   8.5344453e-01
 912   8.5314766e-01
 913   8.5285056e-01
 914   8.5255325e-01
 915   8.5225571e-01
 916   8.5195795e-01
 917   8.5165997e-01
 918   8.5136176e-01
 919   8.5106334e-01
 920   8.5076470e-01
 921   8.5046584e-01
 922   8.5016676e-01
 923   8.4986746e-01
 924   8.4956794e-01
 925   8.4926820e-01
 926   8.4896825e-01
 927   8.4866808e-01
 928   8.4836769e-01
 929   8.4806708e-01
 930   8.4776626e-01
 931   8.4746521e-01
 932   8.4716396e-01
 933   8.4686248e-01
 934   8.4656080e-01
 935   8.4625889e-01
 936   8.4595677e-01
 937   8.4565444e-01
 938   8.4535189e-01
 939   8.4504913e-01
 940   8.4474615e-01
 941   8.4444296e-01
 942   8.4413956e-01
 943   8.4383594e-01
 944   8.4353211e-01
 945   8.4322807e-01
 946   8.4292382e-01
 947   8.4261935e-01
 948   8.4231468e-01
 949   8.4200979e-01
 950   8.4170469e-01
 951   8.4139939e-01
 952   8.4109387e-01
 953   8.4078814e-01
 954   8.4048220e-01
 955   8.4017606e-01
 956   8.3986970e-01
 957   8.3956314e-01
 958   8.3925636e-01
 959   8.3894938e-01
 960   8.3864220e-01
 961   8.3833480e-01
 962   8.3802720e-01
 963   8.3771939e-01
 964   8.3741137e-01
 965   8.3710315e-01
 966   8.3679472e-01
 967   8.3648609e-01
 968   8.3617725e-01
 969   8.3586821e-01
 970   8.3555896e-01
 971   8.3524951e-01
 972   8.3493986e-01
 973   8.3463000e-01
 974   8.3431993e-01
 975   8.3400967e-01
 976   8.3369920e-01
 977   8.3338853e-01
 978   8.3307766e-01
 979   8.3276658e-01
 980   8.3245531e-01
 981   8.3214383e-01
 982   8.3183216e-01
 983   8.3152028e-01
 984   8.3120820e-01
 985   8.3089592e-01
 986   8.3058344e-01
 987   8.3027077e-01
 988   8.2995789e-01
 989   8.2964482e-01
 990   8.2933154e-01
 991   8.2901807e-01
 992   8.2870441e-01
 993   8.2839054e-01
 994   8.2807648e-01
 995   8.2776222e-01
 996   8.2744776e-01
 997   8.2713311e-01
 998   8.2681827e-01
 999   8.2650322e-01
1000   8.2618798e-01
1001   8.2587255e-01
1002   8.2555692e-01
1003   8.2524110e-01
1004   8.2492509e-01
1005   8.2460888e-01
1006   8.2429248e-01
1007   8.2397588e-01
1008   8.2365909e-01
1009   8.2334211e-01
1010   8.2302494e-01
1011   8.2270758e-01
1012   8.2239002e-01
1013   8.2207228e-01
1014   8.2175434e-01
1015   8.2143621e-01
1016   8.2111790e-01
1017   8.2079939e-01
1018   8.2048069e-01
1019   8.2016181e-01
1020   8.1984273e-01
1021   8.1952347e-01
1022   8.1920402e-01
1023   8.1888438e-01
1024   8.1856455e-01
1025   8.1824454e-01
1026   8.1792434e-01
1027   8.1760395e-01
1028   8.1728338e-01
1029   8.1696262e-01
1030   8.1664167e-01
1031   8.1632054e-01
1032   8.1599923e-01
1033   8.1567773e-01
1034   8.1535604e-01
1035   8.1503417e-01
1036   8.1471212e-01
1037   8.1438988e-01
1038   8.1406747e-01
1039   8.1374486e-01
1040   8.1342208e-01
1041   8.1309911e-01
1042   8.1277597e-01
1043   8.1245264e-01
1044   8.1212912e-01
1045   8.1180543e-01
1046   8.1148156e-01
1047   8.1115751e-01
1048   8.1083328e-01
1049   8.1050886e-01
1050   8.1018427e-01
1051   8.0985950e-01
1052   8.0953455e-01
1053   8.0920943e-01
1054   8.0888412e-01
1055   8.0855864e-01
1056   8.0823298e-01
1057   8.0790714e-01
1058   8.0758113e-01
1059   8.0725494e-01
1060   8.0692857e-01
1061   8.0660203e-01
1062   8.0627531e-01
1063   8.0594842e-01
1064   8.0562135e-01
1065   8.0529411e-01
1066   8.0496669e-01
1067   8.0463910e-01
1068   8.0431134e-01
1069   8.0398340e-01
1070   8.0365529e-01
1071   8.0332701e-01
1072   8.0299855e-01
1073   8.0266993e-01
1074   8.0234113e-01
1075   8.0201216e-01
1076   8.0168302e-01
1077   8.0135371e-01
1078   8.0102423e-01
1079   8.0069458e-01
1080   8.0036476e-01
1081   8.0003477e-01
1082   7.9970461e-01
1083   7.9937428e-01
1084   7.9904378e-01
1085   7.9871312e-01
1086   7.9838229e-01
1087   7.9805129e-01
1088   7.9772012e-01
1089   7.9738879e-01
1090   7.9705729e-01
1091   7.9672562e-01
1092   7.9639379e-01
1093   7.9606179e-01
1094   7.9572963e-01
1095   7.9539730e-01
1096   7.9506481e-01
1097   7.9473216e-01
1098   7.9439934e-01
1099   7.9406635e-01
1100   7.9373321e-01
1101   7.9339990e-01
1102   7.9306643e-01
1103   7.9273279e-01
1104   7.9239900e-01
1105   7.9206504e-01
1106   7.9173092e-01
1107   7.9139664e-01
1108   7.9106220e-01
1109   7.9072760e-01
1110   7.9039284e-01
1111   7.9005792e-01
1112   7.8972284e-01
1113   7.8938760e-01
1114   7.8905220e-01
1115   7.8871664e-01
1116   7.8838093e-01
1117   7.8804506e-01
1118   7.8770903e-01
1119   7.8737284e-01
1120   7.8703650e-01
1121   7.8670000e-01
1122   7.8636334e-01
1123   7.8602653e-01
1124   7.8568957e-01
1125   7.8535244e-01
1126   7.8501517e-01
1127   7.8467774e-01
1128   7.8434015e-01
1129   7.8400241e-01
1130   7.8366452e-01
1131   7.8332647e-01
1132   7.8298827e-01
1133   7.8264992e-01
1134   7.8231142e-01
1135   7.8197276e-01
1136   7.8163396e-01
1137   7.8129500e-01
1138   7.8095589e-01
1139   7.8061663e-01
1140   7.8027722e-01
1141   7.7993766e-01
1142   7.7959795e-01
1143   7.7925809e-01
1144   7.7891808e-01
1145   7.7857792e-01
1146   7.7823762e-01
1147   7.7789716e-01
1148   7.7755656e-01
1149   7.7721582e-01
1150   7.7687492e-01
1151   7.7653388e-01
1152   7.7619269e-01
1153   7.7585135e-01
1154   7.7550987e-01
1155   7.7516825e-01
1156   7.7482648e-01
1157   7.7448456e-01
1158   7.7414250e-01
1159   7.7380030e-01
1160   7.7345795e-01
1161   7.7311546e-01
1162   7.7277283e-01
1163   7.7243005e-01
1164   7.7208713e-01
1165   7.7174407e-01
1166   7.7140086e-01
1167   7.7105752e-01
1168   7.7071403e-01
1169   7.7037040e-01
1170   7.7002664e-01
1171   7.6968273e-01
1172   7.6933868e-01
1173   7.6899449e-01
1174   7.6865016e-01
1175   7.6830570e-01
1176   7.6796109e-01
1177   7.6761635e-01
1178   7.6727147e-01
1179   7.6692645e-01
1180   7.6658130e-01
1181   7.6623601e-01
1182   7.6589058e-01
1183   7.6554501e-01
1184   7.6519931e-01
1185   7.6485347e-01
1186   7.6450750e-01
1187   7.6416139e-01
1188   7.6381515e-01
1189   7.6346877e-01
1190   7.6312226e-01
1191   7.6277562e-01
1192   7.6242884e-01
1193   7.6208193e-01
1194   7.6173489e-01
1195   7.6138771e-01
1196   7.6104040e-01
1197   7.6069296e-01
1198   7.6034539e-01
1199   7.5999769e-01
1200   7.5964986e-01
1201   7.5930189e-01
1202   7.5895380e-01
1203   7.5860558e-01
1204   7.5825722e-01
1205   7.5790874e-01
1206   7.5756013e-01
1207   7.5721139e-01
1208   7.5686252e-01
1209   7.5651353e-01
1210   7.5616440e-01
1211   7.5581515e-01
1212   7.5546578e-01
1213   7.5511627e-01
1214   7.5476664e-01
1215   7.5441689e-01
1216   7.5406701e-01
1217   7.5371700e-01
1218   7.5336687e-01
1219   7.5301661e-01
1220   7.5266623e-01
1221   7.5231572e-01
1222   7.5196510e-01
1223   7.5161435e-01
1224   7.5126347e-01
1225   7.5091247e-01
1226   7.5056135e-01
1227   7.5021011e-01
1228   7.4985875e-01
1229   7.4950726e-01
1230   7.4915566e-01
1231   7.4880393e-01
1232   7.4845209e-01
1233   7.4810012e-01
1234   7.4774803e-01
1235   7.4739583e-01
1236   7.4704350e-01
1237   7.4669106e-01
1238   7.4633849e-01
1239   7.4598581e-01
1240   7.4563302e-01
1241   7.4528010e-01
1242   7.4492707e-01
1243   7.4457392e-01
1244   7.4422065e-01
1245   7.4386727e-01
1246   7.4351377e-01
1247   7.4316016e-01
1248   7.4280643e-01
1249   7.4245259e-01
1250   7.4209863e-01
1251   7.4174456e-01
1252   7.4139037e-01
1253   7.4103607e-01
1254   7.4068166e-01
1255   7.4032713e-01
1256   7.3997249e-01
1257   7.3961774e-01
1258   7.3926288e-01
1259   7.3890790e-01
1260   7.3855282e-01
1261   7.3819762e-01
1262   7.3784231e-01
1263   7.3748690e-01
1264   7.3713137e-01
1265   7.3677573e-01
1266   7.3641998e-01
1267   7.3606413e-01
1268   7.3570816e-01
1269   7.3535209e-01
1270   7.3499591e-01
1271   7.3463962e-01
1272   7.3428322e-01
1273   7.3392672e-01
1274   7.3357011e-01
1275   7.3321340e-01
1276   7.3285657e-01
1277   7.3249964e-01
1278   7.3214261e-01
1279   7.3178547e-01
1280   7.3142823e-01
1281   7.3107088e-01
1282   7.3071343e-01
1283   7.3035587e-01
1284   7.2999821e-01
1285   7.2964045e-01
1286   7.2928258e-01
1287   7.2892462e-01
1288   7.2856654e-01
1289   7.2820837e-01
1290   7.2785010e-01
1291   7.2749172e-01
1292   7.2713325e-01
1293   7.2677467e-01
1294   7.2641599e-01
1295   7.2605722e-01
1296   7.2569834e-01
1297   7.2533936e-01
1298   7.2498029e-01
1299   7.2462111e-01
1300   7.2426184e-01
1301   7.2390247e-01
1302   7.2354300e-01
1303   7.2318344e-01
1304   7.2282378e-01
1305   7.2246402e-01
1306   7.2210416e-01
1307   7.2174421e-01
1308   7.2138416e-01
1309   7.2102402e-01
1310   7.2066378e-01
1311   7.2030345e-01
1312   7.1994302e-01
1313   7.1958250e-01
1314   7.1922189e-01
1315   7.1886118e-01
1316   7.1850038e-01
1317   7.1813948e-01
1318   7.1777849e-01
1319   7.1741742e-01
1320   7.1705624e-01
1321   7.1669498e-01
1322   7.1633363e-01
1323   7.1597218e-01
1324   7.1561065e-01
1325   7.1524902e-01
1326   7.1488730e-01
1327   7.1452550e-01
1328   7.1416360e-01
1329   7.1380162e-01
1330   7.1343955e-01
1331   7.1307739e-01
1332   7.1271514e-01
1333   7.1235280e-01
1334   7.1199038e-01
1335   7.1162786e-01
1336   7.1126527e-01
1337   7.1090258e-01
1338   7.1053981e-01
1339   7.1017695e-01
1340   7.0981401e-01
1341   7.0945098e-01
1342   7.0908787e-01
1343   7.0872468e-01
1344   7.0836140e-01
1345   7.0799803e-01
1346   7.0763458e-01
1347   7.0727105e-01
1348   7.0690744e-01
1349   7.0654374e-01
1350   7.0617996e-01
1351   7.0581610e-01
1352   7.0545216e-01
1353   7.0508813e-01
1354   7.0472403e-01
1355   7.0435984e-01
1356   7.0399558e-01
1357   7.0363123e-01
1358   7.0326680e-01
1359   7.0290230e-01
1360   7.0253772e-01
1361   7.0217305e-01
1362   7.0180831e-01
1363   7.0144349e-01
1364   7.0107859e-01
1365   7.0071362e-01
1366   7.0034857e-01
1367   6.9998344e-01
1368   6.9961823e-01
1369   6.9925295e-01
1370   6.9888759e-01
1371   6.9852216e-01
1372   6.9815665e-01
1373   6.9779107e-01
1374   6.9742541e-01
1375   6.9705968e-01
1376   6.9669387e-01
1377   6.9632799e-01
1378   6.9596204e-01
1379   6.9559601e-01
1380   6.9522991e-01
1381   6.9486374e-01
1382   6.9449750e-01
1383   6.9413118e-01
1384   6.9376479e-01
1385   6.9339834e-01
1386   6.9303181e-01
1387   6.9266521e-01
1388   6.9229854e-01
1389   6.9193180e-01
1390   6.9156499e-01
1391   6.9119811e-01
1392   6.9083117e-01
1393   6.9046415e-01
1394   6.9009707e-01
1395   6.8972992e-01
1396   6.8936270e-01
1397   6.8899541e-01
1398   6.8862806e-01
1399   6.8826063e-01
1400   6.8789315e-01
1401   6.8752560e-01
1402   6.8715798e-01
1403   6.8679029e-01
1404   6.8642254e-01
1405   6.8605473e-01
1406   6.8568685e-01
1407   6.8531891e-01
1408   6.8495090e-01
1409   6.8458283e-01
1410   6.8421470e-01
1411   6.8384650e-01
1412   6.8347824e-01
1413   6.8310992e-01
1414   6.8274154e-01
1415   6.8237309e-01
1416   6.8200459e-01
1417   6.8163602e-01
1418   6.8126739e-01
1419   6.8089870e-01
1420   6.8052996e-01
1421   6.8016115e-01
1422   6.7979228e-01
1423   6.7942335e-01
1424   6.7905437e-01
1425   6.7868532e-01
1426   6.7831622e-01
1427   6.7794706e-01
1428   6.7757784e-01
1429   6.7720857e-01
1430   6.7683924e-01
1431   6.7646985e-01
1432   6.7610040e-01
1433   6.7573090e-01
1434   6.7536135e-01
1435   6.7499173e-01
1436   6.7462207e-01
1437   6.7425235e-01
1438   6.7388257e-01
1439   6.7351274e-01
1440   6.7314286e-01
1441   6.7277292e-01
1442   6.7240293e-01
1443   6.7203288e-01
1444   6.7166279e-01
1445   6.7129264e-01
1446   6.7092244e-01
1447   6.7055218e-01
1448   6.7018188e-01
1449   6.6981153e-01
1450   6.6944112e-01
1451   6.6907067e-01
1452   6.6870016e-01
1453   6.6832960e-01
1454   6.6795900e-01
1455   6.6758834e-01
1456   6.6721764e-01
1457   6.6684689e-01
1458   6.6647609e-01
1459   6.6610524e-01
1460   6.6573435e-01
1461   6.6536340e-01
1462   6.6499241e-01
1463   6.6462138e-01
1464   6.6425029e-01
1465   6.6387916e-01
1466   6.6350799e-01
1467   6.6313677e-01
1468   6.6276550e-01
1469   6.6239419e-01
1470   6.6202284e-01
1471   6.6165144e-01
1472   6.6128000e-01
1473   6.6090851e-01
1474   6.6053698e-01
1475   6.6016541e-01
1476   6.5979379e-01
1477   6.5942214e-01
1478   6.5905044e-01
1479   6.5867869e-01
1480   6.5830691e-01
1481   6.5793509e-01
1482   6.5756322e-01
1483   6.5719132e-01
1484   6.5681937e-01
1485   6.5644739e-01
1486   6.5607536e-01
1487   6.5570330e-01
1488   6.5533119e-01
1489   6.5495905e-01
1490   6.5458687e-01
1491   6.5421465e-01
1492   6.5384239e-01
1493   6.5347010e-01
1494   6.5309777e-01
1495   6.5272540e-01
1496   6.5235300e-01
1497   6.5198056e-01
1498   6.5160808e-01
1499   6.5123557e-01
1500   6.5086302e-01
1501   6.5049044e-01
1502   6.5011782e-01
1503   6.4974517e-01
1504   6.4937248e-01
1505   6.4899976e-01
1506   6.4862701e-01
1507   6.4825422e-01
1508   6.4788140e-01
1509   6.4750855e-01
1510   6.4713567e-01
1511   6.4676275e-01
1512   6.4638980e-01
1513   6.4601682e-01
1514   6.4564381e-01
1515   6.4527077e-01
1516   6.4489770e-01
1517   6.4452460e-01
1518   6.4415146e-01
1519   6.4377830e-01
1520   6.4340511e-01
1521   6.4303189e-01
1522   6.4265864e-01
1523   6.4228537e-01
1524   6.4191206e-01
1525   6.4153873e-01
1526   6.4116537e-01
1527   6.4079198e-01
1528   6.4041857e-01
1529   6.4004513e-01
1530   6.3967166e-01
1531   6.3929817e-01
1532   6.3892465e-01
1533   6.3855111e-01
1534   6.3817754e-01
1535   6.3780394e-01
1536   6.3743033e-01
1537   6.3705668e-01
1538   6.3668302e-01
1539   6.3630933e-01
1540   6.3593561e-01
1541   6.3556188e-01
1542   6.3518812e-01
1543   6.3481434e-01
1544   6.3444053e-01
1545   6.3406671e-01
1546   6.3369286e-01
1547   6.3331900e-01
1548   6.3294511e-01
1549   6.3257120e-01
1550   6.3219727e-01
1551   6.3182332e-01
1552   6.3144935e-01
1553   6.3107536e-01
1554   6.3070136e-01
1555   6.3032733e-01
1556   6.2995328e-01
1557   6.2957922e-01
1558   6.2920514e-01
1559   6.2883104e-01
1560   6.2845693e-01
1561   6.2808279e-01
1562   6.2770864e-01
1563   6.2733448e-01
1564   6.2696029e-01
1565   6.2658610e-01
1566   6.2621188e-01
1567   6.2583765e-01
1568   6.2546341e-01
1569   6.2508915e-01
1570   6.2471488e-01
1571   6.2434059e-01
1572   6.2396629e-01
1573   6.2359198e-01
1574   6.2321765e-01
1575   6.2284331e-01
1576   6.2246896e-01
1577   6.2209459e-01
1578   6.2172021e-01
1579   6.2134582e-01
1580   6.2097142e-01
1581   6.2059701e-01
1582   6.2022259e-01
1583   6.1984816e-01
1584   6.1947371e-01
1585   6.1909926e-01
1586   6.1872480e-01
1587   6.1835033e-01
1588   6.1797584e-01
1589   6.1760135e-01
1590   6.1722685e-01
1591   6.1685235e-01
1592   6.1647783e-01
1593   6.1610331e-01
1594   6.1572878e-01
1595   6.1535424e-01
1596   6.1497970e-01
1597   6.1460515e-01
1598   6.1423059e-01
1599   6.1385603e-01
1600   6.1348146e-01
1601   6.1310689e-01
1602   6.1273231e-01
1603   6.1235773e-01
1604   6.1198314e-01
1605   6.1160855e-01
1606   6.1123395e-01
1607   6.1085935e-01
1608   6.1048475e-01
1609   6.1011014e-01
1610   6.0973553e-01
1611   6.0936092e-01
1612   6.0898631e-01
1613   6.0861170e-01
1614   6.0823708e-01
1615   6.0786246e-01
1616   6.0748784e-01
1617   6.0711322e-01
1618   6.0673860e-01
1619   6.0636398e-01
1620   6.0598936e-01
1621   6.0561474e-01
1622   6.0524012e-01
1623   6.0486551e-01
1624   6.0449089e-01
1625   6.0411627e-01
1626   6.0374166e-01
1627   6.0336705e-01
1628   6.0299244e-01
1629   6.0261784e-01
1630   6.0224323e-01
1631   6.0186863e-01
1632   6.0149404e-01
1633   6.0111944e-01
1634   6.0074486e-01
1635   6.0037027e-01
1636   5.9999569e-01
1637   5.9962112e-01
1638   5.9924655e-01
1639   5.9887199e-01
1640   5.9849743e-01
1641   5.9812288e-01
1642   5.9774833e-01
1643   5.9737379e-01
1644   5.9699926e-01
1645   5.9662474e-01
1646   5.9625022e-01
1647   5.9587571e-01
1648   5.9550121e-01
1649   5.9512672e-01
1650   5.9475223e-01
1651   5.9437776e-01
1652   5.9400329e-01
1653   5.9362883e-01
1654   5.9325439e-01
1655   5.9287995e-01
1656   5.9250552e-01
1657   5.9213111e-01
1658   5.9175670e-01
1659   5.9138231e-01
1660   5.9100792e-01
1661   5.9063355e-01
1662   5.9025919e-01
1663   5.8988485e-01
1664   5.8951051e-01
1665   5.8913619e-01
1666   5.8876188e-01
1667   5.8838759e-01
1668   5.8801331e-01
1669   5.8763904e-01
1670   5.8726479e-01
1671   5.8689055e-01
1672   5.8651632e-01
1673   5.8614212e-01
1674   5.8576792e-01
1675   5.8539374e-01
1676   5.8501958e-01
1677   5.8464543e-01
1678   5.8427130e-01
1679   5.8389719e-01
1680   5.8352310e-01
1681   5.8314902e-01
1682   5.8277496e-01
1683   5.8240091e-01
1684   5.8202689e-01
1685   5.8165288e-01
1686   5.8127889e-01
1687   5.8090492e-01
1688   5.8053097e-01
1689   5.8015704e-01
1690   5.7978313e-01
1691   5.7940923e-01
1692   5.7903536e-01
1693   5.7866151e-01
1694   5.7828768e-01
1695   5.7791387e-01
1696   5.7754008e-01
1697   5.7716632e-01
1698   5.7679257e-01
1699   5.7641885e-01
1700   5.7604515e-01
1701   5.7567147e-01
1702   5.7529782e-01
1703   5.7492419e-01
1704   5.7455058e-01
1705   5.7417700e-01
1706   5.7380344e-01
1707   5.7342990e-01
1708   5.7305639e-01
1709   5.7268290e-01
1710   5.7230944e-01
1711   5.7193601e-01
1712   5.7156260e-01
1713   5.7118921e-01
1714   5.7081585e-01
1715   5.7044252e-01
1716   5.7006922e-01
1717   5.6969594e-01
1718   5.6932269e-01
1719   5.6894946e-01
1720   5.6857627e-01
1721   5.6820310e-01
1722   5.6782996e-01
1723   5.6745685e-01
1724   5.6708377e-01
1725   5.6671072e-01
1726   5.6633769e-01
1727   5.6596470e-01
1728   5.6559174e-01
1729   5.6521880e-01
1730   5.6484590e-01
1731   5.6447303e-01
1732   5.6410018e-01
1733   5.6372737e-01
1734   5.6335460e-01
1735   5.6298185e-01
1736   5.6260913e-01
1737   5.6223645e-01
1738   5.6186380e-01
1739   5.6149118e-01
1740   5.6111860e-01
1741   5.6074605e-01
1742   5.6037353e-01
1743   5.6000104e-01
1744   5.5962860e-01
1745   5.5925618e-01
1746   5.5888380e-01
1747   5.5851145e-01
1748   5.5813914e-01
1749   5.5776687e-01
1750   5.5739463e-01
1751   5.5702242e-01
1752   5.5665026e-01
1753   5.5627813e-01
1754   5.5590603e-01
1755   5.5553397e-01
1756   5.5516195e-01
1757   5.5478997e-01
1758   5.5441803e-01
1759   5.5404612e-01
1760   5.5367425e-01
1761   5.5330242e-01
1762   5.5293063e-01
1763   5.5255888e-01
1764   5.5218716e-01
1765   5.5181549e-01
1766   5.5144386e-01
1767   5.5107226e-01
1768   5.5070071e-01
1769   5.5032920e-01
1770   5.4995772e-01
1771   5.4958629e-01
1772   5.4921490e-01
1773   5.4884356e-01
1774   5.4847225e-01
1775   5.4810099e-01
1776   5.4772976e-01
1777   5.4735859e-01
1778   5.4698745e-01
1779   5.4661636e-01
1780   5.4624531e-01
1781   5.4587430e-01
1782   5.4550334e-01
1783   5.4513242e-01
1784   5.4476155e-01
1785   5.4439072e-01
1786   5.4401993e-01
1787   5.4364920e-01
1788   5.4327850e-01
1789   5.4290785e-01
1790   5.4253725e-01
1791   5.4216670e-01
1792   5.4179619e-01
1793   5.4142572e-01
1794   5.4105531e-01
1795   5.4068494e-01
1796   5.4031462e-01
1797   5.3994434e-01
1798   5.3957412e-01
1799   5.3920394e-01
1800   5.3883381e-01
1801   5.3846373e-01
1802   5.3809370e-01
1803   5.3772372e-01
1804   5.3735379e-01
1805   5.3698390e-01
1806   5.3661407e-01
1807   5.3624429e-01
1808   5.3587455e-01
1809   5.3550487e-01
1810   5.3513524e-01
1811   5.3476566e-01
1812   5.3439613e-01
1813   5.3402665e-01
1814   5.3365723e-01
1815   5.3328785e-01
1816   5.3291853e-01
1817   5.3254926e-01
1818   5.3218005e-01
1819   5.3181089e-01
1820   5.3144178e-01
1821   5.3107272e-01
1822   5.3070372e-01
1823   5.3033477e-01
1824   5.2996588e-01
1825   5.2959704e-01
1826   5.2922826e-01
1827   5.2885953e-01
1828   5.2849085e-01
1829   5.2812224e-01
1830   5.2775367e-01
1831   5.2738517e-01
1832   5.2701672e-01
1833   5.2664833e-01
1834   5.2627999e-01
1835   5.2591171e-01
1836   5.2554349e-01
1837   5.2517532e-01
1838   5.2480721e-01
1839   5.2443917e-01
1840   5.2407117e-01
1841   5.2370324e-01
1842   5.2333537e-01
1843   5.2296755e-01
1844   5.2259980e-01
1845   5.2223210e-01
1846   5.2186446e-01
1847   5.2149689e-01
1848   5.2112937e-01
1849   5.2076191e-01
1850   5.2039452e-01
1851   5.2002718e-01
1852   5.1965991e-01
1853   5.1929269e-01
1854   5.1892554e-01
1855   5.1855845e-01
1856   5.1819142e-01
1857   5.1782446e-01
1858   5.1745756e-01
1859   5.1709072e-01
1860   5.1672394e-01
1861   5.1635723e-01
1862   5.1599057e-01
1863   5.1562399e-01
1864   5.1525746e-01
1865   5.1489101e-01
1866   5.1452461e-01
1867   5.1415828e-01
1868   5.1379202e-01
1869   5.1342581e-01
1870   5.1305968e-01
1871   5.1269361e-01
1872   5.1232761e-01
1873   5.1196167e-01
1874   5.1159580e-01
1875   5.1122999e-01
1876   5.1086425e-01
1877   5.1049858e-01
1878   5.1013298e-01
1879   5.0976744e-01
1880   5.0940197e-01
1881   5.0903657e-01
1882   5.0867124e-01
1883   5.0830597e-01
1884   5.0794077e-01
1885   5.0757565e-01
1886   5.0721059e-01
1887   5.0684560e-01
1888   5.0648068e-01
1889   5.0611583e-01
1890   5.0575105e-01
1891   5.0538634e-01
1892   5.0502170e-01
1893   5.0465713e-01
1894   5.0429263e-01
1895   5.0392820e-01
1896   5.0356384e-01
1897   5.0319956e-01
1898   5.0283534e-01
1899   5.0247120e-01
1900   5.0210713e-01
1901   5.0174314e-01
1902   5.0137921e-01
1903   5.0101536e-01
1904   5.0065158e-01
1905   5.0028788e-01
1906   4.9992424e-01
1907   4.9956069e-01
1908   4.9919720e-01
1909   4.9883379e-01
1910   4.9847046e-01
1911   4.9810720e-01
1912   4.9774401e-01
1913   4.9738090e-01
1914   4.9701786e-01
1915   4.9665490e-01
1916   4.9629202e-01
1917   4.9592921e-01
1918   4.9556648e-01
1919   4.9520382e-01
1920   4.9484124e-01
1921   4.9447874e-01
1922   4.9411631e-01
1923   4.9375397e-01
1924   4.9339170e-01
1925   4.9302950e-01
1926   4.9266739e-01
1927   4.9230535e-01
1928   4.9194339e-01
1929   4.9158151e-01
1930   4.9121971e-01
1931   4.9085799e-01
1932   4.9049635e-01
1933   4.9013478e-01
1934   4.8977330e-01
1935   4.8941190e-01
1936   4.8905057e-01
1937   4.8868933e-01
1938   4.8832817e-01
1939   4.8796709e-01
1940   4.8760608e-01
1941   4.8724516e-01
1942   4.8688433e-01
1943   4.8652357e-01
1944   4.8616289e-01
1945   4.8580230e-01
1946   4.8544179e-01
1947   4.8508136e-01
1948   4.8472102e-01
1949   4.8436076e-01
1950   4.8400058e-01
1951   4.8364048e-01
1952   4.8328047e-01
1953   4.8292054e-01
1954   4.8256069e-01
1955   4.8220093e-01
1956   4.8184126e-01
1957   4.8148167e-01
1958   4.8112216e-01
1959   4.8076274e-01
1960   4.8040340e-01
1961   4.8004415e-01
1962   4.7968498e-01
1963   4.7932590e-01
1964   4.7896691e-01
1965   4.7860800e-01
1966   4.7824918e-01
1967   4.7789045e-01
1968   4.7753180e-01
1969   4.7717324e-01
1970   4.7681477e-01
1971   4.7645638e-01
1972   4.7609809e-01
1973   4.7573988e-01
1974   4.7538176e-01
1975   4.7502372e-01
1976   4.7466578e-01
1977   4.7430792e-01
1978   4.7395016e-01
1979   4.7359248e-01
1980   4.7323489e-01
1981   4.7287739e-01
1982   4.7251999e-01
1983   4.7216267e-01
1984   4.7180544e-01
1985   4.7144830e-01
1986   4.7109125e-01
1987   4.7073430e-01
1988   4.7037743e-01
1989   4.7002066e-01
1990   4.6966398e-01
1991   4.6930739e-01
1992   4.6895089e-01
1993   4.6859448e-01
1994   4.6823816e-01
1995   4.6788194e-01
1996   4.6752581e-01
1997   4.6716978e-01
1998   4.6681383e-01
1999   4.6645798e-01
2000   4.6610222e-01
2001   4.6574656e-01
2002   4.6539099e-01
2003   4.6503551e-01
2004   4.6468013e-01
2005   4.6432485e-01
2006   4.6396965e-01
2007   4.6361456e-01
2008   4.6325955e-01
2009   4.6290465e-01
2010   4.6254984e-01
2011   4.6219512e-01
2012   4.6184050e-01
2013   4.6148598e-01
2014   4.6113155e-01
2015   4.6077722e-01
2016   4.6042298e-01
2017   4.6006884e-01
2018   4.5971480e-01
2019   4.5936086e-01
2020   4.5900701e-01
2021   4.5865326e-01
2022   4.5829961e-01
2023   4.5794606e-01
2024   4.5759260e-01
2025   4.5723925e-01
2026   4.5688599e-01
2027   4.5653283e-01
2028   4.5617977e-01
2029   4.5582681e-01
2030   4.5547395e-01
2031   4.5512118e-01
2032   4.5476852e-01
2033   4.5441596e-01
2034   4.5406350e-01
2035   4.5371114e-01
2036   4.5335887e-01
2037   4.5300671e-01
2038   4.5265465e-01
2039   4.5230269e-01
2040   4.5195084e-01
2041   4.5159908e-01
2042   4.5124742e-01
2043   4.5089587e-01
2044   4.5054442e-01
2045   4.5019307e-01
2046   4.4984183e-01
2047   4.4949068e-01
2048   4.4913964e-01
2049   4.4878870e-01
2050   4.4843787e-01
2051   4.4808714e-01
2052   4.4773651e-01
2053   4.4738598e-01
2054   4.4703556e-01
2055   4.4668525e-01
2056   4.4633504e-01
2057   4.4598493e-01
2058   4.4563492e-01
2059   4.4528503e-01
2060   4.4493523e-01
2061   4.4458554e-01
2062   4.4423596e-01
2063   4.4388648e-01
2064   4.4353711e-01
2065   4.4318785e-01
2066   4.4283869e-01
2067   4.4248964e-01
2068   4.4214069e-01
2069   4.4179185e-01
2070   4.4144312e-01
2071   4.4109449e-01
2072   4.4074597e-01
2073   4.4039756e-01
2074   4.4004925e-01
2075   4.3970106e-01
2076   4.3935297e-01
2077   4.3900499e-01
2078   4.3865712e-01
2079   4.3830935e-01
2080   4.3796170e-01
2081   4.3761415e-01
2082   4.3726671e-01
2083   4.3691939e-01
2084   4.3657217e-01
2085   4.3622506e-01
2086   4.3587806e-01
2087   4.3553117e-01
2088   4.3518439e-01
2089   4.3483772e-01
2090   4.3449116e-01
2091   4.3414471e-01
2092   4.3379837e-01
2093   4.3345215e-01
2094   4.3310603e-01
2095   4.3276003e-01
2096   4.3241414e-01
2097   4.3206835e-01
2098   4.3172268e-01
2099   4.3137713e-01
2100   4.3103168e-01
2101   4.3068635e-01
2102   4.3034113e-01
2103   4.2999602e-01
2104   4.2965103e-01
2105   4.2930614e-01
2106   4.2896138e-01
2107   4.2861672e-01
2108   4.2827218e-01
2109   4.2792775e-01
2110   4.2758344e-01
2111   4.2723924e-01
2112   4.2689515e-01
2113   4.2655118e-01
2114   4.2620732e-01
2115   4.2586358e-01
2116   4.2551995e-01
2117   4.2517644e-01
2118   4.2483304e-01
2119   4.2448976e-01
2120   4.2414659e-01
2121   4.2380354e-01
2122   4.2346061e-01
2123   4.2311779e-01
2124   4.2277509e-01
2125   4.2243250e-01
2126   4.2209004e-01
2127   4.2174768e-01
2128   4.2140545e-01
2129   4.2106333e-01
2130   4.2072133e-01
2131   4.2037944e-01
2132   4.2003768e-01
2133   4.1969603e-01
2134   4.1935450e-01
2135   4.1901309e-01
2136   4.1867179e-01
2137   4.1833062e-01
2138   4.1798956e-01
2139   4.1764862e-01
2140   4.1730780e-01
2141   4.1696710e-01
2142   4.1662652e-01
2143   4.1628606e-01
2144   4.1594572e-01
2145   4.1560550e-01
2146   4.1526539e-01
2147   4.1492541e-01
2148   4.1458555e-01
2149   4.1424581e-01
2150   4.1390618e-01
2151   4.1356668e-01
2152   4.1322730e-01
2153   4.1288804e-01
2154   4.1254891e-01
2155   4.1220989e-01
2156   4.1187099e-01
2157   4.1153222e-01
2158   4.1119357e-01
2159   4.1085504e-01
2160   4.1051663e-01
2161   4.1017835e-01
2162   4.0984018e-01
2163   4.0950214e-01
2164   4.0916422e-01
2165   4.0882643e-01
2166   4.0848876e-01
2167   4.0815121e-01
2168   4.0781378e-01
2169   4.0747648e-01
2170   4.0713930e-01
2171   4.0680225e-01
2172   4.0646532e-01
2173   4.0612851e-01
2174   4.0579183e-01
2175   4.0545527e-01
2176   4.0511884e-01
2177   4.0478253e-01
2178   4.0444635e-01
2179   4.0411029e-01
2180   4.0377436e-01
2181   4.0343855e-01
2182   4.0310287e-01
2183   4.0276731e-01
2184   4.0243188e-01
2185   4.0209658e-01
2186   4.0176140e-01
2187   4.0142635e-01
2188   4.0109142e-01
2189   4.0075662e-01
2190   4.0042195e-01
2191   4.0008740e-01
2192   3.9975298e-01
2193   3.9941869e-01
2194   3.9908453e-01
2195   3.9875049e-01
2196   3.9841658e-01
2197   3.9808280e-01
2198   3.9774915e-01
2199   3.9741562e-01
2200   3.9708222e-01
2201   3.9674896e-01
2202   3.9641581e-01
2203   3.9608280e-01
2204   3.9574992e-01
2205   3.9541717e-01
2206   3.9508454e-01
2207   3.9475204e-01
2208   3.9441968e-01
2209   3.9408744e-01
2210   3.9375533e-01
2211   3.9342336e-01
2212   3.9309151e-01
2213   3.9275979e-01
2214   3.9242820e-01
2215   3.9209675e-01
2216   3.9176542e-01
2217   3.9143422e-01
2218   3.9110316e-01
2219   3.9077222e-01
2220   3.9044142e-01
2221   3.9011075e-01
2222   3.8978021e-01
2223   3.8944980e-01
2224   3.8911952e-01
2225   3.8878938e-01
2226   3.8845936e-01
2227   3.8812948e-01
2228   3.8779973e-01
2229   3.8747011e-01
2230   3.8714063e-01
2231   3.8681128e-01
2232   3.8648206e-01
2233   3.8615297e-01
2234   3.8582402e-01
2235   3.8549520e-01
2236   3.8516651e-01
2237   3.8483796e-01
2238   3.8450954e-01
2239   3.8418125e-01
2240   3.8385310e-01
2241   3.8352508e-01
2242   3.8319720e-01
2243   3.8286945e-01
2244   3.8254183e-01
2245   3.8221435e-01
2246   3.8188700e-01
2247   3.8155979e-01
2248   3.8123272e-01
2249   3.8090578e-01
2250   3.8057897e-01
2251   3.8025230e-01
2252   3.7992576e-01
2253   3.7959936e-01
2254   3.7927310e-01
2255   3.7894697e-01
2256   3.7862098e-01
2257   3.7829512e-01
2258   3.7796940e-01
2259   3.7764382e-01
2260   3.7731837e-01
2261   3.7699306e-01
2262   3.7666789e-01
2263   3.7634285e-01
2264   3.7601795e-01
2265   3.7569319e-01
2266   3.7536856e-01
2267   3.7504407e-01
2268   3.7471972e-01
2269   3.7439551e-01
2270   3.7407144e-01
2271   3.7374750e-01
2272   3.7342370e-01
2273   3.7310004e-01
2274   3.7277652e-01
2275   3.7245313e-01
2276   3.7212989e-01
2277   3.7180678e-01
2278   3.7148381e-01
2279   3.7116099e-01
2280   3.7083830e-01
2281   3.7051575e-01
2282   3.7019333e-01
2283   3.6987106e-01
2284   3.6954893e-01
2285   3.6922694e-01
2286   3.6890509e-01
2287   3.6858337e-01
2288   3.6826180e-01
2289   3.6794037e-01
2290   3.6761908e-01
2291   3.6729792e-01
2292   3.6697691e-01
2293   3.6665604e-01
2294   3.6633531e-01
2295   3.6601472e-01
2296   3.6569428e-01
2297   3.6537397e-01
2298   3.6505380e-01
2299   3.6473378e-01
2300   3.6441390e-01
2301   3.6409416e-01
2302   3.6377456e-01
2303   3.6345510e-01
2304   3.6313579e-01
2305   3.6281661e-01
2306   3.6249758e-01
2307   3.6217870e-01
2308   3.6185995e-01
2309   3.6154135e-01
2310   3.6122289e-01
2311   3.6090457e-01
2312   3.6058639e-01
2313   3.6026836e-01
2314   3.5995047e-01
2315   3.5963273e-01
2316   3.5931513e-01
2317   3.5899767e-01
2318   3.5868036e-01
2319   3.5836318e-01
2320   3.5804616e-01
2321   3.5772928e-01
2322   3.5741254e-01
2323   3.5709594e-01
2324   3.5677949e-01
2325   3.5646319e-01
2326   3.5614703e-01
2327   3.5583101e-01
2328   3.5551514e-01
2329   3.5519941e-01
2330   3.5488383e-01
2331   3.5456839e-01
2332   3.5425310e-01
2333   3.5393795e-01
2334   3.5362295e-01
2335   3.5330810e-01
2336   3.5299339e-01
2337   3.5267883e-01
2338   3.5236441e-01
2339   3.5205014e-01
2340   3.5173601e-01
2341   3.5142203e-01
2342   3.5110820e-01
2343   3.5079451e-01
2344   3.5048097e-01
2345   3.5016758e-01
2346   3.4985433e-01
2347   3.4954123e-01
2348   3.4922828e-01
2349   3.4891547e-01
2350   3.4860281e-01
2351   3.4829030e-01
2352   3.4797794e-01
2353   3.4766572e-01
2354   3.4735365e-01
2355   3.4704173e-01
2356   3.4672996e-01
2357   3.4641834e-01
2358   3.4610686e-01
2359   3.4579553e-01
2360   3.4548435e-01
2361   3.4517332e-01
2362   3.4486243e-01
2363   3.4455170e-01
2364   3.4424111e-01
2365   3.4393067e-01
2366   3.4362038e-01
2367   3.4331024e-01
2368   3.4300025e-01
2369   3.4269041e-01
2370   3.4238072e-01
2371   3.4207117e-01
2372   3.4176178e-01
2373   3.4145254e-01
2374   3.4114344e-01
2375   3.4083450e-01
2376   3.4052570e-01
2377   3.4021706e-01
2378   3.3990856e-01
2379   3.3960022e-01
2380   3.3929202e-01
2381   3.3898398e-01
2382   3.3867609e-01
2383   3.3836834e-01
2384   3.3806075e-01
2385   3.3775331e-01
2386   3.3744602e-01
2387   3.3713888e-01
2388   3.3683189e-01
2389   3.3652505e-01
2390   3.3621837e-01
2391   3.3591183e-01
2392   3.3560545e-01
2393   3.3529922e-01
2394   3.3499314e-01
2395   3.3468721e-01
2396   3.3438143e-01
2397   3.3407581e-01
2398   3.3377034e-01
2399   3.3346502e-01
2400   3.3315985e-01
2401   3.3285483e-01
2402   3.3254997e-01
2403   3.3224526e-01
2404   3.3194070e-01
2405   3.3163629e-01
2406   3.3133204e-01
2407   3.3102794e-01
2408   3.3072399e-01
2409   3.3042020e-01
2410   3.3011655e-01
2411   3.2981307e-01
2412   3.2950973e-01
2413   3.2920655e-01
2414   3.2890352e-01
2415   3.2860065e-01
2416   3.2829793e-01
2417   3.2799536e-01
2418   3.2769295e-01
2419   3.2739069e-01
2420   3.2708858e-01
2421   3.2678663e-01
2422   3.2648484e-01
2423   3.2618319e-01
2424   3.2588171e-01
2425   3.2558037e-01
2426   3.2527919e-01
2427   3.2497817e-01
2428   3.2467730e-01
2429   3.2437658e-01
2430   3.2407602e-01
2431   3.2377562e-01
2432   3.2347537e-01
2433   3.2317527e-01
2434   3.2287533e-01
2435   3.2257555e-01
2436   3.2227592e-01
2437   3.2197645e-01
2438   3.2167713e-01
2439   3.2137797e-01
2440   3.2107896e-01
2441   3.2078011e-01
2442   3.2048141e-01
2443   3.2018288e-01
2444   3.1988449e-01
2445   3.1958627e-01
2446   3.1928820e-01
2447   3.1899028e-01
2448   3.1869252e-01
2449   3.1839492e-01
2450   3.1809748e-01
2451   3.1780019e-01
2452   3.1750306e-01
2453   3.1720609e-01
2454   3.1690927e-01
2455   3.1661261e-01
2456   3.1631610e-01
2457   3.1601976e-01
2458   3.1572357e-01
2459   3.1542754e-01
2460   3.1513166e-01
2461   3.1483594e-01
2462   3.1454038e-01
2463   3.1424498e-01
2464   3.1394974e-01
2465   3.1365465e-01
2466   3.1335972e-01
2467   3.1306495e-01
2468   3.1277034e-01
2469   3.1247588e-01
2470   3.1218159e-01
2471   3.1188745e-01
2472   3.1159347e-01
2473   3.1129965e-01
2474   3.1100598e-01
2475   3.1071248e-01
2476   3.1041913e-01
2477   3.1012594e-01
2478   3.0983291e-01
2479   3.0954004e-01
2480   3.0924733e-01
2481   3.0895478e-01
2482   3.0866238e-01
2483   3.0837015e-01
2484   3.0807807e-01
2485   3.0778616e-01
2486   3.0749440e-01
2487   3.0720280e-01
2488   3.0691137e-01
2489   3.0662009e-01
2490   3.0632897e-01
2491   3.0603801e-01
2492   3.0574721e-01
2493   3.0545657e-01
2494   3.0516609e-01
2495   3.0487577e-01
2496   3.0458561e-01
2497   3.0429561e-01
2498   3.0400577e-01
2499   3.0371609e-01
2500   3.0342657e-01
2501   3.0313721e-01
2502   3.0284801e-01
2503   3.0255898e-01
2504   3.0227010e-01
2505   3.0198138e-01
2506   3.0169282e-01
2507   3.0140443e-01
2508   3.0111619e-01
2509   3.0082812e-01
2510   3.0054021e-01
2511   3.0025246e-01
2512   2.9996487e-01
2513   2.9967744e-01
2514   2.9939017e-01
2515   2.9910306e-01
2516   2.9881611e-01
2517   2.9852933e-01
2518   2.9824271e-01
2519   2.9795625e-01
2520   2.9766995e-01
2521   2.9738381e-01
2522   2.9709783e-01
2523   2.9681202e-01
2524   2.9652636e-01
2525   2.9624087e-01
2526   2.9595554e-01
2527   2.9567038e-01
2528   2.9538537e-01
2529   2.9510053e-01
2530   2.9481585e-01
2531   2.9453133e-01
2532   2.9424697e-01
2533   2.9396278e-01
2534   2.9367875e-01
2535   2.9339488e-01
2536   2.9311118e-01
2537   2.9282763e-01
2538   2.9254425e-01
2539   2.9226103e-01
2540   2.9197798e-01
2541   2.9169509e-01
2542   2.9141236e-01
2543   2.9112979e-01
2544   2.9084739e-01
2545   2.9056515e-01
2546   2.9028307e-01
2547   2.9000116e-01
2548   2.8971941e-01
2549   2.8943782e-01
2550   2.8915639e-01
2551   2.8887513e-01
2552   2.8859404e-01
2553   2.8831310e-01
2554   2.8803233e-01
2555   2.8775173e-01
2556   2.8747128e-01
2557   2.8719101e-01
2558   2.8691089e-01
2559   2.8663094e-01
2560   2.8635115e-01
2561   2.8607153e-01
2562   2.8579207e-01
2563   2.8551277e-01
2564   2.8523364e-01
2565   2.8495468e-01
2566   2.8467587e-01
2567   2.8439724e-01
2568   2.8411876e-01
2569   2.8384045e-01
2570   2.8356231e-01
2571   2.8328433e-01
2572   2.8300651e-01
2573   2.8272886e-01
2574   2.8245137e-01
2575   2.8217405e-01
2576   2.8189689e-01
2577   2.8161990e-01
2578   2.8134307e-01
2579   2.8106641e-01
2580   2.8078991e-01
2581   2.8051358e-01
2582   2.8023741e-01
2583   2.7996141e-01
2584   2.7968557e-01
2585   2.7940990e-01
2586   2.7913439e-01
2587   2.7885905e-01
2588   2.7858387e-01
2589   2.7830886e-01
2590   2.7803402e-01
2591   2.7775934e-01
2592   2.7748482e-01
2593   2.7721047e-01
2594   2.7693629e-01
2595   2.7666227e-01
2596   2.7638842e-01
2597   2.7611473e-01
2598   2.7584121e-01
2599   2.7556786e-01
2600   2.7529467e-01
2601   2.7502164e-01
2602   2.7474879e-01
2603   2.7447610e-01
2604   2.7420357e-01
2605   2.7393121e-01
2606   2.7365902e-01
2607   2.7338699e-01
2608   2.7311513e-01
2609   2.7284344e-01
2610   2.7257191e-01
2611   2.7230055e-01
2612   2.7202935e-01
2613   2.7175832e-01
2614   2.7148746e-01
2615   2.7121676e-01
2616   2.7094624e-01
2617   2.7067587e-01
2618   2.7040568e-01
2619   2.7013565e-01
2620   2.6986578e-01
2621   2.6959609e-01
2622   2.6932656e-01
2623   2.6905720e-01
2624   2.6878800e-01
2625   2.6851897e-01
2626   2.6825011e-01
2627   2.6798142e-01
2628   2.6771289e-01
2629   2.6744453e-01
2630   2.6717633e-01
2631   2.6690831e-01
2632   2.6664045e-01
2633   2.6637276e-01
2634   2.6610523e-01
2635   2.6583787e-01
2636   2.6557068e-01
2637   2.6530366e-01
2638   2.6503680e-01
2639   2.6477012e-01
2640   2.6450360e-01
2641   2.6423724e-01
2642   2.6397106e-01
2643   2.6370504e-01
2644   2.6343919e-01
2645   2.6317350e-01
2646   2.6290799e-01
2647   2.6264264e-01
2648   2.6237746e-01
2649   2.6211245e-01
2650   2.6184761e-01
2651   2.6158293e-01
2652   2.6131842e-01
2653   2.6105408e-01
2654   2.6078991e-01
2655   2.6052590e-01
2656   2.6026206e-01
2657   2.5999840e-01
2658   2.5973489e-01
2659   2.5947156e-01
2660   2.5920840e-01
2661   2.5894540e-01
2662   2.5868257e-01
2663   2.5841991e-01
2664   2.5815742e-01
2665   2.5789509e-01
2666   2.5763294e-01
2667   2.5737095e-01
2668   2.5710913e-01
2669   2.5684748e-01
2670   2.5658600e-01
2671   2.5632469e-01
2672   2.5606354e-01
2673   2.5580256e-01
2674   2.5554176e-01
2675   2.5528112e-01
2676   2.5502064e-01
2677   2.5476034e-01
2678   2.5450021e-01
2679   2.5424024e-01
2680   2.5398044e-01
2681   2.5372082e-01
2682   2.5346136e-01
2683   2.5320207e-01
2684   2.5294294e-01
2685   2.5268399e-01
2686   2.5242521e-01
2687   2.5216659e-01
2688   2.5190814e-01
2689   2.5164987e-01
2690   2.5139176e-01
2691   2.5113382e-01
2692   2.5087605e-01
2693   2.5061844e-01
2694   2.5036101e-01
2695   2.5010375e-01
2696   2.4984665e-01
2697   2.4958973e-01
2698   2.4933297e-01
2699   2.4907638e-01
2700   2.4881996e-01
2701   2.4856371e-01
2702   2.4830763e-01
2703   2.4805172e-01
2704   2.4779598e-01
2705   2.4754041e-01
2706   2.4728501e-01
2707   2.4702977e-01
2708   2.4677471e-01
2709   2.4651981e-01
2710   2.4626509e-01
2711   2.4601053e-01
2712   2.4575614e-01
2713   2.4550192e-01
2714   2.4524787e-01
2715   2.4499400e-01
2716   2.4474029e-01
2717   2.4448675e-01
2718   2.4423337e-01
2719   2.4398017e-01
2720   2.4372714e-01
2721   2.4347428e-01
2722   2.4322159e-01
2723   2.4296906e-01
2724   2.4271671e-01
2725   2.4246453e-01
2726   2.4221251e-01
2727   2.4196067e-01
2728   2.4170899e-01
2729   2.4145749e-01
2730   2.4120615e-01
2731   2.4095499e-01
2732   2.4070399e-01
2733   2.4045316e-01
2734   2.4020251e-01
2735   2.3995202e-01
2736   2.3970170e-01
2737   2.3945156e-01
2738   2.3920158e-01
2739   2.3895177e-01
2740   2.3870213e-01
2741   2.3845266e-01
2742   2.3820337e-01
2743   2.3795424e-01
2744   2.3770528e-01
2745   2.3745649e-01
2746   2.3720787e-01
2747   2.3695942e-01
2748   2.3671114e-01
2749   2.3646303e-01
2750   2.3621510e-01
2751   2.3596733e-01
2752   2.3571973e-01
2753   2.3547230e-01
2754   2.3522504e-01
2755   2.3497795e-01
2756   2.3473103e-01
2757   2.3448428e-01
2758   2.3423770e-01
2759   2.3399129e-01
2760   2.3374505e-01
2761   2.3349898e-01
2762   2.3325309e-01
2763   2.3300736e-01
2764   2.3276180e-01
2765   2.3251641e-01
2766   2.3227119e-01
2767   2.3202614e-01
2768   2.3178126e-01
2769   2.3153656e-01
2770   2.3129202e-01
2771   2.3104765e-01
2772   2.3080345e-01
2773   2.3055942e-01
2774   2.3031557e-01
2775   2.3007188e-01
2776   2.2982836e-01
2777   2.2958501e-01
2778   2.2934184e-01
2779   2.2909883e-01
2780   2.2885599e-01
2781   2.2861333e-01
2782   2.2837083e-01
2783   2.2812850e-01
2784   2.2788635e-01
2785   2.2764436e-01
2786   2.2740255e-01
2787   2.2716090e-01
2788   2.2691943e-01
2789   2.2667812e-01
2790   2.2643699e-01
2791   2.2619602e-01
2792   2.2595523e-01
2793   2.2571461e-01
2794   2.2547415e-01
2795   2.2523387e-01
2796   2.2499376e-01
2797   2.2475381e-01
2798   2.2451404e-01
2799   2.2427444e-01
2800   2.2403500e-01
2801   2.2379574e-01
2802   2.2355665e-01
2803   2.2331773e-01
2804   2.2307898e-01
2805   2.2284040e-01
2806   2.2260199e-01
2807   2.2236375e-01
2808   2.2212568e-01
2809   2.2188778e-01
2810   2.2165005e-01
2811   2.2141249e-01
2812   2.2117510e-01
2813   2.2093788e-01
2814   2.2070083e-01
2815   2.2046395e-01
2816   2.2022724e-01
2817   2.1999070e-01
2818   2.1975434e-01
2819   2.1951814e-01
2820   2.1928211e-01
2821   2.1904625e-01
2822   2.1881057e-01
2823   2.1857505e-01
2824   2.1833970e-01
2825   2.1810453e-01
2826   2.1786952e-01
2827   2.1763468e-01
2828   2.1740002e-01
2829   2.1716552e-01
2830   2.1693120e-01
2831   2.1669704e-01
2832   2.1646305e-01
2833   2.1622924e-01
2834   2.1599559e-01
2835   2.1576212e-01
2836   2.1552882e-01
2837   2.1529568e-01
2838   2.1506272e-01
2839   2.1482992e-01
2840   2.1459730e-01
2841   2.1436484e-01
2842   2.1413256e-01
2843   2.1390045e-01
2844   2.1366850e-01
2845   2.1343673e-01
2846   2.1320513e-01
2847   2.1297369e-01
2848   2.1274243e-01
2849   2.1251134e-01
2850   2.1228041e-01
2851   2.1204966e-01
2852   2.1181908e-01
2853   2.1158866e-01
2854   2.1135842e-01
2855   2.1112835e-01
2856   2.1089844e-01
2857   2.1066871e-01
2858   2.1043915e-01
2859   2.1020975e-01
2860   2.0998053e-01
2861   2.0975148e-01
2862   2.0952259e-01
2863   2.0929388e-01
2864   2.0906534e-01
2865   2.0883696e-01
2866   2.0860876e-01
2867   2.0838072e-01
2868   2.0815286e-01
2869   2.0792517e-01
2870   2.0769764e-01
2871   2.0747029e-01
2872   2.0724310e-01
2873   2.0701609e-01
2874   2.0678924e-01
2875   2.0656257e-01
2876   2.0633606e-01
2877   2.0610973e-01
2878   2.0588356e-01
2879   2.0565756e-01
2880   2.0543174e-01
2881   2.0520608e-01
2882   2.0498059e-01
2883   2.0475527e-01
2884   2.0453013e-01
2885   2.0430515e-01
2886   2.0408034e-01
2887   2.0385570e-01
2888   2.0363123e-01
2889   2.0340693e-01
2890   2.0318280e-01
2891   2.0295884e-01
2892   2.0273505e-01
2893   2.0251142e-01
2894   2.0228797e-01
2895   2.0206469e-01
2896   2.0184158e-01
2897   2.0161863e-01
2898   2.0139586e-01
2899   2.0117325e-01
2900   2.0095082e-01
2901   2.0072855e-01
2902   2.0050645e-01
2903   2.0028452e-01
2904   2.0006277e-01
2905   1.9984118e-01
2906   1.9961976e-01
2907   1.9939851e-01
2908   1.9917742e-01
2909   1.9895651e-01
2910   1.9873577e-01
2911   1.9851520e-01
2912   1.9829479e-01
2913   1.9807456e-01
2914   1.9785449e-01
2915   1.9763459e-01
2916   1.9741486e-01
2917   1.9719530e-01
2918   1.9697591e-01
2919   1.9675669e-01
2920   1.9653764e-01
2921   1.9631876e-01
2922   1.9610004e-01
2923   1.9588150e-01
2924   1.9566312e-01
2925   1.9544492e-01
2926   1.9522688e-01
2927   1.9500901e-01
2928   1.9479131e-01
2929   1.9457377e-01
2930   1.9435641e-01
2931   1.9413922e-01
2932   1.9392219e-01
2933   1.9370533e-01
2934   1.9348865e-01
2935   1.9327213e-01
2936   1.9305578e-01
2937   1.9283959e-01
2938   1.9262358e-01
2939   1.9240773e-01
2940   1.9219206e-01
2941   1.9197655e-01
2942   1.9176121e-01
2943   1.9154604e-01
2944   1.9133104e-01
2945   1.9111620e-01
2946   1.9090154e-01
2947   1.9068704e-01
2948   1.9047271e-01
2949   1.9025855e-01
2950   1.9004456e-01
2951   1.8983073e-01
2952   1.8961708e-01
2953   1.8940359e-01
2954   1.8919027e-01
2955   1.8897712e-01
2956   1.8876413e-01
2957   1.8855132e-01
2958   1.8833867e-01
2959   1.8812619e-01
2960   1.8791388e-01
2961   1.8770174e-01
2962   1.8748976e-01
2963   1.8727796e-01
2964   1.8706632e-01
2965   1.8685484e-01
2966   1.8664354e-01
2967   1.8643241e-01
2968   1.8622144e-01
2969   1.8601064e-01
2970   1.8580001e-01
2971   1.8558954e-01
2972   1.8537924e-01
2973   1.8516911e-01
2974   1.8495915e-01
2975   1.8474936e-01
2976   1.8453973e-01
2977   1.8433027e-01
2978   1.8412098e-01
2979   1.8391186e-01
2980   1.8370290e-01
2981   1.8349411e-01
2982   1.8328549e-01
2983   1.8307704e-01
2984   1.8286875e-01
2985   1.8266063e-01
2986   1.8245268e-01
2987   1.8224489e-01
2988   1.8203727e-01
2989   1.8182982e-01
2990   1.8162254e-01
2991   1.8141542e-01
2992   1.8120847e-01
2993   1.8100169e-01
2994   1.8079507e-01
2995   1.8058863e-01
2996   1.8038234e-01
2997   1.8017623e-01
2998   1.7997028e-01
2999   1.7976450e-01
3000   1.7955889e-01
3001   1.7935344e-01
3002   1.7914816e-01
3003   1.7894304e-01
3004   1.7873809e-01
3005   1.7853331e-01
3006   1.7832870e-01
3007   1.7812425e-01
3008   1.7791997e-01
3009   1.7771586e-01
3010   1.7751191e-01
3011   1.7730813e-01
3012   1.7710451e-01
3013   1.7690106e-01
3014   1.7669778e-01
3015   1.7649466e-01
3016   1.7629171e-01
3017   1.7608893e-01
3018   1.7588631e-01
3019   1.7568386e-01
3020   1.7548157e-01
3021   1.7527945e-01
3022   1.7507750e-01
3023   1.7487571e-01
3024   1.7467409e-01
3025   1.7447263e-01
3026   1.7427134e-01
3027   1.7407022e-01
3028   1.7386926e-01
3029   1.7366847e-01
3030   1.7346784e-01
3031   1.7326738e-01
3032   1.7306708e-01
3033   1.7286695e-01
3034   1.7266699e-01
3035   1.7246719e-01
3036   1.7226755e-01
3037   1.7206809e-01
3038   1.7186878e-01
3039   1.7166965e-01
3040   1.7147067e-01
3041   1.7127187e-01
3042   1.7107323e-01
3043   1.7087475e-01
3044   1.7067644e-01
3045   1.7047829e-01
3046   1.7028031e-01
3047   1.7008250e-01
3048   1.6988484e-01
3049   1.6968736e-01
3050   1.6949004e-01
3051   1.6929288e-01
3052   1.6909589e-01
3053   1.6889906e-01
3054   1.6870240e-01
3055   1.6850590e-01
3056   1.6830957e-01
3057   1.6811340e-01
3058   1.6791740e-01
3059   1.6772156e-01
3060   1.6752589e-01
3061   1.6733038e-01
3062   1.6713503e-01
3063   1.6693985e-01
3064   1.6674484e-01
3065   1.6654998e-01
3066   1.6635529e-01
3067   1.6616077e-01
3068   1.6596641e-01
3069   1.6577222e-01
3070   1.6557818e-01
3071   1.6538432e-01
3072   1.6519061e-01
3073   1.6499707e-01
3074   1.6480370e-01
3075   1.6461048e-01
3076   1.6441744e-01
3077   1.6422455e-01
3078   1.6403183e-01
3079   1.6383927e-01
3080   1.6364688e-01
3081   1.6345465e-01
3082   1.6326258e-01
3083   1.6307068e-01
3084   1.6287894e-01
3085   1.6268737e-01
3086   1.6249595e-01
3087   1.6230470e-01
3088   1.6211362e-01
3089   1.6192269e-01
3090   1.6173193e-01
3091   1.6154134e-01
3092   1.6135090e-01
3093   1.6116063e-01
3094   1.6097052e-01
3095   1.6078058e-01
3096   1.6059080e-01
3097   1.6040118e-01
3098   1.6021172e-01
3099   1.6002243e-01
3100   1.5983330e-01
3101   1.5964433e-01
3102   1.5945552e-01
3103   1.5926688e-01
3104   1.5907840e-01
3105   1.5889008e-01
3106   1.5870193e-01
3107   1.5851393e-01
3108   1.5832610e-01
3109   1.5813843e-01
3110   1.5795093e-01
3111   1.5776358e-01
3112   1.5757640e-01
3113   1.5738938e-01
3114   1.5720252e-01
3115   1.5701582e-01
3116   1.5682929e-01
3117   1.5664292e-01
3118   1.5645670e-01
3119   1.5627066e-01
3120   1.5608477e-01
3121   1.5589904e-01
3122   1.5571348e-01
3123   1.5552807e-01
3124   1.5534283e-01
3125   1.5515775e-01
3126   1.5497283e-01
3127   1.5478808e-01
3128   1.5460348e-01
3129   1.5441905e-01
3130   1.5423477e-01
3131   1.5405066e-01
3132   1.5386671e-01
3133   1.5368292e-01
3134   1.5349929e-01
3135   1.5331582e-01
3136   1.5313251e-01
3137   1.5294937e-01
3138   1.5276638e-01
3139   1.5258356e-01
3140   1.5240089e-01
3141   1.5221839e-01
3142   1.5203605e-01
3143   1.5185386e-01
3144   1.5167184e-01
3145   1.5148998e-01
3146   1.5130828e-01
3147   1.5112674e-01
3148   1.5094535e-01
3149   1.5076413e-01
3150   1.5058307e-01
3151   1.5040217e-01
3152   1.5022143e-01
3153   1.5004085e-01
3154   1.4986043e-01
3155   1.4968017e-01
3156   1.4950007e-01
3157   1.4932013e-01
3158   1.4914034e-01
3159   1.4896072e-01
3160   1.4878126e-01
3161   1.4860196e-01
3162   1.4842281e-01
3163   1.4824383e-01
3164   1.4806500e-01
3165   1.4788634e-01
3166   1.4770783e-01
3167   1.4752948e-01
3168   1.4735130e-01
3169   1.4717327e-01
3170   1.4699540e-01
3171   1.4681769e-01
3172   1.4664014e-01
3173   1.4646274e-01
3174   1.4628551e-01
3175   1.4610843e-01
3176   1.4593151e-01
3177   1.4575476e-01
3178   1.4557816e-01
3179   1.4540172e-01
3180   1.4522543e-01
3181   1.4504931e-01
3182   1.4487334e-01
3183   1.4469753e-01
3184   1.4452188e-01
3185   1.4434639e-01
3186   1.4417106e-01
3187   1.4399588e-01
3188   1.4382087e-01
3189   1.4364601e-01
3190   1.4347131e-01
3191   1.4329676e-01
3192   1.4312238e-01
3193   1.4294815e-01
3194   1.4277408e-01
3195   1.4260016e-01
3196   1.4242641e-01
3197   1.4225281e-01
3198   1.4207937e-01
3199   1.4190609e-01
3200   1.4173296e-01
3201   1.4155999e-01
3202   1.4138718e-01
3203   1.4121452e-01
3204   1.4104203e-01
3205   1.4086969e-01
3206   1.4069750e-01
3207   1.4052548e-01
3208   1.4035360e-01
3209   1.4018189e-01
3210   1.4001033e-01
3211   1.3983893e-01
3212   1.3966769e-01
3213   1.3949660e-01
3214   1.3932567e-01
3215   1.3915490e-01
3216   1.3898428e-01
3217   1.3881382e-01
3218   1.3864351e-01
3219   1.3847336e-01
3220   1.3830337e-01
3221   1.3813353e-01
3222   1.3796385e-01
3223   1.3779433e-01
3224   1.3762496e-01
3225   1.3745574e-01
3226   1.3728668e-01
3227   1.3711778e-01
3228   1.3694903e-01
3229   1.3678044e-01
3230   1.3661201e-01
3231   1.3644372e-01
3232   1.3627560e-01
3233   1.3610763e-01
3234   1.3593981e-01
3235   1.3577215e-01
3236   1.3560465e-01
3237   1.3543730e-01
3238   1.3527010e-01
3239   1.3510306e-01
3240   1.3493618e-01
3241   1.3476945e-01
3242   1.3460287e-01
3243   1.3443645e-01
3244   1.3427018e-01
3245   1.3410407e-01
3246   1.3393811e-01
3247   1.3377231e-01
3248   1.3360666e-01
3249   1.3344116e-01
3250   1.3327582e-01
3251   1.3311063e-01
3252   1.3294560e-01
3253   1.3278072e-01
3254   1.3261600e-01
3255   1.3245143e-01
3256   1.3228701e-01
3257   1.3212274e-01
3258   1.3195863e-01
3259   1.3179468e-01
3260   1.3163087e-01
3261   1.3146722e-01
3262   1.3130373e-01
3263   1.3114039e-01
3264   1.3097720e-01
3265   1.3081416e-01
3266   1.3065128e-01
3267   1.3048854e-01
3268   1.3032597e-01
3269   1.3016354e-01
3270   1.3000127e-01
3271   1.2983915e-01
3272   1.2967719e-01
3273   1.2951537e-01
3274   1.2935371e-01
3275   1.2919220e-01
3276   1.2903085e-01
3277   1.2886964e-01
3278   1.2870859e-01
3279   1.2854769e-01
3280   1.2838694e-01
3281   1.2822635e-01
3282   1.2806591e-01
3283   1.2790561e-01
3284   1.2774548e-01
3285   1.2758549e-01
3286   1.2742565e-01
3287   1.2726597e-01
3288   1.2710644e-01
3289   1.2694706e-01
3290   1.2678783e-01
3291   1.2662875e-01
3292   1.2646982e-01
3293   1.2631105e-01
3294   1.2615242e-01
3295   1.2599395e-01
3296   1.2583563e-01
3297   1.2567746e-01
3298   1.2551944e-01
3299   1.2536157e-01
3300   1.2520385e-01
3301   1.2504628e-01
3302   1.2488887e-01
3303   1.2473160e-01
3304   1.2457448e-01
3305   1.2441752e-01
3306   1.2426070e-01
3307   1.2410404e-01
3308   1.2394753e-01
3309   1.2379116e-01
3310   1.2363495e-01
3311   1.2347888e-01
3312   1.2332297e-01
3313   1.2316720e-01
3314   1.2301159e-01
3315   1.2285613e-01
3316   1.2270081e-01
3317   1.2254564e-01
3318   1.2239063e-01
3319   1.2223576e-01
3320   1.2208105e-01
3321   1.2192648e-01
3322   1.2177206e-01
3323   1.2161779e-01
3324   1.2146367e-01
3325   1.2130970e-01
3326   1.2115588e-01
3327   1.2100220e-01
3328   1.2084868e-01
3329   1.2069530e-01
3330   1.2054208e-01
3331   1.2038900e-01
3332   1.2023607e-01
3333   1.2008329e-01
3334   1.1993065e-01
3335   1.1977817e-01
3336   1.1962583e-01
3337   1.1947364e-01
3338   1.1932160e-01
3339   1.1916971e-01
3340   1.1901797e-01
3341   1.1886637e-01
3342   1.1871492e-01
3343   1.1856362e-01
3344   1.1841247e-01
3345   1.1826146e-01
3346   1.1811060e-01
3347   1.1795989e-01
3348   1.1780933e-01
3349   1.1765891e-01
3350   1.1750864e-01
3351   1.1735852e-01
3352   1.1720855e-01
3353   1.1705872e-01
3354   1.1690904e-01
3355   1.1675951e-01
3356   1.1661012e-01
3357   1.1646088e-01
3358   1.1631178e-01
3359   1.1616284e-01
3360   1.1601404e-01
3361   1.1586538e-01
3362   1.1571687e-01
3363   1.1556851e-01
3364   1.1542030e-01
3365   1.1527223e-01
3366   1.1512430e-01
3367   1.1497653e-01
3368   1.1482889e-01
3369   1.1468141e-01
3370   1.1453407e-01
3371   1.1438687e-01
3372   1.1423983e-01
3373   1.1409292e-01
3374   1.1394617e-01
3375   1.1379955e-01
3376   1.1365309e-01
3377   1.1350676e-01
3378   1.1336059e-01
3379   1.1321456e-01
3380   1.1306867e-01
3381   1.1292293e-01
3382   1.1277733e-01
3383   1.1263188e-01
3384   1.1248657e-01
3385   1.1234141e-01
3386   1.1219639e-01
3387   1.1205151e-01
3388   1.1190679e-01
3389   1.1176220e-01
3390   1.1161776e-01
3391   1.1147346e-01
3392   1.1132931e-01
3393   1.1118530e-01
3394   1.1104144e-01
3395   1.1089771e-01
3396   1.1075414e-01
3397   1.1061070e-01
3398   1.1046741e-01
3399   1.1032427e-01
3400   1.1018126e-01
3401   1.1003840e-01
3402   1.0989569e-01
3403   1.0975311e-01
3404   1.0961068e-01
3405   1.0946840e-01
3406   1.0932625e-01
3407   1.0918425e-01
3408   1.0904240e-01
3409   1.0890068e-01
3410   1.0875911e-01
3411   1.0861768e-01
3412   1.0847639e-01
3413   1.0833524e-01
3414   1.0819424e-01
3415   1.0805338e-01
3416   1.0791266e-01
3417   1.0777209e-01
3418   1.0763165e-01
3419   1.0749136e-01
3420   1.0735121e-01
3421   1.0721120e-01
3422   1.0707134e-01
3423   1.0693161e-01
3424   1.0679203e-01
3425   1.0665259e-01
3426   1.0651329e-01
3427   1.0637413e-01
3428   1.0623511e-01
3429   1.0609623e-01
3430   1.0595750e-01
3431   1.0581891e-01
3432   1.0568045e-01
3433   1.0554214e-01
3434   1.0540397e-01
3435   1.0526594e-01
3436   1.0512805e-01
3437   1.0499030e-01
3438   1.0485269e-01
3439   1.0471522e-01
3440   1.0457789e-01
3441   1.0444070e-01
3442   1.0430366e-01
3443   1.0416675e-01
3444   1.0402998e-01
3445   1.0389335e-01
3446   1.0375686e-01
3447   1.0362052e-01
3448   1.0348431e-01
3449   1.0334824e-01
3450   1.0321231e-01
3451   1.0307652e-01
3452   1.0294087e-01
3453   1.0280536e-01
3454   1.0266999e-01
3455   1.0253475e-01
3456   1.0239966e-01
3457   1.0226470e-01
3458   1.0212989e-01
3459   1.0199521e-01
3460   1.0186067e-01
3461   1.0172627e-01
3462   1.0159201e-01
3463   1.0145789e-01
3464   1.0132391e-01
3465   1.0119006e-01
3466   1.0105635e-01
3467   1.0092278e-01
3468   1.0078935e-01
3469   1.0065606e-01
3470   1.0052290e-01
3471   1.0038988e-01
3472   1.0025700e-01
3473   1.0012426e-01
3474   9.9991658e-02
3475   9.9859191e-02
3476   9.9726862e-02
3477   9.9594670e-02
3478   9.9462615e-02
3479   9.9330697e-02
3480   9.9198917e-02
3481   9.9067273e-02
3482   9.8935767e-02
3483   9.8804397e-02
3484   9.8673164e-02
3485   9.8542068e-02
3486   9.8411108e-02
3487   9.8280285e-02
3488   9.8149599e-02
3489   9.8019049e-02
3490   9.7888635e-02
3491   9.7758357e-02
3492   9.7628216e-02
3493   9.7498210e-02
3494   9.7368341e-02
3495   9.7238608e-02
3496   9.7109010e-02
3497   9.6979548e-02
3498   9.6850221e-02
3499   9.6721031e-02
3500   9.6591975e-02
3501   9.6463055e-02
3502   9.6334271e-02
3503   9.6205622e-02
3504   9.6077107e-02
3505   9.5948728e-02
3506   9.5820484e-02
3507   9.5692375e-02
3508   9.5564400e-02
3509   9.5436561e-02
3510   9.5308856e-02
3511   9.5181285e-02
3512   9.5053849e-02
3513   9.4926548e-02
3514   9.4799381e-02
3515   9.4672348e-02
3516   9.4545449e-02
3517   9.4418684e-02
3518   9.4292053e-02
3519   9.4165556e-02
3520   9.4039193e-02
3521   9.3912964e-02
3522   9.3786869e-02
3523   9.3660906e-02
3524   9.3535078e-02
3525   9.3409383e-02
3526   9.3283821e-02
3527   9.3158392e-02
3528   9.3033097e-02
3529   9.2907935e-02
3530   9.2782905e-02
3531   9.2658009e-02
3532   9.2533245e-02
3533   9.2408614e-02
3534   9.2284116e-02
3535   9.2159751e-02
3536   9.2035518e-02
3537   9.1911417e-02
3538   9.1787448e-02
3539   9.1663612e-02
3540   9.1539908e-02
3541   9.1416336e-02
3542   9.1292896e-02
3543   9.1169588e-02
3544   9.1046412e-02
3545   9.0923367e-02
3546   9.0800455e-02
3547   9.0677673e-02
3548   9.0555023e-02
3549   9.0432505e-02
3550   9.0310118e-02
3551   9.0187862e-02
3552   9.0065737e-02
3553   8.9943744e-02
3554   8.9821881e-02
3555   8.9700149e-02
3556   8.9578548e-02
3557   8.9457078e-02
3558   8.9335738e-02
3559   8.9214529e-02
3560   8.9093450e-02
3561   8.8972502e-02
3562   8.8851684e-02
3563   8.8730997e-02
3564   8.8610439e-02
3565   8.8490011e-02
3566   8.8369714e-02
3567   8.8249546e-02
3568   8.8129508e-02
3569   8.8009600e-02
3570   8.7889821e-02
3571   8.7770172e-02
3572   8.7650652e-02
3573   8.7531262e-02
3574   8.7412001e-02
3575   8.7292869e-02
3576   8.7173867e-02
3577   8.7054993e-02
3578   8.6936248e-02
3579   8.6817632e-02
3580   8.6699145e-02
3581   8.6580787e-02
3582   8.6462557e-02
3583   8.6344455e-02
3584   8.6226482e-02
3585   8.6108638e-02
3586   8.5990921e-02
3587   8.5873333e-02
3588   8.5755873e-02
3589   8.5638541e-02
3590   8.5521337e-02
3591   8.5404261e-02
3592   8.5287312e-02
3593   8.5170491e-02
3594   8.5053797e-02
3595   8.4937232e-02
3596   8.4820793e-02
3597   8.4704482e-02
3598   8.4588298e-02
3599   8.4472241e-02
3600   8.4356311e-02
3601   8.4240508e-02
3602   8.4124832e-02
3603   8.4009283e-02
3604   8.3893861e-02
3605   8.3778565e-02
3606   8.3663396e-02
3607   8.3548353e-02
3608   8.3433436e-02
3609   8.3318646e-02
3610   8.3203982e-02
3611   8.3089444e-02
3612   8.2975032e-02
3613   8.2860746e-02
3614   8.2746586e-02
3615   8.2632552e-02
3616   8.2518643e-02
3617   8.2404860e-02
3618   8.2291202e-02
3619   8.2177670e-02
3620   8.2064263e-02
3621   8.1950982e-02
3622   8.1837825e-02
3623   8.1724794e-02
3624   8.1611887e-02
3625   8.1499106e-02
3626   8.1386449e-02
3627   8.1273917e-02
3628   8.1161510e-02
3629   8.1049227e-02
3630   8.0937068e-02
3631   8.0825035e-02
3632   8.0713125e-02
3633   8.0601339e-02
3634   8.0489678e-02
3635   8.0378141e-02
3636   8.0266727e-02
3637   8.0155438e-02
3638   8.0044272e-02
3639   7.9933230e-02
3640   7.9822311e-02
3641   7.9711516e-02
3642   7.9600845e-02
3643   7.9490296e-02
3644   7.9379871e-02
3645   7.9269570e-02
3646   7.9159391e-02
3647   7.9049335e-02
3648   7.8939402e-02
3649   7.8829592e-02
3650   7.8719905e-02
3651   7.8610340e-02
3652   7.8500898e-02
3653   7.8391578e-02
3654   7.8282381e-02
3655   7.8173306e-02
3656   7.8064353e-02
3657   7.7955522e-02
3658   7.7846813e-02
3659   7.7738226e-02
3660   7.7629761e-02
3661   7.7521418e-02
3662   7.7413197e-02
3663   7.7305097e-02
3664   7.7197119e-02
3665   7.7089262e-02
3666   7.6981526e-02
3667   7.6873911e-02
3668   7.6766418e-02
3669   7.6659046e-02
3670   7.6551795e-02
3671   7.6444664e-02
3672   7.6337655e-02
3673   7.6230766e-02
3674   7.6123998e-02
3675   7.6017350e-02
3676   7.5910823e-02
3677   7.5804416e-02
3678   7.5698130e-02
3679   7.5591963e-02
3680   7.5485917e-02
3681   7.5379991e-02
3682   7.5274184e-02
3683   7.5168498e-02
3684   7.5062931e-02
3685   7.4957484e-02
3686   7.4852156e-02
3687   7.4746948e-02
3688   7.4641860e-02
3689   7.4536890e-02
3690   7.4432040e-02
3691   7.4327309e-02
3692   7.4222698e-02
3693   7.4118205e-02
3694   7.4013831e-02
3695   7.3909575e-02
3696   7.3805439e-02
3697   7.3701421e-02
3698   7.3597521e-02
3699   7.3493740e-02
3700   7.3390078e-02
3701   7.3286533e-02
3702   7.3183107e-02
3703   7.3079799e-02
3704   7.2976609e-02
3705   7.2873536e-02
3706   7.2770582e-02
3707   7.2667745e-02
3708   7.2565026e-02
3709   7.2462425e-02
3710   7.2359940e-02
3711   7.2257574e-02
3712   7.2155324e-02
3713   7.2053192e-02
3714   7.1951177e-02
3715   7.1849279e-02
3716   7.1747498e-02
3717   7.1645834e-02
3718   7.1544286e-02
3719   7.1442856e-02
3720   7.1341541e-02
3721   7.1240344e-02
3722   7.1139262e-02
3723   7.1038297e-02
3724   7.0937449e-02
3725   7.0836716e-02
3726   7.0736099e-02
3727   7.0635599e-02
3728   7.0535214e-02
3729   7.0434945e-02
3730   7.0334792e-02
3731   7.0234754e-02
3732   7.0134832e-02
3733   7.0035026e-02
3734   6.9935334e-02
3735   6.9835758e-02
3736   6.9736298e-02
3737   6.9636952e-02
3738   6.9537721e-02
3739   6.9438605e-02
3740   6.9339604e-02
3741   6.9240718e-02
3742   6.9141946e-02
3743   6.9043289e-02
3744   6.8944747e-02
3745   6.8846318e-02
3746   6.8748005e-02
3747   6.8649805e-02
3748   6.8551719e-02
3749   6.8453748e-02
3750   6.8355890e-02
3751   6.8258146e-02
3752   6.8160516e-02
3753   6.8063000e-02
3754   6.7965597e-02
3755   6.7868308e-02
3756   6.7771132e-02
3757   6.7674070e-02
3758   6.7577120e-02
3759   6.7480284e-02
3760   6.7383561e-02
3761   6.7286951e-02
3762   6.7190454e-02
3763   6.7094069e-02
3764   6.6997798e-02
3765   6.6901638e-02
3766   6.6805592e-02
3767   6.6709658e-02
3768   6.6613836e-02
3769   6.6518126e-02
3770   6.6422529e-02
3771   6.6327044e-02
3772   6.6231671e-02
3773   6.6136409e-02
3774   6.6041260e-02
3775   6.5946222e-02
3776   6.5851296e-02
3777   6.5756481e-02
3778   6.5661778e-02
3779   6.5567186e-02
3780   6.5472706e-02
3781   6.5378336e-02
3782   6.5284078e-02
3783   6.5189931e-02
3784   6.5095895e-02
3785   6.5001970e-02
3786   6.4908155e-02
3787   6.4814451e-02
3788   6.4720858e-02
3789   6.4627375e-02
3790   6.4534003e-02
3791   6.4440740e-02
3792   6.4347589e-02
3793   6.4254547e-02
3794   6.4161615e-02
3795   6.4068793e-02
3796   6.3976082e-02
3797   6.3883480e-02
3798   6.3790987e-02
3799   6.3698605e-02
3800   6.3606331e-02
3801   6.3514168e-02
3802   6.3422113e-02
3803   6.3330168e-02
3804   6.3238332e-02
3805   6.3146605e-02
3806   6.3054987e-02
3807   6.2963478e-02
3808   6.2872078e-02
3809   6.2780787e-02
3810   6.2689604e-02
3811   6.2598530e-02
3812   6.2507564e-02
3813   6.2416706e-02
3814   6.2325957e-02
3815   6.2235316e-02
3816   6.2144784e-02
3817   6.2054359e-02
3818   6.1964042e-02
3819   6.1873833e-02
3820   6.1783732e-02
3821   6.1693738e-02
3822   6.1603852e-02
3823   6.1514074e-02
3824   6.1424403e-02
3825   6.1334839e-02
3826   6.1245382e-02
3827   6.1156033e-02
3828   6.1066790e-02
3829   6.0977655e-02
3830   6.0888627e-02
3831   6.0799705e-02
3832   6.0710890e-02
3833   6.0622181e-02
3834   6.0533580e-02
3835   6.0445084e-02
3836   6.0356695e-02
3837   6.0268412e-02
3838   6.0180236e-02
3839   6.0092165e-02
3840   6.0004200e-02
3841   5.9916342e-02
3842   5.9828589e-02
3843   5.9740942e-02
3844   5.9653400e-02
3845   5.9565964e-02
3846   5.9478634e-02
3847   5.9391409e-02
3848   5.9304289e-02
3849   5.9217275e-02
3850   5.9130365e-02
3851   5.9043561e-02
3852   5.8956861e-02
3853   5.8870267e-02
3854   5.8783777e-02
3855   5.8697391e-02
3856   5.8611111e-02
3857   5.8524935e-02
3858   5.8438863e-02
3859   5.8352896e-02
3860   5.8267032e-02
3861   5.8181273e-02
3862   5.8095619e-02
3863   5.8010068e-02
3864   5.7924620e-02
3865   5.7839277e-02
3866   5.7754038e-02
3867   5.7668902e-02
3868   5.7583869e-02
3869   5.7498940e-02
3870   5.7414115e-02
3871   5.7329392e-02
3872   5.7244773e-02
3873   5.7160257e-02
3874   5.7075844e-02
3875   5.6991534e-02
3876   5.6907326e-02
3877   5.6823222e-02
3878   5.6739220e-02
3879   5.6655321e-02
3880   5.6571524e-02
3881   5.6487829e-02
3882   5.6404237e-02
3883   5.6320747e-02
3884   5.6237359e-02
3885   5.6154073e-02
3886   5.6070890e-02
3887   5.5987808e-02
3888   5.5904827e-02
3889   5.5821949e-02
3890   5.5739172e-02
3891   5.5656497e-02
3892   5.5573923e-02
3893   5.5491450e-02
3894   5.5409079e-02
3895   5.5326808e-02
3896   5.5244639e-02
3897   5.5162571e-02
3898   5.5080604e-02
3899   5.4998738e-02
3900   5.4916972e-02
3901   5.4835307e-02
3902   5.4753742e-02
3903   5.4672278e-02
3904   5.4590915e-02
3905   5.4509651e-02
3906   5.4428488e-02
3907   5.4347425e-02
3908   5.4266462e-02
3909   5.4185599e-02
3910   5.4104836e-02
3911   5.4024172e-02
3912   5.3943609e-02
3913   5.3863144e-02
3914   5.3782780e-02
3915   5.3702515e-02
3916   5.3622349e-02
3917   5.3542282e-02
3918   5.3462314e-02
3919   5.3382446e-02
3920   5.3302677e-02
3921   5.3223006e-02
3922   5.3143434e-02
3923   5.3063961e-02
3924   5.2984587e-02
3925   5.2905311e-02
3926   5.2826134e-02
3927   5.2747055e-02
3928   5.2668074e-02
3929   5.2589191e-02
3930   5.2510407e-02
3931   5.2431720e-02
3932   5.2353132e-02
3933   5.2274641e-02
3934   5.2196249e-02
3935   5.2117953e-02
3936   5.2039756e-02
3937   5.1961656e-02
3938   5.1883653e-02
3939   5.1805748e-02
3940   5.1727940e-02
3941   5.1650229e-02
3942   5.1572615e-02
3943   5.1495098e-02
3944   5.1417678e-02
3945   5.1340355e-02
3946   5.1263129e-02
3947   5.1185999e-02
3948   5.1108966e-02
3949   5.1032029e-02
3950   5.0955189e-02
3951   5.0878444e-02
3952   5.0801797e-02
3953   5.0725245e-02
3954   5.0648789e-02
3955   5.0572429e-02
3956   5.0496165e-02
3957   5.0419997e-02
3958   5.0343925e-02
3959   5.0267948e-02
3960   5.0192066e-02
3961   5.0116280e-02
3962   5.0040590e-02
3963   4.9964995e-02
3964   4.9889494e-02
3965   4.9814089e-02
3966   4.9738779e-02
3967   4.9663564e-02
3968   4.9588444e-02
3969   4.9513418e-02
3970   4.9438487e-02
3971   4.9363651e-02
3972   4.9288909e-02
3973   4.9214261e-02
3974   4.9139708e-02
3975   4.9065249e-02
3976   4.8990884e-02
3977   4.8916613e-02
3978   4.8842436e-02
3979   4.8768353e-02
3980   4.8694364e-02
3981   4.8620469e-02
3982   4.8546667e-02
3983   4.8472958e-02
3984   4.8399344e-02
3985   4.8325822e-02
3986   4.8252394e-02
3987   4.8179059e-02
3988   4.8105817e-02
3989   4.8032668e-02
3990   4.7959612e-02
3991   4.7886649e-02
3992   4.7813778e-02
3993   4.7741001e-02
3994   4.7668315e-02
3995   4.7595723e-02
3996   4.7523223e-02
3997   4.7450815e-02
3998   4.7378499e-02
3999   4.7306276e-02
4000   4.7234144e-02
