0.000000 1.000000e+00
1.000000 1.000000e+00
2.000000 9.999974e-01
3.000000 9.999948e-01
4.000000 9.999913e-01
5.000000 9.999869e-01
6.000000 9.999816e-01
7.000000 9.999756e-01
8.000000 9.999686e-01
9.000000 9.999607e-01
10.000000 9.999519e-01
11.000000 9.999423e-01
12.000000 9.999317e-01
13.000000 9.999204e-01
14.000000 9.999080e-01
15.000000 9.998948e-01
16.000000 9.998807e-01
17.000000 9.998657e-01
18.000000 9.998498e-01
19.000000 9.998330e-01
20.000000 9.998154e-01
21.000000 9.997968e-01
22.000000 9.997773e-01
23.000000 9.997569e-01
24.000000 9.997358e-01
25.000000 9.997136e-01
26.000000 9.996906e-01
27.000000 9.996668e-01
28.000000 9.996420e-01
29.000000 9.996164e-01
30.000000 9.995900e-01
31.000000 9.995627e-01
32.000000 9.995345e-01
33.000000 9.995055e-01
34.000000 9.994758e-01
35.000000 9.994452e-01
36.000000 9.994138e-01
37.000000 9.993817e-01
38.000000 9.993488e-01
39.000000 9.993149e-01
40.000000 9.992798e-01
41.000000 9.992439e-01
42.000000 9.992070e-01
43.000000 9.991694e-01
44.000000 9.991308e-01
45.000000 9.990914e-01
46.000000 9.990512e-01
47.000000 9.990101e-01
48.000000 9.989682e-01
49.000000 9.989254e-01
50.000000 9.988818e-01
51.000000 9.988374e-01
52.000000 9.987922e-01
53.000000 9.987461e-01
54.000000 9.986992e-01
55.000000 9.986515e-01
56.000000 9.986027e-01
57.000000 9.985531e-01
58.000000 9.985026e-01
59.000000 9.984513e-01
60.000000 9.983992e-01
61.000000 9.983462e-01
62.000000 9.982923e-01
63.000000 9.982376e-01
64.000000 9.981821e-01
65.000000 9.981258e-01
66.000000 9.980686e-01
67.000000 9.980107e-01
68.000000 9.979519e-01
69.000000 9.978923e-01
70.000000 9.978319e-01
71.000000 9.977707e-01
72.000000 9.977084e-01
73.000000 9.976454e-01
74.000000 9.975815e-01
75.000000 9.975168e-01
76.000000 9.974513e-01
77.000000 9.973849e-01
78.000000 9.973178e-01
79.000000 9.972498e-01
80.000000 9.971810e-01
81.000000 9.971114e-01
82.000000 9.970409e-01
83.000000 9.969698e-01
84.000000 9.968977e-01
85.000000 9.968249e-01
86.000000 9.967512e-01
87.000000 9.966769e-01
88.000000 9.966015e-01
89.000000 9.965253e-01
90.000000 9.964483e-01
91.000000 9.963706e-01
92.000000 9.962920e-01
93.000000 9.962126e-01
94.000000 9.961324e-01
95.000000 9.960514e-01
96.000000 9.959697e-01
97.000000 9.958871e-01
98.000000 9.958037e-01
99.000000 9.957195e-01
100.000000 9.956346e-01
101.000000 9.955489e-01
102.000000 9.954624e-01
103.000000 9.953751e-01
104.000000 9.952869e-01
105.000000 9.951979e-01
106.000000 9.951082e-01
107.000000 9.950176e-01
108.000000 9.949263e-01
109.000000 9.948342e-01
110.000000 9.947413e-01
111.000000 9.946477e-01
112.000000 9.945532e-01
113.000000 9.944579e-01
114.000000 9.943620e-01
115.000000 9.942652e-01
116.000000 9.941676e-01
117.000000 9.940693e-01
118.000000 9.939703e-01
119.000000 9.938704e-01
120.000000 9.937697e-01
121.000000 9.936683e-01
122.000000 9.935661e-01
123.000000 9.934630e-01
124.000000 9.933592e-01
125.000000 9.932547e-01
126.000000 9.931494e-01
127.000000 9.930434e-01
128.000000 9.929366e-01
129.000000 9.928290e-01
130.000000 9.927206e-01
131.000000 9.926116e-01
132.000000 9.925017e-01
133.000000 9.923911e-01
134.000000 9.922798e-01
135.000000 9.921677e-01
136.000000 9.920548e-01
137.000000 9.919412e-01
138.000000 9.918267e-01
139.000000 9.917115e-01
140.000000 9.915956e-01
141.000000 9.914789e-01
142.000000 9.913615e-01
143.000000 9.912433e-01
144.000000 9.911244e-01
145.000000 9.910048e-01
146.000000 9.908844e-01
147.000000 9.907632e-01
148.000000 9.906414e-01
149.000000 9.905188e-01
150.000000 9.903954e-01
151.000000 9.902713e-01
152.000000 9.901464e-01
153.000000 9.900208e-01
154.000000 9.898944e-01
155.000000 9.897673e-01
156.000000 9.896395e-01
157.000000 9.895109e-01
158.000000 9.893816e-01
159.000000 9.892515e-01
160.000000 9.891207e-01
161.000000 9.889892e-01
162.000000 9.888569e-01
163.000000 9.887240e-01
164.000000 9.885903e-01
165.000000 9.884559e-01
166.000000 9.883207e-01
167.000000 9.881848e-01
168.000000 9.880482e-01
169.000000 9.879108e-01
170.000000 9.877727e-01
171.000000 9.876339e-01
172.000000 9.874943e-01
173.000000 9.873540e-01
174.000000 9.872130e-01
175.000000 9.870712e-01
176.000000 9.869287e-01
177.000000 9.867856e-01
178.000000 9.866416e-01
179.000000 9.864970e-01
180.000000 9.863517e-01
181.000000 9.862056e-01
182.000000 9.860588e-01
183.000000 9.859113e-01
184.000000 9.857631e-01
185.000000 9.856141e-01
186.000000 9.854644e-01
187.000000 9.853140e-01
188.000000 9.851628e-01
189.000000 9.850109e-01
190.000000 9.848584e-01
191.000000 9.847050e-01
192.000000 9.845511e-01
193.000000 9.843963e-01
194.000000 9.842409e-01
195.000000 9.840847e-01
196.000000 9.839278e-01
197.000000 9.837702e-01
198.000000 9.836119e-01
199.000000 9.834529e-01
200.000000 9.832933e-01
201.000000 9.831328e-01
202.000000 9.829715e-01
203.000000 9.828097e-01
204.000000 9.826470e-01
205.000000 9.824837e-01
206.000000 9.823197e-01
207.000000 9.821549e-01
208.000000 9.819894e-01
209.000000 9.818233e-01
210.000000 9.816564e-01
211.000000 9.814888e-01
212.000000 9.813204e-01
213.000000 9.811514e-01
214.000000 9.809818e-01
215.000000 9.808113e-01
216.000000 9.806402e-01
217.000000 9.804683e-01
218.000000 9.802957e-01
219.000000 9.801224e-01
220.000000 9.799484e-01
221.000000 9.797737e-01
222.000000 9.795983e-01
223.000000 9.794221e-01
224.000000 9.792453e-01
225.000000 9.790677e-01
226.000000 9.788895e-01
227.000000 9.787105e-01
228.000000 9.785308e-01
229.000000 9.783505e-01
230.000000 9.781694e-01
231.000000 9.779876e-01
232.000000 9.778051e-01
233.000000 9.776219e-01
234.000000 9.774379e-01
235.000000 9.772533e-01
236.000000 9.770680e-01
237.000000 9.768819e-01
238.000000 9.766952e-01
239.000000 9.765077e-01
240.000000 9.763195e-01
241.000000 9.761307e-01
242.000000 9.759411e-01
243.000000 9.757508e-01
244.000000 9.755598e-01
245.000000 9.753682e-01
246.000000 9.751758e-01
247.000000 9.749827e-01
248.000000 9.747889e-01
249.000000 9.745943e-01
250.000000 9.743991e-01
251.000000 9.742032e-01
252.000000 9.740066e-01
253.000000 9.738093e-01
254.000000 9.736112e-01
255.000000 9.734125e-01
256.000000 9.732131e-01
257.000000 9.730129e-01
258.000000 9.728121e-01
259.000000 9.726106e-01
260.000000 9.724083e-01
261.000000 9.722054e-01
262.000000 9.720018e-01
263.000000 9.717975e-01
264.000000 9.715924e-01
265.000000 9.713866e-01
266.000000 9.711802e-01
267.000000 9.709730e-01
268.000000 9.707652e-01
269.000000 9.705566e-01
270.000000 9.703474e-01
271.000000 9.701375e-01
272.000000 9.699268e-01
273.000000 9.697155e-01
274.000000 9.695034e-01
275.000000 9.692907e-01
276.000000 9.690773e-01
277.000000 9.688632e-01
278.000000 9.686484e-01
279.000000 9.684329e-01
280.000000 9.682167e-01
281.000000 9.679998e-01
282.000000 9.677822e-01
283.000000 9.675638e-01
284.000000 9.673448e-01
285.000000 9.671251e-01
286.000000 9.669048e-01
287.000000 9.666837e-01
288.000000 9.664619e-01
289.000000 9.662394e-01
290.000000 9.660163e-01
291.000000 9.657925e-01
292.000000 9.655680e-01
293.000000 9.653428e-01
294.000000 9.651169e-01
295.000000 9.648903e-01
296.000000 9.646630e-01
297.000000 9.644350e-01
298.000000 9.642063e-01
299.000000 9.639769e-01
300.000000 9.637470e-01
301.000000 9.635162e-01
302.000000 9.632848e-01
303.000000 9.630527e-01
304.000000 9.628198e-01
305.000000 9.625864e-01
306.000000 9.623523e-01
307.000000 9.621174e-01
308.000000 9.618819e-01
309.000000 9.616457e-01
310.000000 9.614088e-01
311.000000 9.611713e-01
312.000000 9.609330e-01
313.000000 9.606941e-01
314.000000 9.604545e-01
315.000000 9.602142e-01
316.000000 9.599732e-01
317.000000 9.597316e-01
318.000000 9.594892e-01
319.000000 9.592462e-01
320.000000 9.590025e-01
321.000000 9.587582e-01
322.000000 9.585131e-01
323.000000 9.582675e-01
324.000000 9.580211e-01
325.000000 9.577740e-01
326.000000 9.575263e-01
327.000000 9.572779e-01
328.000000 9.570289e-01
329.000000 9.567791e-01
330.000000 9.565287e-01
331.000000 9.562776e-01
332.000000 9.560259e-01
333.000000 9.557734e-01
334.000000 9.555203e-01
335.000000 9.552666e-01
336.000000 9.550122e-01
337.000000 9.547570e-01
338.000000 9.545013e-01
339.000000 9.542449e-01
340.000000 9.539879e-01
341.000000 9.537301e-01
342.000000 9.534717e-01
343.000000 9.532127e-01
344.000000 9.529529e-01
345.000000 9.526926e-01
346.000000 9.524315e-01
347.000000 9.521698e-01
348.000000 9.519074e-01
349.000000 9.516444e-01
350.000000 9.513807e-01
351.000000 9.511164e-01
352.000000 9.508514e-01
353.000000 9.505858e-01
354.000000 9.503194e-01
355.000000 9.500525e-01
356.000000 9.497849e-01
357.000000 9.495166e-01
358.000000 9.492478e-01
359.000000 9.489782e-01
360.000000 9.487081e-01
361.000000 9.484372e-01
362.000000 9.481656e-01
363.000000 9.478935e-01
364.000000 9.476207e-01
365.000000 9.473473e-01
366.000000 9.470732e-01
367.000000 9.467985e-01
368.000000 9.465231e-01
369.000000 9.462471e-01
370.000000 9.459704e-01
371.000000 9.456932e-01
372.000000 9.454152e-01
373.000000 9.451367e-01
374.000000 9.448575e-01
375.000000 9.445777e-01
376.000000 9.442972e-01
377.000000 9.440160e-01
378.000000 9.437343e-01
379.000000 9.434519e-01
380.000000 9.431688e-01
381.000000 9.428852e-01
382.000000 9.426008e-01
383.000000 9.423159e-01
384.000000 9.420304e-01
385.000000 9.417442e-01
386.000000 9.414573e-01
387.000000 9.411699e-01
388.000000 9.408819e-01
389.000000 9.405932e-01
390.000000 9.403039e-01
391.000000 9.400140e-01
392.000000 9.397234e-01
393.000000 9.394322e-01
394.000000 9.391403e-01
395.000000 9.388478e-01
396.000000 9.385548e-01
397.000000 9.382611e-01
398.000000 9.379668e-01
399.000000 9.376719e-01
400.000000 9.373763e-01
401.000000 9.370802e-01
402.000000 9.367834e-01
403.000000 9.364860e-01
404.000000 9.361880e-01
405.000000 9.358894e-01
406.000000 9.355901e-01
407.000000 9.352903e-01
408.000000 9.349898e-01
409.000000 9.346887e-01
410.000000 9.343870e-01
411.000000 9.340847e-01
412.000000 9.337818e-01
413.000000 9.334783e-01
414.000000 9.331741e-01
415.000000 9.328694e-01
416.000000 9.325641e-01
417.000000 9.322581e-01
418.000000 9.319516e-01
419.000000 9.316444e-01
420.000000 9.313366e-01
421.000000 9.310283e-01
422.000000 9.307193e-01
423.000000 9.304098e-01
424.000000 9.300996e-01
425.000000 9.297889e-01
426.000000 9.294774e-01
427.000000 9.291655e-01
428.000000 9.288529e-01
429.000000 9.285398e-01
430.000000 9.282260e-01
431.000000 9.279116e-01
432.000000 9.275967e-01
433.000000 9.272811e-01
434.000000 9.269650e-01
435.000000 9.266483e-01
436.000000 9.263310e-01
437.000000 9.260130e-01
438.000000 9.256946e-01
439.000000 9.253755e-01
440.000000 9.250558e-01
441.000000 9.247356e-01
442.000000 9.244147e-01
443.000000 9.240932e-01
444.000000 9.237712e-01
445.000000 9.234486e-01
446.000000 9.231253e-01
447.000000 9.228016e-01
448.000000 9.224772e-01
449.000000 9.221523e-01
450.000000 9.218267e-01
451.000000 9.215006e-01
452.000000 9.211739e-01
453.000000 9.208466e-01
454.000000 9.205188e-01
455.000000 9.201904e-01
456.000000 9.198614e-01
457.000000 9.195318e-01
458.000000 9.192016e-01
459.000000 9.188709e-01
460.000000 9.185395e-01
461.000000 9.182076e-01
462.000000 9.178752e-01
463.000000 9.175422e-01
464.000000 9.172086e-01
465.000000 9.168744e-01
466.000000 9.165396e-01
467.000000 9.162043e-01
468.000000 9.158684e-01
469.000000 9.155320e-01
470.000000 9.151949e-01
471.000000 9.148573e-01
472.000000 9.145192e-01
473.000000 9.141804e-01
474.000000 9.138411e-01
475.000000 9.135013e-01
476.000000 9.131608e-01
477.000000 9.128199e-01
478.000000 9.124783e-01
479.000000 9.121362e-01
480.000000 9.117935e-01
481.000000 9.114503e-01
482.000000 9.111065e-01
483.000000 9.107622e-01
484.000000 9.104173e-01
485.000000 9.100718e-01
486.000000 9.097258e-01
487.000000 9.093793e-01
488.000000 9.090321e-01
489.000000 9.086844e-01
490.000000 9.083362e-01
491.000000 9.079873e-01
492.000000 9.076380e-01
493.000000 9.072881e-01
494.000000 9.069376e-01
495.000000 9.065866e-01
496.000000 9.062351e-01
497.000000 9.058830e-01
498.000000 9.055303e-01
499.000000 9.051771e-01
500.000000 9.048234e-01
501.000000 9.044691e-01
502.000000 9.041143e-01
503.000000 9.037589e-01
504.000000 9.034030e-01
505.000000 9.030465e-01
506.000000 9.026895e-01
507.000000 9.023320e-01
508.000000 9.019739e-01
509.000000 9.016153e-01
510.000000 9.012560e-01
511.000000 9.008963e-01
512.000000 9.005361e-01
513.000000 9.001753e-01
514.000000 8.998140e-01
515.000000 8.994522e-01
516.000000 8.990898e-01
517.000000 8.987269e-01
518.000000 8.983634e-01
519.000000 8.979994e-01
520.000000 8.976349e-01
521.000000 8.972698e-01
522.000000 8.969042e-01
523.000000 8.965381e-01
524.000000 8.961714e-01
525.000000 8.958043e-01
526.000000 8.954366e-01
527.000000 8.950683e-01
528.000000 8.946996e-01
529.000000 8.943303e-01
530.000000 8.939605e-01
531.000000 8.935902e-01
532.000000 8.932194e-01
533.000000 8.928480e-01
534.000000 8.924761e-01
535.000000 8.921037e-01
536.000000 8.917308e-01
537.000000 8.913573e-01
538.000000 8.909834e-01
539.000000 8.906089e-01
540.000000 8.902338e-01
541.000000 8.898583e-01
542.000000 8.894823e-01
543.000000 8.891057e-01
544.000000 8.887287e-01
545.000000 8.883511e-01
546.000000 8.879731e-01
547.000000 8.875944e-01
548.000000 8.872154e-01
549.000000 8.868358e-01
550.000000 8.864556e-01
551.000000 8.860750e-01
552.000000 8.856939e-01
553.000000 8.853122e-01
554.000000 8.849301e-01
555.000000 8.845474e-01
556.000000 8.841642e-01
557.000000 8.837806e-01
558.000000 8.833965e-01
559.000000 8.830117e-01
560.000000 8.826266e-01
561.000000 8.822410e-01
562.000000 8.818548e-01
563.000000 8.814682e-01
564.000000 8.810810e-01
565.000000 8.806934e-01
566.000000 8.803053e-01
567.000000 8.799166e-01
568.000000 8.795275e-01
569.000000 8.791379e-01
570.000000 8.787477e-01
571.000000 8.783571e-01
572.000000 8.779661e-01
573.000000 8.775744e-01
574.000000 8.771824e-01
575.000000 8.767898e-01
576.000000 8.763968e-01
577.000000 8.760032e-01
578.000000 8.756092e-01
579.000000 8.752148e-01
580.000000 8.748198e-01
581.000000 8.744243e-01
582.000000 8.740284e-01
583.000000 8.736320e-01
584.000000 8.732351e-01
585.000000 8.728376e-01
586.000000 8.724398e-01
587.000000 8.720415e-01
588.000000 8.716426e-01
589.000000 8.712433e-01
590.000000 8.708436e-01
591.000000 8.704434e-01
592.000000 8.700426e-01
593.000000 8.696415e-01
594.000000 8.692398e-01
595.000000 8.688376e-01
596.000000 8.684351e-01
597.000000 8.680321e-01
598.000000 8.676285e-01
599.000000 8.672246e-01
600.000000 8.668200e-01
601.000000 8.664152e-01
602.000000 8.660098e-01
603.000000 8.656039e-01
604.000000 8.651976e-01
605.000000 8.647908e-01
606.000000 8.643836e-01
607.000000 8.639759e-01
608.000000 8.635677e-01
609.000000 8.631591e-01
610.000000 8.627501e-01
611.000000 8.623405e-01
612.000000 8.619306e-01
613.000000 8.615202e-01
614.000000 8.611093e-01
615.000000 8.606980e-01
616.000000 8.602862e-01
617.000000 8.598740e-01
618.000000 8.594612e-01
619.000000 8.590481e-01
620.000000 8.586345e-01
621.000000 8.582204e-01
622.000000 8.578060e-01
623.000000 8.573911e-01
624.000000 8.569757e-01
625.000000 8.565599e-01
626.000000 8.561436e-01
627.000000 8.557269e-01
628.000000 8.553098e-01
629.000000 8.548923e-01
630.000000 8.544742e-01
631.000000 8.540558e-01
632.000000 8.536369e-01
633.000000 8.532176e-01
634.000000 8.527978e-01
635.000000 8.523776e-01
636.000000 8.519569e-01
637.000000 8.515359e-01
638.000000 8.511144e-01
639.000000 8.506925e-01
640.000000 8.502701e-01
641.000000 8.498473e-01
642.000000 8.494241e-01
643.000000 8.490004e-01
644.000000 8.485764e-01
645.000000 8.481519e-01
646.000000 8.477269e-01
647.000000 8.473016e-01
648.000000 8.468759e-01
649.000000 8.464497e-01
650.000000 8.460230e-01
651.000000 8.455960e-01
652.000000 8.451685e-01
653.000000 8.447406e-01
654.000000 8.443123e-01
655.000000 8.438836e-01
656.000000 8.434545e-01
657.000000 8.430249e-01
658.000000 8.425950e-01
659.000000 8.421646e-01
660.000000 8.417339e-01
661.000000 8.413026e-01
662.000000 8.408710e-01
663.000000 8.404390e-01
664.000000 8.400065e-01
665.000000 8.395737e-01
666.000000 8.391405e-01
667.000000 8.387068e-01
668.000000 8.382728e-01
669.000000 8.378383e-01
670.000000 8.374034e-01
671.000000 8.369681e-01
672.000000 8.365324e-01
673.000000 8.360963e-01
674.000000 8.356598e-01
675.000000 8.352230e-01
676.000000 8.347857e-01
677.000000 8.343480e-01
678.000000 8.339100e-01
679.000000 8.334715e-01
680.000000 8.330326e-01
681.000000 8.325933e-01
682.000000 8.321536e-01
683.000000 8.317136e-01
684.000000 8.312731e-01
685.000000 8.308323e-01
686.000000 8.303911e-01
687.000000 8.299494e-01
688.000000 8.295074e-01
689.000000 8.290650e-01
690.000000 8.286222e-01
691.000000 8.281790e-01
692.000000 8.277355e-01
693.000000 8.272915e-01
694.000000 8.268472e-01
695.000000 8.264025e-01
696.000000 8.259574e-01
697.000000 8.255119e-01
698.000000 8.250660e-01
699.000000 8.246198e-01
700.000000 8.241732e-01
701.000000 8.237262e-01
702.000000 8.232788e-01
703.000000 8.228310e-01
704.000000 8.223829e-01
705.000000 8.219344e-01
706.000000 8.214855e-01
707.000000 8.210362e-01
708.000000 8.205866e-01
709.000000 8.201366e-01
710.000000 8.196863e-01
711.000000 8.192355e-01
712.000000 8.187844e-01
713.000000 8.183329e-01
714.000000 8.178810e-01
715.000000 8.174288e-01
716.000000 8.169763e-01
717.000000 8.165233e-01
718.000000 8.160700e-01
719.000000 8.156163e-01
720.000000 8.151623e-01
721.000000 8.147079e-01
722.000000 8.142531e-01
723.000000 8.137980e-01
724.000000 8.133426e-01
725.000000 8.128867e-01
726.000000 8.124306e-01
727.000000 8.119740e-01
728.000000 8.115171e-01
729.000000 8.110598e-01
730.000000 8.106022e-01
731.000000 8.101442e-01
732.000000 8.096859e-01
733.000000 8.092272e-01
734.000000 8.087682e-01
735.000000 8.083088e-01
736.000000 8.078491e-01
737.000000 8.073890e-01
738.000000 8.069286e-01
739.000000 8.064678e-01
740.000000 8.060068e-01
741.000000 8.055453e-01
742.000000 8.050835e-01
743.000000 8.046214e-01
744.000000 8.041589e-01
745.000000 8.036961e-01
746.000000 8.032329e-01
747.000000 8.027693e-01
748.000000 8.023055e-01
749.000000 8.018414e-01
750.000000 8.013768e-01
751.000000 8.009120e-01
752.000000 8.004467e-01
753.000000 7.999812e-01
754.000000 7.995154e-01
755.000000 7.990492e-01
756.000000 7.985827e-01
757.000000 7.981159e-01
758.000000 7.976486e-01
759.000000 7.971812e-01
760.000000 7.967133e-01
761.000000 7.962451e-01
762.000000 7.957767e-01
763.000000 7.953079e-01
764.000000 7.948387e-01
765.000000 7.943692e-01
766.000000 7.938994e-01
767.000000 7.934293e-01
768.000000 7.929588e-01
769.000000 7.924881e-01
770.000000 7.920170e-01
771.000000 7.915456e-01
772.000000 7.910739e-01
773.000000 7.906019e-01
774.000000 7.901296e-01
775.000000 7.896569e-01
776.000000 7.891840e-01
777.000000 7.887107e-01
778.000000 7.882370e-01
779.000000 7.877631e-01
780.000000 7.872889e-01
781.000000 7.868144e-01
782.000000 7.863396e-01
783.000000 7.858644e-01
784.000000 7.853889e-01
785.000000 7.849131e-01
786.000000 7.844371e-01
787.000000 7.839607e-01
788.000000 7.834840e-01
789.000000 7.830071e-01
790.000000 7.825298e-01
791.000000 7.820522e-01
792.000000 7.815743e-01
793.000000 7.810962e-01
794.000000 7.806177e-01
795.000000 7.801390e-01
796.000000 7.796599e-01
797.000000 7.791805e-01
798.000000 7.787008e-01
799.000000 7.782209e-01
800.000000 7.777406e-01
801.000000 7.772601e-01
802.000000 7.767793e-01
803.000000 7.762982e-01
804.000000 7.758167e-01
805.000000 7.753350e-01
806.000000 7.748531e-01
807.000000 7.743708e-01
808.000000 7.738882e-01
809.000000 7.734054e-01
810.000000 7.729223e-01
811.000000 7.724389e-01
812.000000 7.719552e-01
813.000000 7.714712e-01
814.000000 7.709870e-01
815.000000 7.705025e-01
816.000000 7.700176e-01
817.000000 7.695326e-01
818.000000 7.690472e-01
819.000000 7.685616e-01
820.000000 7.680757e-01
821.000000 7.675895e-01
822.000000 7.671030e-01
823.000000 7.666163e-01
824.000000 7.661293e-01
825.000000 7.656421e-01
826.000000 7.651546e-01
827.000000 7.646667e-01
828.000000 7.641787e-01
829.000000 7.636903e-01
830.000000 7.632017e-01
831.000000 7.627129e-01
832.000000 7.622238e-01
833.000000 7.617343e-01
834.000000 7.612447e-01
835.000000 7.607548e-01
836.000000 7.602647e-01
837.000000 7.597742e-01
838.000000 7.592835e-01
839.000000 7.587926e-01
840.000000 7.583014e-01
841.000000 7.578099e-01
842.000000 7.573182e-01
843.000000 7.568263e-01
844.000000 7.563341e-01
845.000000 7.558416e-01
846.000000 7.553488e-01
847.000000 7.548559e-01
848.000000 7.543627e-01
849.000000 7.538692e-01
850.000000 7.533755e-01
851.000000 7.528815e-01
852.000000 7.523873e-01
853.000000 7.518929e-01
854.000000 7.513983e-01
855.000000 7.509033e-01
856.000000 7.504081e-01
857.000000 7.499128e-01
858.000000 7.494171e-01
859.000000 7.489212e-01
860.000000 7.484251e-01
861.000000 7.479287e-01
862.000000 7.474321e-01
863.000000 7.469353e-01
864.000000 7.464382e-01
865.000000 7.459409e-01
866.000000 7.454434e-01
867.000000 7.449456e-01
868.000000 7.444477e-01
869.000000 7.439494e-01
870.000000 7.434510e-01
871.000000 7.429523e-01
872.000000 7.424534e-01
873.000000 7.419543e-01
874.000000 7.414549e-01
875.000000 7.409554e-01
876.000000 7.404555e-01
877.000000 7.399555e-01
878.000000 7.394553e-01
879.000000 7.389548e-01
880.000000 7.384541e-01
881.000000 7.379532e-01
882.000000 7.374521e-01
883.000000 7.369508e-01
884.000000 7.364492e-01
885.000000 7.359475e-01
886.000000 7.354455e-01
887.000000 7.349433e-01
888.000000 7.344409e-01
889.000000 7.339383e-01
890.000000 7.334355e-01
891.000000 7.329324e-01
892.000000 7.324291e-01
893.000000 7.319257e-01
894.000000 7.314221e-01
895.000000 7.309182e-01
896.000000 7.304142e-01
897.000000 7.299099e-01
898.000000 7.294054e-01
899.000000 7.289007e-01
900.000000 7.283959e-01
901.000000 7.278908e-01
902.000000 7.273855e-01
903.000000 7.268800e-01
904.000000 7.263743e-01
905.000000 7.258685e-01
906.000000 7.253624e-01
907.000000 7.248561e-01
908.000000 7.243497e-01
909.000000 7.238430e-01
910.000000 7.233362e-01
911.000000 7.228292e-01
912.000000 7.223219e-01
913.000000 7.218145e-01
914.000000 7.213069e-01
915.000000 7.207991e-01
916.000000 7.202912e-01
917.000000 7.197830e-01
918.000000 7.192747e-01
919.000000 7.187661e-01
920.000000 7.182574e-01
921.000000 7.177485e-01
922.000000 7.172394e-01
923.000000 7.167301e-01
924.000000 7.162207e-01
925.000000 7.157111e-01
926.000000 7.152013e-01
927.000000 7.146913e-01
928.000000 7.141812e-01
929.000000 7.136708e-01
930.000000 7.131604e-01
931.000000 7.126497e-01
932.000000 7.121389e-01
933.000000 7.116278e-01
934.000000 7.111167e-01
935.000000 7.106053e-01
936.000000 7.100938e-01
937.000000 7.095821e-01
938.000000 7.090702e-01
939.000000 7.085581e-01
940.000000 7.080459e-01
941.000000 7.075336e-01
942.000000 7.070211e-01
943.000000 7.065084e-01
944.000000 7.059956e-01
945.000000 7.054826e-01
946.000000 7.049694e-01
947.000000 7.044561e-01
948.000000 7.039425e-01
949.000000 7.034289e-01
950.000000 7.029151e-01
951.000000 7.024011e-01
952.000000 7.018870e-01
953.000000 7.013727e-01
954.000000 7.008583e-01
955.000000 7.003438e-01
956.000000 6.998290e-01
957.000000 6.993141e-01
958.000000 6.987991e-01
959.000000 6.982839e-01
960.000000 6.977686e-01
961.000000 6.972531e-01
962.000000 6.967375e-01
963.000000 6.962217e-01
964.000000 6.957058e-01
965.000000 6.951897e-01
966.000000 6.946736e-01
967.000000 6.941572e-01
968.000000 6.936407e-01
969.000000 6.931241e-01
970.000000 6.926073e-01
971.000000 6.920904e-01
972.000000 6.915734e-01
973.000000 6.910562e-01
974.000000 6.905389e-01
975.000000 6.900214e-01
976.000000 6.895038e-01
977.000000 6.889861e-01
978.000000 6.884683e-01
979.000000 6.879503e-01
980.000000 6.874322e-01
981.000000 6.869140e-01
982.000000 6.863955e-01
983.000000 6.858771e-01
984.000000 6.853584e-01
985.000000 6.848396e-01
986.000000 6.843208e-01
987.000000 6.838018e-01
988.000000 6.832826e-01
989.000000 6.827634e-01
990.000000 6.822440e-01
991.000000 6.817245e-01
992.000000 6.812049e-01
993.000000 6.806851e-01
994.000000 6.801653e-01
995.000000 6.796453e-01
996.000000 6.791252e-01
997.000000 6.786050e-01
998.000000 6.780847e-01
999.000000 6.775642e-01
1000.000000 6.770437e-01
1001.000000 6.765230e-01
1002.000000 6.760022e-01
1003.000000 6.754813e-01
1004.000000 6.749603e-01
1005.000000 6.744392e-01
1006.000000 6.739180e-01
1007.000000 6.733966e-01
1008.000000 6.728752e-01
1009.000000 6.723537e-01
1010.000000 6.718320e-01
1011.000000 6.713103e-01
1012.000000 6.707884e-01
1013.000000 6.702664e-01
1014.000000 6.697444e-01
1015.000000 6.692222e-01
1016.000000 6.686999e-01
1017.000000 6.681776e-01
1018.000000 6.676551e-01
1019.000000 6.671326e-01
1020.000000 6.666099e-01
1021.000000 6.660872e-01
1022.000000 6.655643e-01
1023.000000 6.650413e-01
1024.000000 6.645184e-01
1025.000000 6.639952e-01
1026.000000 6.634720e-01
1027.000000 6.629487e-01
1028.000000 6.624252e-01
1029.000000 6.619018e-01
1030.000000 6.613782e-01
1031.000000 6.608545e-01
1032.000000 6.603308e-01
1033.000000 6.598069e-01
1034.000000 6.592830e-01
1035.000000 6.587590e-01
1036.000000 6.582349e-01
1037.000000 6.577107e-01
1038.000000 6.571864e-01
1039.000000 6.566621e-01
1040.000000 6.561377e-01
1041.000000 6.556132e-01
1042.000000 6.550886e-01
1043.000000 6.545640e-01
1044.000000 6.540392e-01
1045.000000 6.535144e-01
1046.000000 6.529896e-01
1047.000000 6.524646e-01
1048.000000 6.519396e-01
1049.000000 6.514145e-01
1050.000000 6.508893e-01
1051.000000 6.503640e-01
1052.000000 6.498387e-01
1053.000000 6.493133e-01
1054.000000 6.487879e-01
1055.000000 6.482624e-01
1056.000000 6.477368e-01
1057.000000 6.472111e-01
1058.000000 6.466854e-01
1059.000000 6.461596e-01
1060.000000 6.456338e-01
1061.000000 6.451079e-01
1062.000000 6.445819e-01
1063.000000 6.440558e-01
1064.000000 6.435298e-01
1065.000000 6.430036e-01
1066.000000 6.424774e-01
1067.000000 6.419512e-01
1068.000000 6.414248e-01
1069.000000 6.408984e-01
1070.000000 6.403720e-01
1071.000000 6.398455e-01
1072.000000 6.393190e-01
1073.000000 6.387924e-01
1074.000000 6.382657e-01
1075.000000 6.377390e-01
1076.000000 6.372123e-01
1077.000000 6.366855e-01
1078.000000 6.361586e-01
1079.000000 6.356317e-01
1080.000000 6.351048e-01
1081.000000 6.345777e-01
1082.000000 6.340507e-01
1083.000000 6.335237e-01
1084.000000 6.329965e-01
1085.000000 6.324694e-01
1086.000000 6.319422e-01
1087.000000 6.314149e-01
1088.000000 6.308876e-01
1089.000000 6.303602e-01
1090.000000 6.298329e-01
1091.000000 6.293055e-01
1092.000000 6.287780e-01
1093.000000 6.282505e-01
1094.000000 6.277230e-01
1095.000000 6.271955e-01
1096.000000 6.266679e-01
1097.000000 6.261402e-01
1098.000000 6.256126e-01
1099.000000 6.250849e-01
1100.000000 6.245572e-01
1101.000000 6.240294e-01
1102.000000 6.235016e-01
1103.000000 6.229738e-01
1104.000000 6.224460e-01
1105.000000 6.219181e-01
1106.000000 6.213903e-01
1107.000000 6.208623e-01
1108.000000 6.203344e-01
1109.000000 6.198064e-01
1110.000000 6.192784e-01
1111.000000 6.187504e-01
1112.000000 6.182224e-01
1113.000000 6.176943e-01
1114.000000 6.171662e-01
1115.000000 6.166382e-01
1116.000000 6.161100e-01
1117.000000 6.155819e-01
1118.000000 6.150537e-01
1119.000000 6.145256e-01
1120.000000 6.139974e-01
1121.000000 6.134692e-01
1122.000000 6.129410e-01
1123.000000 6.124128e-01
1124.000000 6.118845e-01
1125.000000 6.113563e-01
1126.000000 6.108280e-01
1127.000000 6.102998e-01
1128.000000 6.097715e-01
1129.000000 6.092432e-01
1130.000000 6.087149e-01
1131.000000 6.081866e-01
1132.000000 6.076583e-01
1133.000000 6.071300e-01
1134.000000 6.066016e-01
1135.000000 6.060733e-01
1136.000000 6.055450e-01
1137.000000 6.050167e-01
1138.000000 6.044883e-01
1139.000000 6.039600e-01
1140.000000 6.034317e-01
1141.000000 6.029033e-01
1142.000000 6.023750e-01
1143.000000 6.018467e-01
1144.000000 6.013183e-01
1145.000000 6.007900e-01
1146.000000 6.002617e-01
1147.000000 5.997334e-01
1148.000000 5.992051e-01
1149.000000 5.986768e-01
1150.000000 5.981485e-01
1151.000000 5.976202e-01
1152.000000 5.970919e-01
1153.000000 5.965637e-01
1154.000000 5.960354e-01
1155.000000 5.955072e-01
1156.000000 5.949789e-01
1157.000000 5.944507e-01
1158.000000 5.939225e-01
1159.000000 5.933943e-01
1160.000000 5.928661e-01
1161.000000 5.923379e-01
1162.000000 5.918098e-01
1163.000000 5.912816e-01
1164.000000 5.907535e-01
1165.000000 5.902254e-01
1166.000000 5.896973e-01
1167.000000 5.891693e-01
1168.000000 5.886412e-01
1169.000000 5.881132e-01
1170.000000 5.875852e-01
1171.000000 5.870572e-01
1172.000000 5.865293e-01
1173.000000 5.860013e-01
1174.000000 5.854735e-01
1175.000000 5.849456e-01
1176.000000 5.844177e-01
1177.000000 5.838899e-01
1178.000000 5.833621e-01
1179.000000 5.828343e-01
1180.000000 5.823066e-01
1181.000000 5.817789e-01
1182.000000 5.812512e-01
1183.000000 5.807236e-01
1184.000000 5.801959e-01
1185.000000 5.796684e-01
1186.000000 5.791408e-01
1187.000000 5.786133e-01
1188.000000 5.780858e-01
1189.000000 5.775584e-01
1190.000000 5.770310e-01
1191.000000 5.765036e-01
1192.000000 5.759763e-01
1193.000000 5.754490e-01
1194.000000 5.749218e-01
1195.000000 5.743945e-01
1196.000000 5.738673e-01
1197.000000 5.733402e-01
1198.000000 5.728131e-01
1199.000000 5.722861e-01
1200.000000 5.717590e-01
1201.000000 5.712321e-01
1202.000000 5.707052e-01
1203.000000 5.701783e-01
1204.000000 5.696515e-01
1205.000000 5.691247e-01
1206.000000 5.685980e-01
1207.000000 5.680713e-01
1208.000000 5.675447e-01
1209.000000 5.670181e-01
1210.000000 5.664916e-01
1211.000000 5.659651e-01
1212.000000 5.654387e-01
1213.000000 5.649123e-01
1214.000000 5.643860e-01
1215.000000 5.638597e-01
1216.000000 5.633335e-01
1217.000000 5.628073e-01
1218.000000 5.622812e-01
1219.000000 5.617552e-01
1220.000000 5.612292e-01
1221.000000 5.607033e-01
1222.000000 5.601775e-01
1223.000000 5.596516e-01
1224.000000 5.591259e-01
1225.000000 5.586002e-01
1226.000000 5.580746e-01
1227.000000 5.575490e-01
1228.000000 5.570235e-01
1229.000000 5.564981e-01
1230.000000 5.559727e-01
1231.000000 5.554474e-01
1232.000000 5.549222e-01
1233.000000 5.543970e-01
1234.000000 5.538719e-01
1235.000000 5.533469e-01
1236.000000 5.528219e-01
1237.000000 5.522970e-01
1238.000000 5.517722e-01
1239.000000 5.512475e-01
1240.000000 5.507228e-01
1241.000000 5.501981e-01
1242.000000 5.496736e-01
1243.000000 5.491492e-01
1244.000000 5.486248e-01
1245.000000 5.481005e-01
1246.000000 5.475762e-01
1247.000000 5.470521e-01
1248.000000 5.465280e-01
1249.000000 5.460040e-01
1250.000000 5.454801e-01
1251.000000 5.449562e-01
1252.000000 5.444325e-01
1253.000000 5.439088e-01
1254.000000 5.433852e-01
1255.000000 5.428617e-01
1256.000000 5.423382e-01
1257.000000 5.418149e-01
1258.000000 5.412916e-01
1259.000000 5.407684e-01
1260.000000 5.402453e-01
1261.000000 5.397223e-01
1262.000000 5.391994e-01
1263.000000 5.386765e-01
1264.000000 5.381538e-01
1265.000000 5.376311e-01
1266.000000 5.371086e-01
1267.000000 5.365861e-01
1268.000000 5.360637e-01
1269.000000 5.355414e-01
1270.000000 5.350192e-01
1271.000000 5.344971e-01
1272.000000 5.339750e-01
1273.000000 5.334531e-01
1274.000000 5.329313e-01
1275.000000 5.324096e-01
1276.000000 5.318879e-01
1277.000000 5.313664e-01
1278.000000 5.308450e-01
1279.000000 5.303236e-01
1280.000000 5.298024e-01
1281.000000 5.292812e-01
1282.000000 5.287602e-01
1283.000000 5.282393e-01
1284.000000 5.277184e-01
1285.000000 5.271976e-01
1286.000000 5.266770e-01
1287.000000 5.261565e-01
1288.000000 5.256361e-01
1289.000000 5.251158e-01
1290.000000 5.245956e-01
1291.000000 5.240754e-01
1292.000000 5.235554e-01
1293.000000 5.230355e-01
1294.000000 5.225157e-01
1295.000000 5.219961e-01
1296.000000 5.214765e-01
1297.000000 5.209570e-01
1298.000000 5.204377e-01
1299.000000 5.199185e-01
1300.000000 5.193994e-01
1301.000000 5.188804e-01
1302.000000 5.183615e-01
1303.000000 5.178427e-01
1304.000000 5.173240e-01
1305.000000 5.168055e-01
1306.000000 5.162871e-01
1307.000000 5.157687e-01
1308.000000 5.152505e-01
1309.000000 5.147325e-01
1310.000000 5.142145e-01
1311.000000 5.136967e-01
1312.000000 5.131789e-01
1313.000000 5.126613e-01
1314.000000 5.121439e-01
1315.000000 5.116265e-01
1316.000000 5.111093e-01
1317.000000 5.105922e-01
1318.000000 5.100752e-01
1319.000000 5.095583e-01
1320.000000 5.090416e-01
1321.000000 5.085250e-01
1322.000000 5.080085e-01
1323.000000 5.074922e-01
1324.000000 5.069759e-01
1325.000000 5.064598e-01
1326.000000 5.059439e-01
1327.000000 5.054280e-01
1328.000000 5.049123e-01
1329.000000 5.043967e-01
1330.000000 5.038812e-01
1331.000000 5.033659e-01
1332.000000 5.028507e-01
1333.000000 5.023357e-01
1334.000000 5.018208e-01
1335.000000 5.013060e-01
1336.000000 5.007914e-01
1337.000000 5.002769e-01
1338.000000 4.997625e-01
1339.000000 4.992483e-01
1340.000000 4.987342e-01
1341.000000 4.982202e-01
1342.000000 4.977064e-01
1343.000000 4.971927e-01
1344.000000 4.966792e-01
1345.000000 4.961658e-01
1346.000000 4.956525e-01
1347.000000 4.951394e-01
1348.000000 4.946264e-01
1349.000000 4.941136e-01
1350.000000 4.936009e-01
1351.000000 4.930884e-01
1352.000000 4.925760e-01
1353.000000 4.920637e-01
1354.000000 4.915516e-01
1355.000000 4.910396e-01
1356.000000 4.905278e-01
1357.000000 4.900161e-01
1358.000000 4.895046e-01
1359.000000 4.889933e-01
1360.000000 4.884820e-01
1361.000000 4.879710e-01
1362.000000 4.874600e-01
1363.000000 4.869493e-01
1364.000000 4.864387e-01
1365.000000 4.859282e-01
1366.000000 4.854179e-01
1367.000000 4.849077e-01
1368.000000 4.843977e-01
1369.000000 4.838879e-01
1370.000000 4.833782e-01
1371.000000 4.828687e-01
1372.000000 4.823593e-01
1373.000000 4.818501e-01
1374.000000 4.813410e-01
1375.000000 4.808321e-01
1376.000000 4.803233e-01
1377.000000 4.798148e-01
1378.000000 4.793063e-01
1379.000000 4.787980e-01
1380.000000 4.782899e-01
1381.000000 4.777820e-01
1382.000000 4.772742e-01
1383.000000 4.767666e-01
1384.000000 4.762592e-01
1385.000000 4.757518e-01
1386.000000 4.752447e-01
1387.000000 4.747377e-01
1388.000000 4.742309e-01
1389.000000 4.737243e-01
1390.000000 4.732178e-01
1391.000000 4.727115e-01
1392.000000 4.722054e-01
1393.000000 4.716994e-01
1394.000000 4.711936e-01
1395.000000 4.706880e-01
1396.000000 4.701825e-01
1397.000000 4.696773e-01
1398.000000 4.691721e-01
1399.000000 4.686672e-01
1400.000000 4.681624e-01
1401.000000 4.676578e-01
1402.000000 4.671534e-01
1403.000000 4.666491e-01
1404.000000 4.661451e-01
1405.000000 4.656412e-01
1406.000000 4.651374e-01
1407.000000 4.646338e-01
1408.000000 4.641305e-01
1409.000000 4.636273e-01
1410.000000 4.631243e-01
1411.000000 4.626214e-01
1412.000000 4.621187e-01
1413.000000 4.616163e-01
1414.000000 4.611139e-01
1415.000000 4.606118e-01
1416.000000 4.601098e-01
1417.000000 4.596081e-01
1418.000000 4.591065e-01
1419.000000 4.586051e-01
1420.000000 4.581038e-01
1421.000000 4.576028e-01
1422.000000 4.571019e-01
1423.000000 4.566013e-01
1424.000000 4.561008e-01
1425.000000 4.556005e-01
1426.000000 4.551003e-01
1427.000000 4.546004e-01
1428.000000 4.541007e-01
1429.000000 4.536011e-01
1430.000000 4.531017e-01
1431.000000 4.526026e-01
1432.000000 4.521036e-01
1433.000000 4.516048e-01
1434.000000 4.511061e-01
1435.000000 4.506077e-01
1436.000000 4.501095e-01
1437.000000 4.496114e-01
1438.000000 4.491136e-01
1439.000000 4.486159e-01
1440.000000 4.481184e-01
1441.000000 4.476212e-01
1442.000000 4.471241e-01
1443.000000 4.466272e-01
1444.000000 4.461305e-01
1445.000000 4.456340e-01
1446.000000 4.451377e-01
1447.000000 4.446416e-01
1448.000000 4.441457e-01
1449.000000 4.436500e-01
1450.000000 4.431544e-01
1451.000000 4.426591e-01
1452.000000 4.421640e-01
1453.000000 4.416691e-01
1454.000000 4.411744e-01
1455.000000 4.406798e-01
1456.000000 4.401855e-01
1457.000000 4.396914e-01
1458.000000 4.391975e-01
1459.000000 4.387038e-01
1460.000000 4.382103e-01
1461.000000 4.377170e-01
1462.000000 4.372239e-01
1463.000000 4.367310e-01
1464.000000 4.362383e-01
1465.000000 4.357458e-01
1466.000000 4.352535e-01
1467.000000 4.347614e-01
1468.000000 4.342696e-01
1469.000000 4.337779e-01
1470.000000 4.332864e-01
1471.000000 4.327952e-01
1472.000000 4.323041e-01
1473.000000 4.318133e-01
1474.000000 4.313227e-01
1475.000000 4.308323e-01
1476.000000 4.303421e-01
1477.000000 4.298521e-01
1478.000000 4.293623e-01
1479.000000 4.288727e-01
1480.000000 4.283834e-01
1481.000000 4.278942e-01
1482.000000 4.274053e-01
1483.000000 4.269166e-01
1484.000000 4.264281e-01
1485.000000 4.259398e-01
1486.000000 4.254517e-01
1487.000000 4.249639e-01
1488.000000 4.244763e-01
1489.000000 4.239888e-01
1490.000000 4.235016e-01
1491.000000 4.230146e-01
1492.000000 4.225279e-01
1493.000000 4.220413e-01
1494.000000 4.215550e-01
1495.000000 4.210689e-01
1496.000000 4.205830e-01
1497.000000 4.200973e-01
1498.000000 4.196119e-01
1499.000000 4.191267e-01
1500.000000 4.186417e-01
1501.000000 4.181569e-01
1502.000000 4.176723e-01
1503.000000 4.171880e-01
1504.000000 4.167039e-01
1505.000000 4.162200e-01
1506.000000 4.157363e-01
1507.000000 4.152529e-01
1508.000000 4.147697e-01
1509.000000 4.142867e-01
1510.000000 4.138039e-01
1511.000000 4.133214e-01
1512.000000 4.128391e-01
1513.000000 4.123570e-01
1514.000000 4.118752e-01
1515.000000 4.113936e-01
1516.000000 4.109122e-01
1517.000000 4.104310e-01
1518.000000 4.099501e-01
1519.000000 4.094694e-01
1520.000000 4.089889e-01
1521.000000 4.085087e-01
1522.000000 4.080287e-01
1523.000000 4.075489e-01
1524.000000 4.070694e-01
1525.000000 4.065901e-01
1526.000000 4.061110e-01
1527.000000 4.056322e-01
1528.000000 4.051536e-01
1529.000000 4.046752e-01
1530.000000 4.041971e-01
1531.000000 4.037192e-01
1532.000000 4.032416e-01
1533.000000 4.027641e-01
1534.000000 4.022870e-01
1535.000000 4.018100e-01
1536.000000 4.013333e-01
1537.000000 4.008569e-01
1538.000000 4.003807e-01
1539.000000 3.999047e-01
1540.000000 3.994289e-01
1541.000000 3.989534e-01
1542.000000 3.984782e-01
1543.000000 3.980031e-01
1544.000000 3.975284e-01
1545.000000 3.970538e-01
1546.000000 3.965796e-01
1547.000000 3.961055e-01
1548.000000 3.956317e-01
1549.000000 3.951581e-01
1550.000000 3.946848e-01
1551.000000 3.942117e-01
1552.000000 3.937389e-01
1553.000000 3.932664e-01
1554.000000 3.927940e-01
1555.000000 3.923219e-01
1556.000000 3.918501e-01
1557.000000 3.913785e-01
1558.000000 3.909072e-01
1559.000000 3.904361e-01
1560.000000 3.899652e-01
1561.000000 3.894946e-01
1562.000000 3.890243e-01
1563.000000 3.885542e-01
1564.000000 3.880843e-01
1565.000000 3.876147e-01
1566.000000 3.871454e-01
1567.000000 3.866763e-01
1568.000000 3.862075e-01
1569.000000 3.857389e-01
1570.000000 3.852705e-01
1571.000000 3.848024e-01
1572.000000 3.843346e-01
1573.000000 3.838670e-01
1574.000000 3.833997e-01
1575.000000 3.829327e-01
1576.000000 3.824659e-01
1577.000000 3.819993e-01
1578.000000 3.815330e-01
1579.000000 3.810670e-01
1580.000000 3.806012e-01
1581.000000 3.801356e-01
1582.000000 3.796704e-01
1583.000000 3.792054e-01
1584.000000 3.787406e-01
1585.000000 3.782761e-01
1586.000000 3.778119e-01
1587.000000 3.773479e-01
1588.000000 3.768842e-01
1589.000000 3.764207e-01
1590.000000 3.759575e-01
1591.000000 3.754946e-01
1592.000000 3.750319e-01
1593.000000 3.745695e-01
1594.000000 3.741073e-01
1595.000000 3.736454e-01
1596.000000 3.731838e-01
1597.000000 3.727225e-01
1598.000000 3.722614e-01
1599.000000 3.718005e-01
1600.000000 3.713400e-01
1601.000000 3.708797e-01
1602.000000 3.704196e-01
1603.000000 3.699598e-01
1604.000000 3.695003e-01
1605.000000 3.690411e-01
1606.000000 3.685821e-01
1607.000000 3.681234e-01
1608.000000 3.676649e-01
1609.000000 3.672068e-01
1610.000000 3.667489e-01
1611.000000 3.662912e-01
1612.000000 3.658338e-01
1613.000000 3.653767e-01
1614.000000 3.649199e-01
1615.000000 3.644633e-01
1616.000000 3.640070e-01
1617.000000 3.635510e-01
1618.000000 3.630952e-01
1619.000000 3.626397e-01
1620.000000 3.621845e-01
1621.000000 3.617296e-01
1622.000000 3.612749e-01
1623.000000 3.608205e-01
1624.000000 3.603663e-01
1625.000000 3.599125e-01
1626.000000 3.594589e-01
1627.000000 3.590056e-01
1628.000000 3.585525e-01
1629.000000 3.580998e-01
1630.000000 3.576473e-01
1631.000000 3.571951e-01
1632.000000 3.567431e-01
1633.000000 3.562915e-01
1634.000000 3.558401e-01
1635.000000 3.553889e-01
1636.000000 3.549381e-01
1637.000000 3.544875e-01
1638.000000 3.540373e-01
1639.000000 3.535872e-01
1640.000000 3.531375e-01
1641.000000 3.526880e-01
1642.000000 3.522389e-01
1643.000000 3.517900e-01
1644.000000 3.513413e-01
1645.000000 3.508930e-01
1646.000000 3.504449e-01
1647.000000 3.499971e-01
1648.000000 3.495496e-01
1649.000000 3.491024e-01
1650.000000 3.486555e-01
1651.000000 3.482088e-01
1652.000000 3.477624e-01
1653.000000 3.473163e-01
1654.000000 3.468704e-01
1655.000000 3.464249e-01
1656.000000 3.459796e-01
1657.000000 3.455347e-01
1658.000000 3.450900e-01
1659.000000 3.446456e-01
1660.000000 3.442014e-01
1661.000000 3.437576e-01
1662.000000 3.433140e-01
1663.000000 3.428707e-01
1664.000000 3.424277e-01
1665.000000 3.419850e-01
1666.000000 3.415426e-01
1667.000000 3.411004e-01
1668.000000 3.406585e-01
1669.000000 3.402170e-01
1670.000000 3.397757e-01
1671.000000 3.393347e-01
1672.000000 3.388939e-01
1673.000000 3.384535e-01
1674.000000 3.380134e-01
1675.000000 3.375735e-01
1676.000000 3.371339e-01
1677.000000 3.366946e-01
1678.000000 3.362556e-01
1679.000000 3.358169e-01
1680.000000 3.353785e-01
1681.000000 3.349404e-01
1682.000000 3.345025e-01
1683.000000 3.340650e-01
1684.000000 3.336277e-01
1685.000000 3.331907e-01
1686.000000 3.327541e-01
1687.000000 3.323177e-01
1688.000000 3.318815e-01
1689.000000 3.314457e-01
1690.000000 3.310102e-01
1691.000000 3.305750e-01
1692.000000 3.301400e-01
1693.000000 3.297054e-01
1694.000000 3.292710e-01
1695.000000 3.288369e-01
1696.000000 3.284032e-01
1697.000000 3.279697e-01
1698.000000 3.275365e-01
1699.000000 3.271036e-01
1700.000000 3.266710e-01
1701.000000 3.262387e-01
1702.000000 3.258066e-01
1703.000000 3.253749e-01
1704.000000 3.249435e-01
1705.000000 3.245124e-01
1706.000000 3.240815e-01
1707.000000 3.236510e-01
1708.000000 3.232207e-01
1709.000000 3.227907e-01
1710.000000 3.223611e-01
1711.000000 3.219317e-01
1712.000000 3.215027e-01
1713.000000 3.210739e-01
1714.000000 3.206454e-01
1715.000000 3.202172e-01
1716.000000 3.197894e-01
1717.000000 3.193618e-01
1718.000000 3.189345e-01
1719.000000 3.185075e-01
1720.000000 3.180808e-01
1721.000000 3.176544e-01
1722.000000 3.172283e-01
1723.000000 3.168025e-01
1724.000000 3.163770e-01
1725.000000 3.159518e-01
1726.000000 3.155269e-01
1727.000000 3.151023e-01
1728.000000 3.146780e-01
1729.000000 3.142540e-01
1730.000000 3.138303e-01
1731.000000 3.134070e-01
1732.000000 3.129839e-01
1733.000000 3.125611e-01
1734.000000 3.121386e-01
1735.000000 3.117164e-01
1736.000000 3.112945e-01
1737.000000 3.108729e-01
1738.000000 3.104516e-01
1739.000000 3.100307e-01
1740.000000 3.096100e-01
1741.000000 3.091896e-01
1742.000000 3.087695e-01
1743.000000 3.083498e-01
1744.000000 3.079303e-01
1745.000000 3.075112e-01
1746.000000 3.070923e-01
1747.000000 3.066738e-01
1748.000000 3.062555e-01
1749.000000 3.058376e-01
1750.000000 3.054199e-01
1751.000000 3.050026e-01
1752.000000 3.045856e-01
1753.000000 3.041689e-01
1754.000000 3.037525e-01
1755.000000 3.033364e-01
1756.000000 3.029206e-01
1757.000000 3.025051e-01
1758.000000 3.020899e-01
1759.000000 3.016750e-01
1760.000000 3.012605e-01
1761.000000 3.008462e-01
1762.000000 3.004322e-01
1763.000000 3.000186e-01
1764.000000 2.996052e-01
1765.000000 2.991922e-01
1766.000000 2.987795e-01
1767.000000 2.983671e-01
1768.000000 2.979550e-01
1769.000000 2.975432e-01
1770.000000 2.971317e-01
1771.000000 2.967206e-01
1772.000000 2.963097e-01
1773.000000 2.958992e-01
1774.000000 2.954889e-01
1775.000000 2.950790e-01
1776.000000 2.946694e-01
1777.000000 2.942601e-01
1778.000000 2.938511e-01
1779.000000 2.934424e-01
1780.000000 2.930340e-01
1781.000000 2.926260e-01
1782.000000 2.922182e-01
1783.000000 2.918108e-01
1784.000000 2.914037e-01
1785.000000 2.909969e-01
1786.000000 2.905904e-01
1787.000000 2.901842e-01
1788.000000 2.897783e-01
1789.000000 2.893727e-01
1790.000000 2.889675e-01
1791.000000 2.885626e-01
1792.000000 2.881580e-01
1793.000000 2.877537e-01
1794.000000 2.873497e-01
1795.000000 2.869460e-01
1796.000000 2.865427e-01
1797.000000 2.861396e-01
1798.000000 2.857369e-01
1799.000000 2.853345e-01
1800.000000 2.849324e-01
1801.000000 2.845307e-01
1802.000000 2.841292e-01
1803.000000 2.837281e-01
1804.000000 2.833272e-01
1805.000000 2.829267e-01
1806.000000 2.825265e-01
1807.000000 2.821266e-01
1808.000000 2.817271e-01
1809.000000 2.813279e-01
1810.000000 2.809289e-01
1811.000000 2.805304e-01
1812.000000 2.801321e-01
1813.000000 2.797341e-01
1814.000000 2.793364e-01
1815.000000 2.789391e-01
1816.000000 2.785421e-01
1817.000000 2.781454e-01
1818.000000 2.777490e-01
1819.000000 2.773530e-01
1820.000000 2.769573e-01
1821.000000 2.765618e-01
1822.000000 2.761668e-01
1823.000000 2.757720e-01
1824.000000 2.753775e-01
1825.000000 2.749834e-01
1826.000000 2.745896e-01
1827.000000 2.741961e-01
1828.000000 2.738029e-01
1829.000000 2.734101e-01
1830.000000 2.730175e-01
1831.000000 2.726253e-01
1832.000000 2.722335e-01
1833.000000 2.718419e-01
1834.000000 2.714506e-01
1835.000000 2.710597e-01
1836.000000 2.706691e-01
1837.000000 2.702788e-01
1838.000000 2.698889e-01
1839.000000 2.694992e-01
1840.000000 2.691099e-01
1841.000000 2.687210e-01
1842.000000 2.683323e-01
1843.000000 2.679439e-01
1844.000000 2.675560e-01
1845.000000 2.671682e-01
1846.000000 2.667809e-01
1847.000000 2.663938e-01
1848.000000 2.660071e-01
1849.000000 2.656207e-01
1850.000000 2.652346e-01
1851.000000 2.648489e-01
1852.000000 2.644634e-01
1853.000000 2.640784e-01
1854.000000 2.636936e-01
1855.000000 2.633091e-01
1856.000000 2.629250e-01
1857.000000 2.625412e-01
1858.000000 2.621577e-01
1859.000000 2.617745e-01
1860.000000 2.613917e-01
1861.000000 2.610092e-01
1862.000000 2.606270e-01
1863.000000 2.602452e-01
1864.000000 2.598636e-01
1865.000000 2.594824e-01
1866.000000 2.591016e-01
1867.000000 2.587210e-01
1868.000000 2.583408e-01
1869.000000 2.579609e-01
1870.000000 2.575813e-01
1871.000000 2.572021e-01
1872.000000 2.568232e-01
1873.000000 2.564446e-01
1874.000000 2.560663e-01
1875.000000 2.556883e-01
1876.000000 2.553107e-01
1877.000000 2.549334e-01
1878.000000 2.545565e-01
1879.000000 2.541799e-01
1880.000000 2.538036e-01
1881.000000 2.534276e-01
1882.000000 2.530519e-01
1883.000000 2.526766e-01
1884.000000 2.523016e-01
1885.000000 2.519269e-01
1886.000000 2.515526e-01
1887.000000 2.511786e-01
1888.000000 2.508049e-01
1889.000000 2.504316e-01
1890.000000 2.500585e-01
1891.000000 2.496858e-01
1892.000000 2.493135e-01
1893.000000 2.489414e-01
1894.000000 2.485697e-01
1895.000000 2.481983e-01
1896.000000 2.478273e-01
1897.000000 2.474565e-01
1898.000000 2.470861e-01
1899.000000 2.467161e-01
1900.000000 2.463463e-01
1901.000000 2.459769e-01
1902.000000 2.456078e-01
1903.000000 2.452391e-01
1904.000000 2.448707e-01
1905.000000 2.445026e-01
1906.000000 2.441348e-01
1907.000000 2.437674e-01
1908.000000 2.434002e-01
1909.000000 2.430335e-01
1910.000000 2.426670e-01
1911.000000 2.423009e-01
1912.000000 2.419351e-01
1913.000000 2.415697e-01
1914.000000 2.412045e-01
1915.000000 2.408398e-01
1916.000000 2.404753e-01
1917.000000 2.401111e-01
1918.000000 2.397473e-01
1919.000000 2.393838e-01
1920.000000 2.390207e-01
1921.000000 2.386579e-01
1922.000000 2.382954e-01
1923.000000 2.379333e-01
1924.000000 2.375714e-01
1925.000000 2.372099e-01
1926.000000 2.368488e-01
1927.000000 2.364879e-01
1928.000000 2.361274e-01
1929.000000 2.357673e-01
1930.000000 2.354074e-01
1931.000000 2.350479e-01
1932.000000 2.346887e-01
1933.000000 2.343299e-01
1934.000000 2.339714e-01
1935.000000 2.336132e-01
1936.000000 2.332553e-01
1937.000000 2.328978e-01
1938.000000 2.325406e-01
1939.000000 2.321838e-01
1940.000000 2.318272e-01
1941.000000 2.314710e-01
1942.000000 2.311152e-01
1943.000000 2.307597e-01
1944.000000 2.304045e-01
1945.000000 2.300496e-01
1946.000000 2.296951e-01
1947.000000 2.293408e-01
1948.000000 2.289870e-01
1949.000000 2.286334e-01
1950.000000 2.282802e-01
1951.000000 2.279274e-01
1952.000000 2.275748e-01
1953.000000 2.272226e-01
1954.000000 2.268707e-01
1955.000000 2.265192e-01
1956.000000 2.261680e-01
1957.000000 2.258171e-01
1958.000000 2.254665e-01
1959.000000 2.251163e-01
1960.000000 2.247664e-01
1961.000000 2.244169e-01
1962.000000 2.240677e-01
1963.000000 2.237188e-01
1964.000000 2.233702e-01
1965.000000 2.230220e-01
1966.000000 2.226741e-01
1967.000000 2.223265e-01
1968.000000 2.219793e-01
1969.000000 2.216324e-01
1970.000000 2.212859e-01
1971.000000 2.209397e-01
1972.000000 2.205938e-01
1973.000000 2.202482e-01
1974.000000 2.199030e-01
1975.000000 2.195581e-01
1976.000000 2.192135e-01
1977.000000 2.188693e-01
1978.000000 2.185254e-01
1979.000000 2.181819e-01
1980.000000 2.178386e-01
1981.000000 2.174957e-01
1982.000000 2.171532e-01
1983.000000 2.168110e-01
1984.000000 2.164691e-01
1985.000000 2.161275e-01
1986.000000 2.157863e-01
1987.000000 2.154454e-01
1988.000000 2.151049e-01
1989.000000 2.147646e-01
1990.000000 2.144247e-01
1991.000000 2.140852e-01
1992.000000 2.137460e-01
1993.000000 2.134071e-01
1994.000000 2.130685e-01
1995.000000 2.127303e-01
1996.000000 2.123924e-01
1997.000000 2.120549e-01
1998.000000 2.117177e-01
1999.000000 2.113808e-01
2000.000000 2.110442e-01
2001.000000 2.107080e-01
2002.000000 2.103721e-01
2003.000000 2.100366e-01
2004.000000 2.097014e-01
2005.000000 2.093665e-01
2006.000000 2.090320e-01
2007.000000 2.086978e-01
2008.000000 2.083639e-01
2009.000000 2.080303e-01
2010.000000 2.076971e-01
2011.000000 2.073643e-01
2012.000000 2.070317e-01
2013.000000 2.066995e-01
2014.000000 2.063677e-01
2015.000000 2.060361e-01
2016.000000 2.057049e-01
2017.000000 2.053741e-01
2018.000000 2.050435e-01
2019.000000 2.047133e-01
2020.000000 2.043835e-01
2021.000000 2.040540e-01
2022.000000 2.037248e-01
2023.000000 2.033959e-01
2024.000000 2.030674e-01
2025.000000 2.027392e-01
2026.000000 2.024113e-01
2027.000000 2.020838e-01
2028.000000 2.017567e-01
2029.000000 2.014298e-01
2030.000000 2.011033e-01
2031.000000 2.007771e-01
2032.000000 2.004513e-01
2033.000000 2.001258e-01
2034.000000 1.998006e-01
2035.000000 1.994757e-01
2036.000000 1.991512e-01
2037.000000 1.988271e-01
2038.000000 1.985032e-01
2039.000000 1.981797e-01
2040.000000 1.978566e-01
2041.000000 1.975337e-01
2042.000000 1.972112e-01
2043.000000 1.968891e-01
2044.000000 1.965672e-01
2045.000000 1.962457e-01
2046.000000 1.959246e-01
2047.000000 1.956038e-01
2048.000000 1.952833e-01
2049.000000 1.949631e-01
2050.000000 1.946433e-01
2051.000000 1.943238e-01
2052.000000 1.940047e-01
2053.000000 1.936859e-01
2054.000000 1.933674e-01
2055.000000 1.930492e-01
2056.000000 1.927314e-01
2057.000000 1.924139e-01
2058.000000 1.920968e-01
2059.000000 1.917800e-01
2060.000000 1.914635e-01
2061.000000 1.911474e-01
2062.000000 1.908316e-01
2063.000000 1.905161e-01
2064.000000 1.902010e-01
2065.000000 1.898862e-01
2066.000000 1.895717e-01
2067.000000 1.892576e-01
2068.000000 1.889438e-01
2069.000000 1.886303e-01
2070.000000 1.883172e-01
2071.000000 1.880044e-01
2072.000000 1.876919e-01
2073.000000 1.873798e-01
2074.000000 1.870680e-01
2075.000000 1.867565e-01
2076.000000 1.864454e-01
2077.000000 1.861346e-01
2078.000000 1.858242e-01
2079.000000 1.855140e-01
2080.000000 1.852043e-01
2081.000000 1.848948e-01
2082.000000 1.845857e-01
2083.000000 1.842769e-01
2084.000000 1.839684e-01
2085.000000 1.836603e-01
2086.000000 1.833525e-01
2087.000000 1.830451e-01
2088.000000 1.827380e-01
2089.000000 1.824312e-01
2090.000000 1.821247e-01
2091.000000 1.818186e-01
2092.000000 1.815128e-01
2093.000000 1.812074e-01
2094.000000 1.809023e-01
2095.000000 1.805975e-01
2096.000000 1.802930e-01
2097.000000 1.799889e-01
2098.000000 1.796851e-01
2099.000000 1.793817e-01
2100.000000 1.790786e-01
2101.000000 1.787758e-01
2102.000000 1.784733e-01
2103.000000 1.781712e-01
2104.000000 1.778694e-01
2105.000000 1.775680e-01
2106.000000 1.772668e-01
2107.000000 1.769661e-01
2108.000000 1.766656e-01
2109.000000 1.763655e-01
2110.000000 1.760657e-01
2111.000000 1.757662e-01
2112.000000 1.754671e-01
2113.000000 1.751683e-01
2114.000000 1.748699e-01
2115.000000 1.745717e-01
2116.000000 1.742739e-01
2117.000000 1.739765e-01
2118.000000 1.736793e-01
2119.000000 1.733825e-01
2120.000000 1.730861e-01
2121.000000 1.727899e-01
2122.000000 1.724941e-01
2123.000000 1.721986e-01
2124.000000 1.719035e-01
2125.000000 1.716087e-01
2126.000000 1.713142e-01
2127.000000 1.710201e-01
2128.000000 1.707262e-01
2129.000000 1.704328e-01
2130.000000 1.701396e-01
2131.000000 1.698468e-01
2132.000000 1.695543e-01
2133.000000 1.692621e-01
2134.000000 1.689703e-01
2135.000000 1.686788e-01
2136.000000 1.683877e-01
2137.000000 1.680968e-01
2138.000000 1.678063e-01
2139.000000 1.675161e-01
2140.000000 1.672263e-01
2141.000000 1.669368e-01
2142.000000 1.666476e-01
2143.000000 1.663587e-01
2144.000000 1.660702e-01
2145.000000 1.657820e-01
2146.000000 1.654942e-01
2147.000000 1.652066e-01
2148.000000 1.649194e-01
2149.000000 1.646325e-01
2150.000000 1.643460e-01
2151.000000 1.640598e-01
2152.000000 1.637739e-01
2153.000000 1.634884e-01
2154.000000 1.632031e-01
2155.000000 1.629182e-01
2156.000000 1.626337e-01
2157.000000 1.623494e-01
2158.000000 1.620655e-01
2159.000000 1.617819e-01
2160.000000 1.614987e-01
2161.000000 1.612158e-01
2162.000000 1.609332e-01
2163.000000 1.606509e-01
2164.000000 1.603690e-01
2165.000000 1.600874e-01
2166.000000 1.598061e-01
2167.000000 1.595252e-01
2168.000000 1.592446e-01
2169.000000 1.589643e-01
2170.000000 1.586843e-01
2171.000000 1.584047e-01
2172.000000 1.581254e-01
2173.000000 1.578464e-01
2174.000000 1.575678e-01
2175.000000 1.572894e-01
2176.000000 1.570114e-01
2177.000000 1.567338e-01
2178.000000 1.564564e-01
2179.000000 1.561794e-01
2180.000000 1.559027e-01
2181.000000 1.556264e-01
2182.000000 1.553504e-01
2183.000000 1.550747e-01
2184.000000 1.547993e-01
2185.000000 1.545243e-01
2186.000000 1.542495e-01
2187.000000 1.539751e-01
2188.000000 1.537011e-01
2189.000000 1.534273e-01
2190.000000 1.531539e-01
2191.000000 1.528809e-01
2192.000000 1.526081e-01
2193.000000 1.523357e-01
2194.000000 1.520636e-01
2195.000000 1.517918e-01
2196.000000 1.515203e-01
2197.000000 1.512492e-01
2198.000000 1.509784e-01
2199.000000 1.507080e-01
2200.000000 1.504378e-01
2201.000000 1.501680e-01
2202.000000 1.498985e-01
2203.000000 1.496293e-01
2204.000000 1.493605e-01
2205.000000 1.490920e-01
2206.000000 1.488238e-01
2207.000000 1.485559e-01
2208.000000 1.482884e-01
2209.000000 1.480212e-01
2210.000000 1.477543e-01
2211.000000 1.474878e-01
2212.000000 1.472215e-01
2213.000000 1.469556e-01
2214.000000 1.466900e-01
2215.000000 1.464248e-01
2216.000000 1.461598e-01
2217.000000 1.458952e-01
2218.000000 1.456309e-01
2219.000000 1.453670e-01
2220.000000 1.451033e-01
2221.000000 1.448400e-01
2222.000000 1.445770e-01
2223.000000 1.443144e-01
2224.000000 1.440520e-01
2225.000000 1.437900e-01
2226.000000 1.435283e-01
2227.000000 1.432669e-01
2228.000000 1.430059e-01
2229.000000 1.427452e-01
2230.000000 1.424848e-01
2231.000000 1.422247e-01
2232.000000 1.419650e-01
2233.000000 1.417055e-01
2234.000000 1.414464e-01
2235.000000 1.411877e-01
2236.000000 1.409292e-01
2237.000000 1.406711e-01
2238.000000 1.404133e-01
2239.000000 1.401558e-01
2240.000000 1.398986e-01
2241.000000 1.396418e-01
2242.000000 1.393852e-01
2243.000000 1.391290e-01
2244.000000 1.388732e-01
2245.000000 1.386176e-01
2246.000000 1.383624e-01
2247.000000 1.381075e-01
2248.000000 1.378529e-01
2249.000000 1.375986e-01
2250.000000 1.373447e-01
2251.000000 1.370911e-01
2252.000000 1.368378e-01
2253.000000 1.365848e-01
2254.000000 1.363321e-01
2255.000000 1.360798e-01
2256.000000 1.358278e-01
2257.000000 1.355761e-01
2258.000000 1.353247e-01
2259.000000 1.350737e-01
2260.000000 1.348230e-01
2261.000000 1.345726e-01
2262.000000 1.343225e-01
2263.000000 1.340727e-01
2264.000000 1.338233e-01
2265.000000 1.335741e-01
2266.000000 1.333253e-01
2267.000000 1.330768e-01
2268.000000 1.328287e-01
2269.000000 1.325808e-01
2270.000000 1.323333e-01
2271.000000 1.320861e-01
2272.000000 1.318392e-01
2273.000000 1.315926e-01
2274.000000 1.313464e-01
2275.000000 1.311004e-01
2276.000000 1.308548e-01
2277.000000 1.306095e-01
2278.000000 1.303645e-01
2279.000000 1.301199e-01
2280.000000 1.298756e-01
2281.000000 1.296315e-01
2282.000000 1.293878e-01
2283.000000 1.291444e-01
2284.000000 1.289014e-01
2285.000000 1.286586e-01
2286.000000 1.284162e-01
2287.000000 1.281741e-01
2288.000000 1.279323e-01
2289.000000 1.276908e-01
2290.000000 1.274497e-01
2291.000000 1.272088e-01
2292.000000 1.269683e-01
2293.000000 1.267281e-01
2294.000000 1.264882e-01
2295.000000 1.262486e-01
2296.000000 1.260093e-01
2297.000000 1.257704e-01
2298.000000 1.255317e-01
2299.000000 1.252934e-01
2300.000000 1.250554e-01
2301.000000 1.248177e-01
2302.000000 1.245804e-01
2303.000000 1.243433e-01
2304.000000 1.241066e-01
2305.000000 1.238702e-01
2306.000000 1.236341e-01
2307.000000 1.233983e-01
2308.000000 1.231628e-01
2309.000000 1.229276e-01
2310.000000 1.226928e-01
2311.000000 1.224582e-01
2312.000000 1.222240e-01
2313.000000 1.219901e-01
2314.000000 1.217565e-01
2315.000000 1.215232e-01
2316.000000 1.212902e-01
2317.000000 1.210576e-01
2318.000000 1.208252e-01
2319.000000 1.205932e-01
2320.000000 1.203615e-01
2321.000000 1.201301e-01
2322.000000 1.198990e-01
2323.000000 1.196682e-01
2324.000000 1.194377e-01
2325.000000 1.192076e-01
2326.000000 1.189777e-01
2327.000000 1.187482e-01
2328.000000 1.185190e-01
2329.000000 1.182900e-01
2330.000000 1.180614e-01
2331.000000 1.178331e-01
2332.000000 1.176052e-01
2333.000000 1.173775e-01
2334.000000 1.171501e-01
2335.000000 1.169231e-01
2336.000000 1.166963e-01
2337.000000 1.164699e-01
2338.000000 1.162437e-01
2339.000000 1.160179e-01
2340.000000 1.157924e-01
2341.000000 1.155672e-01
2342.000000 1.153423e-01
2343.000000 1.151178e-01
2344.000000 1.148935e-01
2345.000000 1.146695e-01
2346.000000 1.144459e-01
2347.000000 1.142225e-01
2348.000000 1.139995e-01
2349.000000 1.137767e-01
2350.000000 1.135543e-01
2351.000000 1.133322e-01
2352.000000 1.131104e-01
2353.000000 1.128889e-01
2354.000000 1.126676e-01
2355.000000 1.124468e-01
2356.000000 1.122262e-01
2357.000000 1.120059e-01
2358.000000 1.117859e-01
2359.000000 1.115662e-01
2360.000000 1.113469e-01
2361.000000 1.111278e-01
2362.000000 1.109090e-01
2363.000000 1.106906e-01
2364.000000 1.104724e-01
2365.000000 1.102546e-01
2366.000000 1.100370e-01
2367.000000 1.098198e-01
2368.000000 1.096029e-01
2369.000000 1.093862e-01
2370.000000 1.091699e-01
2371.000000 1.089539e-01
2372.000000 1.087382e-01
2373.000000 1.085228e-01
2374.000000 1.083076e-01
2375.000000 1.080928e-01
2376.000000 1.078783e-01
2377.000000 1.076641e-01
2378.000000 1.074502e-01
2379.000000 1.072366e-01
2380.000000 1.070233e-01
2381.000000 1.068103e-01
2382.000000 1.065976e-01
2383.000000 1.063852e-01
2384.000000 1.061731e-01
2385.000000 1.059613e-01
2386.000000 1.057498e-01
2387.000000 1.055386e-01
2388.000000 1.053277e-01
2389.000000 1.051171e-01
2390.000000 1.049068e-01
2391.000000 1.046968e-01
2392.000000 1.044870e-01
2393.000000 1.042776e-01
2394.000000 1.040685e-01
2395.000000 1.038597e-01
2396.000000 1.036512e-01
2397.000000 1.034430e-01
2398.000000 1.032351e-01
2399.000000 1.030275e-01
2400.000000 1.028201e-01
2401.000000 1.026131e-01
2402.000000 1.024064e-01
2403.000000 1.022000e-01
2404.000000 1.019938e-01
2405.000000 1.017880e-01
2406.000000 1.015825e-01
2407.000000 1.013772e-01
2408.000000 1.011723e-01
2409.000000 1.009676e-01
2410.000000 1.007633e-01
2411.000000 1.005592e-01
2412.000000 1.003554e-01
2413.000000 1.001520e-01
2414.000000 9.994879e-02
2415.000000 9.974591e-02
2416.000000 9.954331e-02
2417.000000 9.934102e-02
2418.000000 9.913902e-02
2419.000000 9.893731e-02
2420.000000 9.873590e-02
2421.000000 9.853478e-02
2422.000000 9.833396e-02
2423.000000 9.813343e-02
2424.000000 9.793318e-02
2425.000000 9.773324e-02
2426.000000 9.753358e-02
2427.000000 9.733421e-02
2428.000000 9.713514e-02
2429.000000 9.693636e-02
2430.000000 9.673788e-02
2431.000000 9.653967e-02
2432.000000 9.634177e-02
2433.000000 9.614415e-02
2434.000000 9.594683e-02
2435.000000 9.574980e-02
2436.000000 9.555306e-02
2437.000000 9.535660e-02
2438.000000 9.516044e-02
2439.000000 9.496456e-02
2440.000000 9.476898e-02
2441.000000 9.457369e-02
2442.000000 9.437868e-02
2443.000000 9.418397e-02
2444.000000 9.398954e-02
2445.000000 9.379540e-02
2446.000000 9.360155e-02
2447.000000 9.340799e-02
2448.000000 9.321472e-02
2449.000000 9.302174e-02
2450.000000 9.282904e-02
2451.000000 9.263663e-02
2452.000000 9.244450e-02
2453.000000 9.225267e-02
2454.000000 9.206112e-02
2455.000000 9.186986e-02
2456.000000 9.167889e-02
2457.000000 9.148819e-02
2458.000000 9.129779e-02
2459.000000 9.110768e-02
2460.000000 9.091785e-02
2461.000000 9.072830e-02
2462.000000 9.053904e-02
2463.000000 9.035006e-02
2464.000000 9.016138e-02
2465.000000 8.997297e-02
2466.000000 8.978485e-02
2467.000000 8.959701e-02
2468.000000 8.940946e-02
2469.000000 8.922219e-02
2470.000000 8.903521e-02
2471.000000 8.884851e-02
2472.000000 8.866209e-02
2473.000000 8.847596e-02
2474.000000 8.829011e-02
2475.000000 8.810454e-02
2476.000000 8.791926e-02
2477.000000 8.773425e-02
2478.000000 8.754953e-02
2479.000000 8.736509e-02
2480.000000 8.718093e-02
2481.000000 8.699706e-02
2482.000000 8.681347e-02
2483.000000 8.663016e-02
2484.000000 8.644712e-02
2485.000000 8.626437e-02
2486.000000 8.608190e-02
2487.000000 8.589971e-02
2488.000000 8.571780e-02
2489.000000 8.553617e-02
2490.000000 8.535482e-02
2491.000000 8.517375e-02
2492.000000 8.499296e-02
2493.000000 8.481245e-02
2494.000000 8.463222e-02
2495.000000 8.445226e-02
2496.000000 8.427259e-02
2497.000000 8.409319e-02
2498.000000 8.391407e-02
2499.000000 8.373523e-02
2500.000000 8.355667e-02
2501.000000 8.337838e-02
2502.000000 8.320038e-02
2503.000000 8.302265e-02
2504.000000 8.284519e-02
2505.000000 8.266801e-02
2506.000000 8.249111e-02
2507.000000 8.231448e-02
2508.000000 8.213814e-02
2509.000000 8.196206e-02
2510.000000 8.178627e-02
2511.000000 8.161074e-02
2512.000000 8.143550e-02
2513.000000 8.126052e-02
2514.000000 8.108582e-02
2515.000000 8.091140e-02
2516.000000 8.073725e-02
2517.000000 8.056338e-02
2518.000000 8.038978e-02
2519.000000 8.021645e-02
2520.000000 8.004339e-02
2521.000000 7.987061e-02
2522.000000 7.969811e-02
2523.000000 7.952587e-02
2524.000000 7.935391e-02
2525.000000 7.918222e-02
2526.000000 7.901080e-02
2527.000000 7.883966e-02
2528.000000 7.866878e-02
2529.000000 7.849818e-02
2530.000000 7.832784e-02
2531.000000 7.815779e-02
2532.000000 7.798799e-02
2533.000000 7.781847e-02
2534.000000 7.764923e-02
2535.000000 7.748024e-02
2536.000000 7.731153e-02
2537.000000 7.714309e-02
2538.000000 7.697492e-02
2539.000000 7.680702e-02
2540.000000 7.663939e-02
2541.000000 7.647202e-02
2542.000000 7.630492e-02
2543.000000 7.613810e-02
2544.000000 7.597154e-02
2545.000000 7.580525e-02
2546.000000 7.563922e-02
2547.000000 7.547346e-02
2548.000000 7.530797e-02
2549.000000 7.514275e-02
2550.000000 7.497779e-02
2551.000000 7.481310e-02
2552.000000 7.464868e-02
2553.000000 7.448452e-02
2554.000000 7.432063e-02
2555.000000 7.415700e-02
2556.000000 7.399364e-02
2557.000000 7.383054e-02
2558.000000 7.366770e-02
2559.000000 7.350514e-02
2560.000000 7.334283e-02
2561.000000 7.318079e-02
2562.000000 7.301902e-02
2563.000000 7.285750e-02
2564.000000 7.269625e-02
2565.000000 7.253526e-02
2566.000000 7.237454e-02
2567.000000 7.221408e-02
2568.000000 7.205388e-02
2569.000000 7.189394e-02
2570.000000 7.173426e-02
2571.000000 7.157485e-02
2572.000000 7.141570e-02
2573.000000 7.125680e-02
2574.000000 7.109817e-02
2575.000000 7.093980e-02
2576.000000 7.078169e-02
2577.000000 7.062384e-02
2578.000000 7.046625e-02
2579.000000 7.030891e-02
2580.000000 7.015184e-02
2581.000000 6.999503e-02
2582.000000 6.983848e-02
2583.000000 6.968218e-02
2584.000000 6.952614e-02
2585.000000 6.937036e-02
2586.000000 6.921484e-02
2587.000000 6.905958e-02
2588.000000 6.890458e-02
2589.000000 6.874982e-02
2590.000000 6.859533e-02
2591.000000 6.844110e-02
2592.000000 6.828712e-02
2593.000000 6.813339e-02
2594.000000 6.797993e-02
2595.000000 6.782672e-02
2596.000000 6.767376e-02
2597.000000 6.752105e-02
2598.000000 6.736861e-02
2599.000000 6.721642e-02
2600.000000 6.706449e-02
2601.000000 6.691280e-02
2602.000000 6.676137e-02
2603.000000 6.661020e-02
2604.000000 6.645928e-02
2605.000000 6.630861e-02
2606.000000 6.615819e-02
2607.000000 6.600803e-02
2608.000000 6.585812e-02
2609.000000 6.570846e-02
2610.000000 6.555906e-02
2611.000000 6.540990e-02
2612.000000 6.526100e-02
2613.000000 6.511234e-02
2614.000000 6.496394e-02
2615.000000 6.481579e-02
2616.000000 6.466789e-02
2617.000000 6.452025e-02
2618.000000 6.437285e-02
2619.000000 6.422570e-02
2620.000000 6.407880e-02
2621.000000 6.393215e-02
2622.000000 6.378575e-02
2623.000000 6.363959e-02
2624.000000 6.349369e-02
2625.000000 6.334803e-02
2626.000000 6.320262e-02
2627.000000 6.305747e-02
2628.000000 6.291255e-02
2629.000000 6.276789e-02
2630.000000 6.262347e-02
2631.000000 6.247930e-02
2632.000000 6.233538e-02
2633.000000 6.219170e-02
2634.000000 6.204827e-02
2635.000000 6.190509e-02
2636.000000 6.176215e-02
2637.000000 6.161945e-02
2638.000000 6.147700e-02
2639.000000 6.133480e-02
2640.000000 6.119284e-02
2641.000000 6.105113e-02
2642.000000 6.090966e-02
2643.000000 6.076843e-02
2644.000000 6.062745e-02
2645.000000 6.048671e-02
2646.000000 6.034621e-02
2647.000000 6.020596e-02
2648.000000 6.006595e-02
2649.000000 5.992618e-02
2650.000000 5.978666e-02
2651.000000 5.964737e-02
2652.000000 5.950834e-02
2653.000000 5.936953e-02
2654.000000 5.923098e-02
2655.000000 5.909266e-02
2656.000000 5.895458e-02
2657.000000 5.881675e-02
2658.000000 5.867916e-02
2659.000000 5.854180e-02
2660.000000 5.840469e-02
2661.000000 5.826782e-02
2662.000000 5.813118e-02
2663.000000 5.799479e-02
2664.000000 5.785863e-02
2665.000000 5.772271e-02
2666.000000 5.758703e-02
2667.000000 5.745159e-02
2668.000000 5.731639e-02
2669.000000 5.718143e-02
2670.000000 5.704670e-02
2671.000000 5.691221e-02
2672.000000 5.677796e-02
2673.000000 5.664394e-02
2674.000000 5.651017e-02
2675.000000 5.637663e-02
2676.000000 5.624332e-02
2677.000000 5.611025e-02
2678.000000 5.597742e-02
2679.000000 5.584482e-02
2680.000000 5.571246e-02
2681.000000 5.558033e-02
2682.000000 5.544844e-02
2683.000000 5.531678e-02
2684.000000 5.518535e-02
2685.000000 5.505417e-02
2686.000000 5.492321e-02
2687.000000 5.479249e-02
2688.000000 5.466200e-02
2689.000000 5.453174e-02
2690.000000 5.440172e-02
2691.000000 5.427193e-02
2692.000000 5.414238e-02
2693.000000 5.401305e-02
2694.000000 5.388396e-02
2695.000000 5.375510e-02
2696.000000 5.362647e-02
2697.000000 5.349807e-02
2698.000000 5.336990e-02
2699.000000 5.324197e-02
2700.000000 5.311426e-02
2701.000000 5.298679e-02
2702.000000 5.285954e-02
2703.000000 5.273253e-02
2704.000000 5.260574e-02
2705.000000 5.247919e-02
2706.000000 5.235286e-02
2707.000000 5.222677e-02
2708.000000 5.210090e-02
2709.000000 5.197526e-02
2710.000000 5.184984e-02
2711.000000 5.172466e-02
2712.000000 5.159970e-02
2713.000000 5.147497e-02
2714.000000 5.135047e-02
2715.000000 5.122620e-02
2716.000000 5.110215e-02
2717.000000 5.097833e-02
2718.000000 5.085474e-02
2719.000000 5.073137e-02
2720.000000 5.060822e-02
2721.000000 5.048531e-02
2722.000000 5.036262e-02
2723.000000 5.024015e-02
2724.000000 5.011791e-02
2725.000000 4.999589e-02
2726.000000 4.987410e-02
2727.000000 4.975253e-02
2728.000000 4.963118e-02
2729.000000 4.951006e-02
2730.000000 4.938917e-02
2731.000000 4.926849e-02
2732.000000 4.914804e-02
2733.000000 4.902781e-02
2734.000000 4.890781e-02
2735.000000 4.878802e-02
2736.000000 4.866846e-02
2737.000000 4.854912e-02
2738.000000 4.843000e-02
2739.000000 4.831110e-02
2740.000000 4.819242e-02
2741.000000 4.807397e-02
2742.000000 4.795573e-02
2743.000000 4.783772e-02
2744.000000 4.771992e-02
2745.000000 4.760235e-02
2746.000000 4.748499e-02
2747.000000 4.736785e-02
2748.000000 4.725093e-02
2749.000000 4.713424e-02
2750.000000 4.701775e-02
2751.000000 4.690149e-02
2752.000000 4.678544e-02
2753.000000 4.666962e-02
2754.000000 4.655401e-02
2755.000000 4.643861e-02
2756.000000 4.632344e-02
2757.000000 4.620848e-02
2758.000000 4.609373e-02
2759.000000 4.597921e-02
2760.000000 4.586490e-02
2761.000000 4.575080e-02
2762.000000 4.563692e-02
2763.000000 4.552326e-02
2764.000000 4.540980e-02
2765.000000 4.529657e-02
2766.000000 4.518355e-02
2767.000000 4.507074e-02
2768.000000 4.495815e-02
2769.000000 4.484577e-02
2770.000000 4.473360e-02
2771.000000 4.462165e-02
2772.000000 4.450991e-02
2773.000000 4.439838e-02
2774.000000 4.428706e-02
2775.000000 4.417596e-02
2776.000000 4.406507e-02
2777.000000 4.395439e-02
2778.000000 4.384392e-02
2779.000000 4.373366e-02
2780.000000 4.362361e-02
2781.000000 4.351378e-02
2782.000000 4.340415e-02
2783.000000 4.329473e-02
2784.000000 4.318552e-02
2785.000000 4.307653e-02
2786.000000 4.296774e-02
2787.000000 4.285915e-02
2788.000000 4.275078e-02
2789.000000 4.264262e-02
2790.000000 4.253467e-02
2791.000000 4.242692e-02
2792.000000 4.231938e-02
2793.000000 4.221205e-02
2794.000000 4.210492e-02
2795.000000 4.199800e-02
2796.000000 4.189129e-02
2797.000000 4.178479e-02
2798.000000 4.167848e-02
2799.000000 4.157239e-02
2800.000000 4.146650e-02
2801.000000 4.136082e-02
2802.000000 4.125534e-02
2803.000000 4.115007e-02
2804.000000 4.104500e-02
2805.000000 4.094013e-02
2806.000000 4.083547e-02
2807.000000 4.073101e-02
2808.000000 4.062676e-02
2809.000000 4.052271e-02
2810.000000 4.041886e-02
2811.000000 4.031521e-02
2812.000000 4.021177e-02
2813.000000 4.010853e-02
2814.000000 4.000549e-02
2815.000000 3.990265e-02
2816.000000 3.980001e-02
2817.000000 3.969758e-02
2818.000000 3.959534e-02
2819.000000 3.949331e-02
2820.000000 3.939147e-02
2821.000000 3.928984e-02
2822.000000 3.918840e-02
2823.000000 3.908717e-02
2824.000000 3.898613e-02
2825.000000 3.888529e-02
2826.000000 3.878465e-02
2827.000000 3.868421e-02
2828.000000 3.858397e-02
2829.000000 3.848393e-02
2830.000000 3.838408e-02
2831.000000 3.828443e-02
2832.000000 3.818498e-02
2833.000000 3.808573e-02
2834.000000 3.798667e-02
2835.000000 3.788780e-02
2836.000000 3.778914e-02
2837.000000 3.769067e-02
2838.000000 3.759240e-02
2839.000000 3.749432e-02
2840.000000 3.739643e-02
2841.000000 3.729874e-02
2842.000000 3.720125e-02
2843.000000 3.710394e-02
2844.000000 3.700684e-02
2845.000000 3.690992e-02
2846.000000 3.681321e-02
2847.000000 3.671668e-02
2848.000000 3.662035e-02
2849.000000 3.652421e-02
2850.000000 3.642826e-02
2851.000000 3.633251e-02
2852.000000 3.623694e-02
2853.000000 3.614157e-02
2854.000000 3.604639e-02
2855.000000 3.595140e-02
2856.000000 3.585660e-02
2857.000000 3.576200e-02
2858.000000 3.566758e-02
2859.000000 3.557336e-02
2860.000000 3.547932e-02
2861.000000 3.538547e-02
2862.000000 3.529181e-02
2863.000000 3.519835e-02
2864.000000 3.510507e-02
2865.000000 3.501198e-02
2866.000000 3.491908e-02
2867.000000 3.482637e-02
2868.000000 3.473384e-02
2869.000000 3.464150e-02
2870.000000 3.454935e-02
2871.000000 3.445739e-02
2872.000000 3.436562e-02
2873.000000 3.427403e-02
2874.000000 3.418263e-02
2875.000000 3.409141e-02
2876.000000 3.400038e-02
2877.000000 3.390954e-02
2878.000000 3.381888e-02
2879.000000 3.372841e-02
2880.000000 3.363812e-02
2881.000000 3.354802e-02
2882.000000 3.345811e-02
2883.000000 3.336837e-02
2884.000000 3.327882e-02
2885.000000 3.318946e-02
2886.000000 3.310028e-02
2887.000000 3.301128e-02
2888.000000 3.292246e-02
2889.000000 3.283383e-02
2890.000000 3.274538e-02
2891.000000 3.265712e-02
2892.000000 3.256903e-02
2893.000000 3.248113e-02
2894.000000 3.239341e-02
2895.000000 3.230587e-02
2896.000000 3.221851e-02
2897.000000 3.213133e-02
2898.000000 3.204434e-02
2899.000000 3.195752e-02
2900.000000 3.187089e-02
2901.000000 3.178444e-02
2902.000000 3.169816e-02
2903.000000 3.161207e-02
2904.000000 3.152615e-02
2905.000000 3.144041e-02
2906.000000 3.135485e-02
2907.000000 3.126947e-02
2908.000000 3.118427e-02
2909.000000 3.109925e-02
2910.000000 3.101440e-02
2911.000000 3.092974e-02
2912.000000 3.084525e-02
2913.000000 3.076094e-02
2914.000000 3.067680e-02
2915.000000 3.059284e-02
2916.000000 3.050906e-02
2917.000000 3.042545e-02
2918.000000 3.034202e-02
2919.000000 3.025877e-02
2920.000000 3.017569e-02
2921.000000 3.009279e-02
2922.000000 3.001006e-02
2923.000000 2.992751e-02
2924.000000 2.984513e-02
2925.000000 2.976292e-02
2926.000000 2.968089e-02
2927.000000 2.959904e-02
2928.000000 2.951736e-02
2929.000000 2.943585e-02
2930.000000 2.935451e-02
2931.000000 2.927335e-02
2932.000000 2.919236e-02
2933.000000 2.911154e-02
2934.000000 2.903089e-02
2935.000000 2.895042e-02
2936.000000 2.887012e-02
2937.000000 2.878999e-02
2938.000000 2.871003e-02
2939.000000 2.863025e-02
2940.000000 2.855063e-02
2941.000000 2.847118e-02
2942.000000 2.839191e-02
2943.000000 2.831280e-02
2944.000000 2.823386e-02
2945.000000 2.815510e-02
2946.000000 2.807650e-02
2947.000000 2.799807e-02
2948.000000 2.791982e-02
2949.000000 2.784172e-02
2950.000000 2.776380e-02
2951.000000 2.768605e-02
2952.000000 2.760846e-02
2953.000000 2.753104e-02
2954.000000 2.745380e-02
2955.000000 2.737671e-02
2956.000000 2.729979e-02
2957.000000 2.722305e-02
2958.000000 2.714646e-02
2959.000000 2.707005e-02
2960.000000 2.699379e-02
2961.000000 2.691771e-02
2962.000000 2.684179e-02
2963.000000 2.676604e-02
2964.000000 2.669045e-02
2965.000000 2.661502e-02
2966.000000 2.653976e-02
2967.000000 2.646467e-02
2968.000000 2.638973e-02
2969.000000 2.631497e-02
2970.000000 2.624036e-02
2971.000000 2.616592e-02
2972.000000 2.609164e-02
2973.000000 2.601753e-02
2974.000000 2.594358e-02
2975.000000 2.586979e-02
2976.000000 2.579616e-02
2977.000000 2.572269e-02
2978.000000 2.564939e-02
2979.000000 2.557625e-02
2980.000000 2.550326e-02
2981.000000 2.543044e-02
2982.000000 2.535778e-02
2983.000000 2.528528e-02
2984.000000 2.521294e-02
2985.000000 2.514076e-02
2986.000000 2.506874e-02
2987.000000 2.499688e-02
2988.000000 2.492518e-02
2989.000000 2.485364e-02
2990.000000 2.478225e-02
2991.000000 2.471103e-02
2992.000000 2.463996e-02
2993.000000 2.456905e-02
2994.000000 2.449830e-02
2995.000000 2.442770e-02
2996.000000 2.435726e-02
2997.000000 2.428698e-02
2998.000000 2.421686e-02
2999.000000 2.414689e-02
