2.000000000000000000e+00 9.999656357742067181e-01
3.000000000000000000e+00 9.999141057160877422e-01
4.000000000000000000e+00 9.998454295716522333e-01
5.000000000000000000e+00 9.997596162388189267e-01
6.000000000000000000e+00 9.996567087563197340e-01
7.000000000000000000e+00 9.995367227691652756e-01
8.000000000000000000e+00 9.993997089293069624e-01
9.000000000000000000e+00 9.992456946440436694e-01
1.000000000000000000e+01 9.990747415110839968e-01
1.100000000000000000e+01 9.988868988439844054e-01
1.200000000000000000e+01 9.986822240721806576e-01
1.300000000000000000e+01 9.984607783703507433e-01
1.400000000000000000e+01 9.982226278820655052e-01
1.500000000000000000e+01 9.979678437516100731e-01
1.600000000000000000e+01 9.976965063757783359e-01
1.700000000000000000e+01 9.974087058218450430e-01
1.800000000000000000e+01 9.971045071103284974e-01
1.900000000000000000e+01 9.967840234596453408e-01
2.000000000000000000e+01 9.964473279840567743e-01
2.100000000000000000e+01 9.960945399794417510e-01
2.200000000000000000e+01 9.957257397104369856e-01
2.300000000000000000e+01 9.953410562440007103e-01
2.400000000000000000e+01 9.949405901385739437e-01
2.500000000000000000e+01 9.945244535818659193e-01
2.600000000000000000e+01 9.940927643077623888e-01
2.700000000000000000e+01 9.936456554128472174e-01
2.800000000000000000e+01 9.931832360239604141e-01
2.900000000000000000e+01 9.927056357759233007e-01
3.000000000000000000e+01 9.922129898238033485e-01
3.100000000000000000e+01 9.917054320807149326e-01
3.200000000000000000e+01 9.911830960243884769e-01
3.300000000000000000e+01 9.906461177376095772e-01
3.400000000000000000e+01 9.900946411662756574e-01
3.500000000000000000e+01 9.895288119155830620e-01
3.600000000000000000e+01 9.889487655414923584e-01
3.700000000000000000e+01 9.883546612779314788e-01
3.800000000000000000e+01 9.877466364800302490e-01
3.900000000000000000e+01 9.871248460517979550e-01
4.000000000000000000e+01 9.864894528107571725e-01
4.100000000000000000e+01 9.858405864590035206e-01
4.200000000000000000e+01 9.851784210220633220e-01
4.300000000000000000e+01 9.845031057958156806e-01
4.400000000000000000e+01 9.838147990191961068e-01
4.500000000000000000e+01 9.831136464717635803e-01
4.600000000000000000e+01 9.823998202423934734e-01
4.700000000000000000e+01 9.816734731087944921e-01
4.800000000000000000e+01 9.809347664188401428e-01
4.900000000000000000e+01 9.801838414144825595e-01
5.000000000000000000e+01 9.794208857446564664e-01
5.100000000000000000e+01 9.786460418563842634e-01
5.200000000000000000e+01 9.778594644763793919e-01
5.300000000000000000e+01 9.770613190136997472e-01
5.400000000000000000e+01 9.762517625022099077e-01
5.500000000000000000e+01 9.754309621050011314e-01
5.600000000000000000e+01 9.745990490324656363e-01
5.700000000000000000e+01 9.737562045265556465e-01
5.800000000000000000e+01 9.729025785433572659e-01
5.900000000000000000e+01 9.720383205929267190e-01
6.000000000000000000e+01 9.711635836848268033e-01
6.100000000000000000e+01 9.702785259004447216e-01
6.200000000000000000e+01 9.693832994726260255e-01
6.300000000000000000e+01 9.684780530727582493e-01
6.400000000000000000e+01 9.675629357058488367e-01
6.500000000000000000e+01 9.666381000425179337e-01
6.600000000000000000e+01 9.657036958866271892e-01
6.700000000000000000e+01 9.647598508567187814e-01
6.800000000000000000e+01 9.638067260478421217e-01
6.900000000000000000e+01 9.628444623963322568e-01
7.000000000000000000e+01 9.618731962811697400e-01
7.100000000000000000e+01 9.608930715674002254e-01
7.200000000000000000e+01 9.599042300845856968e-01
7.300000000000000000e+01 9.589067993716402505e-01
7.400000000000000000e+01 9.579009203743203971e-01
7.500000000000000000e+01 9.568867303722270456e-01
7.600000000000000000e+01 9.558643557694107562e-01
7.700000000000000000e+01 9.548339314341651729e-01
7.800000000000000000e+01 9.537955904695630815e-01
7.900000000000000000e+01 9.527494452500295807e-01
8.000000000000000000e+01 9.516956419654392096e-01
8.100000000000000000e+01 9.506343008521054294e-01
8.200000000000000000e+01 9.495655291621691863e-01
8.300000000000000000e+01 9.484894666690989462e-01
8.400000000000000000e+01 9.474062336941603268e-01
8.500000000000000000e+01 9.463159378148577883e-01
8.600000000000000000e+01 9.452186997188578577e-01
8.700000000000000000e+01 9.441146409681544505e-01
8.800000000000000000e+01 9.430038796219976094e-01
8.900000000000000000e+01 9.418865213118197133e-01
9.000000000000000000e+01 9.407626765426702065e-01
9.100000000000000000e+01 9.396324672458769012e-01
9.200000000000000000e+01 9.384960010042674439e-01
9.300000000000000000e+01 9.373533816804973107e-01
9.400000000000000000e+01 9.362047241891633398e-01
9.500000000000000000e+01 9.350501285155216058e-01
9.600000000000000000e+01 9.338897061197993787e-01
9.700000000000000000e+01 9.327235565190845623e-01
9.800000000000000000e+01 9.315517895213381028e-01
9.900000000000000000e+01 9.303745094815493166e-01
1.000000000000000000e+02 9.291918134229379955e-01
1.010000000000000000e+02 9.280038053394141784e-01
1.020000000000000000e+02 9.268105867162753642e-01
1.030000000000000000e+02 9.256122612869519539e-01
1.040000000000000000e+02 9.244089296676800682e-01
1.050000000000000000e+02 9.232006829909340517e-01
1.060000000000000000e+02 9.219876275126378529e-01
1.070000000000000000e+02 9.207698630038708698e-01
1.080000000000000000e+02 9.195474765370886816e-01
1.090000000000000000e+02 9.183205824976737874e-01
1.100000000000000000e+02 9.170892655659791393e-01
1.110000000000000000e+02 9.158536279051863183e-01
1.120000000000000000e+02 9.146137633516578935e-01
1.130000000000000000e+02 9.133697656043324731e-01
1.140000000000000000e+02 9.121217382086993508e-01
1.150000000000000000e+02 9.108697644574818009e-01
1.160000000000000000e+02 9.096139534394144244e-01
1.170000000000000000e+02 9.083543923959926936e-01
1.180000000000000000e+02 9.070911777014183386e-01
1.190000000000000000e+02 9.058244101188298592e-01
1.200000000000000000e+02 9.045541727297060630e-01
1.210000000000000000e+02 9.032805642838397375e-01
1.220000000000000000e+02 9.020036853237047847e-01
1.230000000000000000e+02 9.007236229615709355e-01
1.240000000000000000e+02 8.994404745227191356e-01
1.250000000000000000e+02 8.981543283905402131e-01
1.260000000000000000e+02 8.968652835823958114e-01
1.270000000000000000e+02 8.955734366111344213e-01
1.280000000000000000e+02 8.942788601269487936e-01
1.290000000000000000e+02 8.929816771263662245e-01
1.300000000000000000e+02 8.916819569521124977e-01
1.310000000000000000e+02 8.903798037081189776e-01
1.320000000000000000e+02 8.890752996068032044e-01
1.330000000000000000e+02 8.877685343068332235e-01
1.340000000000000000e+02 8.864596235726629470e-01
1.350000000000000000e+02 8.851486281030898073e-01
1.360000000000000000e+02 8.838356551531880712e-01
1.370000000000000000e+02 8.825207865993655032e-01
1.380000000000000000e+02 8.812041168048669881e-01
1.390000000000000000e+02 8.798857302839392380e-01
1.400000000000000000e+02 8.785657195702641920e-01
1.410000000000000000e+02 8.772441699453842334e-01
1.420000000000000000e+02 8.759211718594285268e-01
1.430000000000000000e+02 8.745968047704664183e-01
1.440000000000000000e+02 8.732711516897700976e-01
1.450000000000000000e+02 8.719443098051391505e-01
1.460000000000000000e+02 8.706163585840647201e-01
1.470000000000000000e+02 8.692873694979624810e-01
1.480000000000000000e+02 8.679574401051329824e-01
1.490000000000000000e+02 8.666266422474930842e-01
1.500000000000000000e+02 8.652950526803899756e-01
1.510000000000000000e+02 8.639627674263669066e-01
1.520000000000000000e+02 8.626298489477335352e-01
1.530000000000000000e+02 8.612963746558880418e-01
1.540000000000000000e+02 8.599624274234544119e-01
1.550000000000000000e+02 8.586280634305246684e-01
1.560000000000000000e+02 8.572933845862890090e-01
1.570000000000000000e+02 8.559584452265327492e-01
1.580000000000000000e+02 8.546233136915956097e-01
1.590000000000000000e+02 8.532880596286540609e-01
1.600000000000000000e+02 8.519527544418499243e-01
1.610000000000000000e+02 8.506174666553071306e-01
1.620000000000000000e+02 8.492822489180520407e-01
1.630000000000000000e+02 8.479471800480140598e-01
1.640000000000000000e+02 8.466123078533854818e-01
1.650000000000000000e+02 8.452777072295587502e-01
1.660000000000000000e+02 8.439434116842955413e-01
1.670000000000000000e+02 8.426094991369756926e-01
1.680000000000000000e+02 8.412760124404761175e-01
1.690000000000000000e+02 8.399430092959013772e-01
1.700000000000000000e+02 8.386105440139658418e-01
1.710000000000000000e+02 8.372786564707667134e-01
1.720000000000000000e+02 8.359474049299486786e-01
1.730000000000000000e+02 8.346168343143636204e-01
1.740000000000000000e+02 8.332869782786759272e-01
1.750000000000000000e+02 8.319578890008115790e-01
1.760000000000000000e+02 8.306295962099649044e-01
1.770000000000000000e+02 8.293021603698434996e-01
1.780000000000000000e+02 8.279755940961480709e-01
1.790000000000000000e+02 8.266499492865775345e-01
1.800000000000000000e+02 8.253252541965205857e-01
1.810000000000000000e+02 8.240015432491032410e-01
1.820000000000000000e+02 8.226788466815019296e-01
1.830000000000000000e+02 8.213571847005001203e-01
1.840000000000000000e+02 8.200365900371425765e-01
1.850000000000000000e+02 8.187170906981499074e-01
1.860000000000000000e+02 8.173987019055021230e-01
1.870000000000000000e+02 8.160814559893502240e-01
1.880000000000000000e+02 8.147653625266637611e-01
1.890000000000000000e+02 8.134504523446189905e-01
1.900000000000000000e+02 8.121367397141165956e-01
1.910000000000000000e+02 8.108242343245368744e-01
1.920000000000000000e+02 8.095129546905822648e-01
1.930000000000000000e+02 8.082029112730273468e-01
1.940000000000000000e+02 8.068941136541640802e-01
1.950000000000000000e+02 8.055865768639329794e-01
1.960000000000000000e+02 8.042803124610908849e-01
1.970000000000000000e+02 8.029753279694463730e-01
1.980000000000000000e+02 8.016716178091927159e-01
1.990000000000000000e+02 8.003692014407888244e-01
2.000000000000000000e+02 7.990680800167756503e-01
2.010000000000000000e+02 7.977682424498161451e-01
2.020000000000000000e+02 7.964697096782742403e-01
2.030000000000000000e+02 7.951724799903212570e-01
2.040000000000000000e+02 7.938765495881857648e-01
2.050000000000000000e+02 7.925819165827439061e-01
2.060000000000000000e+02 7.912885833660983081e-01
2.070000000000000000e+02 7.899965440897067648e-01
2.080000000000000000e+02 7.887058093833836381e-01
2.090000000000000000e+02 7.874163546528931690e-01
2.100000000000000000e+02 7.861281952043035481e-01
2.110000000000000000e+02 7.848413168840872034e-01
2.120000000000000000e+02 7.835557088506426293e-01
2.130000000000000000e+02 7.822713759103120390e-01
2.140000000000000000e+02 7.809883135308111068e-01
2.150000000000000000e+02 7.797065084592316175e-01
2.160000000000000000e+02 7.784259592692943652e-01
2.170000000000000000e+02 7.771466574294828566e-01
2.180000000000000000e+02 7.758685993930833913e-01
2.190000000000000000e+02 7.745917688286418912e-01
2.200000000000000000e+02 7.733161656261373640e-01
2.210000000000000000e+02 7.720417870406433014e-01
2.220000000000000000e+02 7.707686172855692242e-01
2.230000000000000000e+02 7.694966568753857095e-01
2.240000000000000000e+02 7.682258909721916273e-01
2.250000000000000000e+02 7.669563148516630458e-01
2.260000000000000000e+02 7.656879185138000254e-01
2.270000000000000000e+02 7.644207109278948753e-01
2.280000000000000000e+02 7.631546640621564848e-01
2.290000000000000000e+02 7.618897862790625641e-01
2.300000000000000000e+02 7.606260640088996494e-01
2.310000000000000000e+02 7.593634868507748159e-01
2.320000000000000000e+02 7.581020642146871769e-01
2.330000000000000000e+02 7.568417797461838292e-01
2.340000000000000000e+02 7.555826253913366930e-01
2.350000000000000000e+02 7.543246033670230055e-01
2.360000000000000000e+02 7.530677137803314380e-01
2.370000000000000000e+02 7.518119368097236910e-01
2.380000000000000000e+02 7.505572790722031540e-01
2.390000000000000000e+02 7.493037351673287327e-01
2.400000000000000000e+02 7.480513074736246937e-01
2.410000000000000000e+02 7.467999820234172415e-01
2.420000000000000000e+02 7.455497667856834099e-01
2.430000000000000000e+02 7.443006522326897079e-01
2.440000000000000000e+02 7.430526479036615450e-01
2.450000000000000000e+02 7.418057372697826057e-01
2.460000000000000000e+02 7.405599295145220973e-01
2.470000000000000000e+02 7.393152275892701519e-01
2.480000000000000000e+02 7.380716224713427254e-01
2.490000000000000000e+02 7.368291276623164521e-01
2.500000000000000000e+02 7.355877251250777515e-01
2.510000000000000000e+02 7.343474362009546619e-01
2.520000000000000000e+02 7.331082532537274155e-01
2.530000000000000000e+02 7.318701760913565169e-01
2.540000000000000000e+02 7.306332090487644981e-01
2.550000000000000000e+02 7.293973613492340524e-01
2.560000000000000000e+02 7.281626309962339061e-01
2.570000000000000000e+02 7.269290222229204401e-01
2.580000000000000000e+02 7.256965376839465964e-01
2.590000000000000000e+02 7.244651844054649237e-01
2.600000000000000000e+02 7.232349716673873719e-01
2.610000000000000000e+02 7.220058933019772862e-01
2.620000000000000000e+02 7.207779639432843055e-01
2.630000000000000000e+02 7.195511811992064688e-01
2.640000000000000000e+02 7.183255632599288010e-01
2.650000000000000000e+02 7.171011041320770607e-01
2.660000000000000000e+02 7.158778128896415849e-01
2.670000000000000000e+02 7.146557062567144847e-01
2.680000000000000000e+02 7.134347769212739943e-01
2.690000000000000000e+02 7.122150377698264201e-01
2.700000000000000000e+02 7.109965006885629046e-01
2.710000000000000000e+02 7.097791701646307683e-01
2.720000000000000000e+02 7.085630505161381043e-01
2.730000000000000000e+02 7.073481541688164675e-01
2.740000000000000000e+02 7.061344940847017471e-01
2.750000000000000000e+02 7.049220680132713968e-01
2.760000000000000000e+02 7.037108947252889157e-01
2.770000000000000000e+02 7.025009689766376075e-01
2.780000000000000000e+02 7.012923176383116797e-01
2.790000000000000000e+02 7.000849334434263715e-01
2.800000000000000000e+02 6.988788349854502258e-01
2.810000000000000000e+02 6.976740367966673961e-01
2.820000000000000000e+02 6.964705428562437683e-01
2.830000000000000000e+02 6.952683590127216595e-01
2.840000000000000000e+02 6.940674984423135241e-01
2.850000000000000000e+02 6.928679674711504255e-01
2.860000000000000000e+02 6.916697882845516121e-01
2.870000000000000000e+02 6.904729558525761757e-01
2.880000000000000000e+02 6.892774966535810677e-01
2.890000000000000000e+02 6.880834132737780884e-01
2.900000000000000000e+02 6.868907073905045069e-01
2.910000000000000000e+02 6.856994115197657669e-01
2.920000000000000000e+02 6.845095281858226688e-01
2.930000000000000000e+02 6.833210574506264345e-01
2.940000000000000000e+02 6.821340276220961840e-01
2.950000000000000000e+02 6.809484403008728703e-01
2.960000000000000000e+02 6.797643164725274412e-01
2.970000000000000000e+02 6.785816586583882648e-01
2.980000000000000000e+02 6.774004875080168464e-01
2.990000000000000000e+02 6.762208159489576653e-01
3.000000000000000000e+02 6.750426510442443240e-01
3.010000000000000000e+02 6.738660121325039665e-01
3.020000000000000000e+02 6.726909156124645239e-01
3.030000000000000000e+02 6.715173662453312042e-01
3.040000000000000000e+02 6.703453856768821773e-01
3.050000000000000000e+02 6.691749824386344914e-01
3.060000000000000000e+02 6.680061849509177918e-01
3.070000000000000000e+02 6.668389918921517889e-01
3.080000000000000000e+02 6.656734265205671575e-01
3.090000000000000000e+02 6.645095090134591764e-01
3.100000000000000000e+02 6.633472452394367780e-01
3.110000000000000000e+02 6.621866661348350114e-01
3.120000000000000000e+02 6.610277755602392835e-01
3.130000000000000000e+02 6.598705949693882689e-01
3.140000000000000000e+02 6.587151428593073232e-01
3.150000000000000000e+02 6.575614396760268709e-01
3.160000000000000000e+02 6.564094971022061964e-01
3.170000000000000000e+02 6.552593350664723815e-01
3.180000000000000000e+02 6.541109770453318317e-01
3.190000000000000000e+02 6.529644432665392406e-01
3.200000000000000000e+02 6.518197488839376774e-01
3.210000000000000000e+02 6.506769150857832917e-01
3.220000000000000000e+02 6.495359538034037872e-01
3.230000000000000000e+02 6.483968956719360355e-01
3.240000000000000000e+02 6.472597666523330906e-01
3.250000000000000000e+02 6.461245721409376586e-01
3.260000000000000000e+02 6.449913430215548082e-01
3.270000000000000000e+02 6.438600987767808537e-01
3.280000000000000000e+02 6.427308581354951311e-01
3.290000000000000000e+02 6.416036501794004643e-01
3.300000000000000000e+02 6.404784939931327248e-01
3.310000000000000000e+02 6.393554048261315126e-01
3.320000000000000000e+02 6.382344097163611396e-01
3.330000000000000000e+02 6.371155405689131745e-01
3.340000000000000000e+02 6.359988033196705137e-01
3.350000000000000000e+02 6.348842361842083060e-01
3.360000000000000000e+02 6.337718431576595535e-01
3.370000000000000000e+02 6.326616661094006666e-01
3.380000000000000000e+02 6.315537097755674623e-01
3.390000000000000000e+02 6.304480130992152764e-01
3.400000000000000000e+02 6.293445930416128320e-01
3.410000000000000000e+02 6.282434659144665590e-01
3.420000000000000000e+02 6.271446614941781350e-01
3.430000000000000000e+02 6.260481939322052325e-01
3.440000000000000000e+02 6.249540968970941357e-01
3.450000000000000000e+02 6.238623813850607824e-01
3.460000000000000000e+02 6.227730794890802279e-01
3.470000000000000000e+02 6.216861984666155472e-01
3.480000000000000000e+02 6.206017644800811972e-01
3.490000000000000000e+02 6.195198050409312929e-01
3.500000000000000000e+02 6.184403331657604141e-01
3.510000000000000000e+02 6.173633665498068357e-01
3.520000000000000000e+02 6.162889255718270176e-01
3.530000000000000000e+02 6.152170296442102115e-01
3.540000000000000000e+02 6.141476980805136154e-01
3.550000000000000000e+02 6.130809471198468419e-01
3.560000000000000000e+02 6.120167918594245915e-01
3.570000000000000000e+02 6.109552403227823669e-01
3.580000000000000000e+02 6.098963227072817794e-01
3.590000000000000000e+02 6.088400437437360146e-01
3.600000000000000000e+02 6.077864250844119409e-01
3.610000000000000000e+02 6.067354635215380654e-01
3.620000000000000000e+02 6.056871834154264889e-01
3.630000000000000000e+02 6.046415894968900639e-01
3.640000000000000000e+02 6.035987007184059339e-01
3.650000000000000000e+02 6.025585133863583520e-01
3.660000000000000000e+02 6.015210448325168935e-01
3.670000000000000000e+02 6.004862933795441782e-01
3.680000000000000000e+02 5.994542723717888322e-01
3.690000000000000000e+02 5.984249850400216175e-01
3.700000000000000000e+02 5.973984290466987090e-01
3.710000000000000000e+02 5.963746146207410392e-01
3.720000000000000000e+02 5.953535399325865507e-01
3.730000000000000000e+02 5.943351988124280227e-01
3.740000000000000000e+02 5.933196030594348747e-01
3.750000000000000000e+02 5.923067367746057688e-01
3.760000000000000000e+02 5.912966045197136644e-01
3.770000000000000000e+02 5.902891977234273613e-01
3.780000000000000000e+02 5.892845153423231785e-01
3.790000000000000000e+02 5.882825507060052139e-01
3.800000000000000000e+02 5.872832842301112244e-01
3.810000000000000000e+02 5.862867173925458975e-01
3.820000000000000000e+02 5.852928328311471917e-01
3.830000000000000000e+02 5.843016262372293657e-01
3.840000000000000000e+02 5.833130807689664854e-01
3.850000000000000000e+02 5.823271799450693287e-01
3.860000000000000000e+02 5.813439111769356238e-01
3.870000000000000000e+02 5.803632556486650884e-01
3.880000000000000000e+02 5.793851877205693501e-01
3.890000000000000000e+02 5.784097028948558261e-01
3.900000000000000000e+02 5.774367771168293917e-01
3.910000000000000000e+02 5.764663863966791313e-01
3.920000000000000000e+02 5.754985040787531370e-01
3.930000000000000000e+02 5.745331092571089870e-01
3.940000000000000000e+02 5.735701850073596786e-01
3.950000000000000000e+02 5.726096983400098539e-01
3.960000000000000000e+02 5.716516237991552396e-01
3.970000000000000000e+02 5.706959412104336549e-01
3.980000000000000000e+02 5.697426216110419439e-01
3.990000000000000000e+02 5.687916242640772557e-01
4.000000000000000000e+02 5.678429281535759543e-01
4.010000000000000000e+02 5.668965028113708282e-01
4.020000000000000000e+02 5.659523201835335859e-01
4.030000000000000000e+02 5.650103421857441965e-01
4.040000000000000000e+02 5.640705403882511071e-01
4.050000000000000000e+02 5.631328832975016629e-01
4.060000000000000000e+02 5.621973366298795849e-01
4.070000000000000000e+02 5.612638641704409403e-01
4.080000000000000000e+02 5.603324376732184975e-01
4.090000000000000000e+02 5.594030208465723408e-01
4.100000000000000000e+02 5.584755699968867448e-01
4.110000000000000000e+02 5.575500659943889437e-01
4.120000000000000000e+02 5.566264625925763099e-01
4.130000000000000000e+02 5.557047270382667881e-01
4.140000000000000000e+02 5.547848369541021896e-01
4.150000000000000000e+02 5.538667388237619171e-01
4.160000000000000000e+02 5.529504006403885841e-01
4.170000000000000000e+02 5.520358036435442095e-01
4.180000000000000000e+02 5.511228971385299102e-01
4.190000000000000000e+02 5.502116484571154542e-01
4.200000000000000000e+02 5.493020229451834879e-01
4.210000000000000000e+02 5.483940018791774174e-01
4.220000000000000000e+02 5.474875392583302691e-01
4.230000000000000000e+02 5.465825938681496687e-01
4.240000000000000000e+02 5.456791483464739079e-01
4.250000000000000000e+02 5.447771665760253734e-01
4.260000000000000000e+02 5.438766173738710519e-01
4.270000000000000000e+02 5.429774694688902503e-01
4.280000000000000000e+02 5.420796910536577196e-01
4.290000000000000000e+02 5.411832600351988987e-01
4.300000000000000000e+02 5.402881331207912696e-01
4.310000000000000000e+02 5.393942999714927966e-01
4.320000000000000000e+02 5.385017320861789081e-01
4.330000000000000000e+02 5.376103908881956217e-01
4.340000000000000000e+02 5.367202516836117043e-01
4.350000000000000000e+02 5.358313086038180018e-01
4.360000000000000000e+02 5.349435265171080811e-01
4.370000000000000000e+02 5.340568791141654392e-01
4.380000000000000000e+02 5.331713585183570636e-01
4.390000000000000000e+02 5.322869366211967490e-01
4.400000000000000000e+02 5.314035939675476605e-01
4.410000000000000000e+02 5.305213238805247533e-01
4.420000000000000000e+02 5.296400960211861131e-01
4.430000000000000000e+02 5.287598994343531977e-01
4.440000000000000000e+02 5.278807289431828309e-01
4.450000000000000000e+02 5.270025588616835677e-01
4.460000000000000000e+02 5.261253802742594798e-01
4.470000000000000000e+02 5.252491864420741896e-01
4.480000000000000000e+02 5.243739683330215229e-01
4.490000000000000000e+02 5.234997229387625683e-01
4.500000000000000000e+02 5.226264350824542104e-01
4.510000000000000000e+02 5.217540976863177526e-01
4.520000000000000000e+02 5.208827168183945977e-01
4.530000000000000000e+02 5.200122779567261100e-01
4.540000000000000000e+02 5.191427773982745242e-01
4.550000000000000000e+02 5.182742287148233151e-01
4.560000000000000000e+02 5.174066210951634437e-01
4.570000000000000000e+02 5.165399593255705080e-01
4.580000000000000000e+02 5.156742398351650269e-01
4.590000000000000000e+02 5.148094674869180265e-01
4.600000000000000000e+02 5.139456486081845910e-01
4.610000000000000000e+02 5.130827971014344513e-01
4.620000000000000000e+02 5.122209029572459826e-01
4.630000000000000000e+02 5.113599833457417310e-01
4.640000000000000000e+02 5.105000443653555653e-01
4.650000000000000000e+02 5.096410987860838793e-01
4.660000000000000000e+02 5.087831482537045202e-01
4.670000000000000000e+02 5.079262050606249135e-01
4.680000000000000000e+02 5.070702822981060232e-01
4.690000000000000000e+02 5.062153968905349632e-01
4.700000000000000000e+02 5.053615590373440325e-01
4.710000000000000000e+02 5.045087800851834059e-01
4.720000000000000000e+02 5.036570665029882488e-01
4.730000000000000000e+02 5.028064589058283129e-01
4.740000000000000000e+02 5.019569352257990946e-01
4.750000000000000000e+02 5.011085405851850583e-01
4.760000000000000000e+02 5.002612751161443772e-01
4.770000000000000000e+02 4.994151647029346219e-01
4.780000000000000000e+02 4.985702230760530318e-01
4.790000000000000000e+02 4.977264624910253121e-01
4.800000000000000000e+02 4.968839113628583659e-01
4.810000000000000000e+02 4.960425811851053024e-01
4.820000000000000000e+02 4.952024800116936465e-01
4.830000000000000000e+02 4.943636410807873971e-01
4.840000000000000000e+02 4.935260694105158552e-01
4.850000000000000000e+02 4.926897938536608512e-01
4.860000000000000000e+02 4.918548308885788978e-01
4.870000000000000000e+02 4.910211954086338704e-01
4.880000000000000000e+02 4.901888997513695334e-01
4.890000000000000000e+02 4.893579705818594250e-01
4.900000000000000000e+02 4.885284288060460778e-01
4.910000000000000000e+02 4.877002810795811882e-01
4.920000000000000000e+02 4.868735463348754511e-01
4.930000000000000000e+02 4.860482418942765892e-01
4.940000000000000000e+02 4.852243951146236189e-01
4.950000000000000000e+02 4.844020105335239412e-01
4.960000000000000000e+02 4.835811037455285955e-01
4.970000000000000000e+02 4.827616961822391306e-01
4.980000000000000000e+02 4.819438129208033494e-01
4.990000000000000000e+02 4.811274460173142753e-01
5.000000000000000000e+02 4.803126161635380420e-01
5.010000000000000000e+02 4.794993557315102017e-01
5.020000000000000000e+02 4.786876536285714079e-01
5.030000000000000000e+02 4.778775340961335938e-01
5.040000000000000000e+02 4.770690127709522610e-01
5.050000000000000000e+02 4.762620905344429056e-01
5.060000000000000000e+02 4.754567891459607343e-01
5.070000000000000000e+02 4.746531078715359731e-01
5.080000000000000000e+02 4.738510789785056465e-01
5.090000000000000000e+02 4.730506853312389515e-01
5.100000000000000000e+02 4.722519497846833780e-01
5.110000000000000000e+02 4.714548756684429076e-01
5.120000000000000000e+02 4.706594762108987084e-01
5.130000000000000000e+02 4.698657451174783617e-01
5.140000000000000000e+02 4.690737042522356570e-01
5.150000000000000000e+02 4.682833545387901086e-01
5.160000000000000000e+02 4.674946923852916214e-01
5.170000000000000000e+02 4.667077295265685821e-01
5.180000000000000000e+02 4.659224693594987698e-01
5.190000000000000000e+02 4.651389203261882543e-01
5.200000000000000000e+02 4.643570741806697377e-01
5.210000000000000000e+02 4.635769351790995363e-01
5.220000000000000000e+02 4.627985051206472411e-01
5.230000000000000000e+02 4.620217911229056451e-01
5.240000000000000000e+02 4.612467885317576566e-01
5.250000000000000000e+02 4.604734931034015211e-01
5.260000000000000000e+02 4.597019125454300803e-01
5.270000000000000000e+02 4.589320294587998506e-01
5.280000000000000000e+02 4.581638662671725926e-01
5.290000000000000000e+02 4.573973935646472033e-01
5.300000000000000000e+02 4.566326286514345023e-01
5.310000000000000000e+02 4.558695588908625584e-01
5.320000000000000000e+02 4.551081788352827617e-01
5.330000000000000000e+02 4.543484907339943590e-01
5.340000000000000000e+02 4.535904834093866245e-01
5.350000000000000000e+02 4.528341638772866995e-01
5.360000000000000000e+02 4.520795071623126549e-01
5.370000000000000000e+02 4.513265186870429879e-01
5.380000000000000000e+02 4.505751913609840065e-01
5.390000000000000000e+02 4.498255193618296288e-01
5.400000000000000000e+02 4.490774910573800405e-01
5.410000000000000000e+02 4.483311031191974383e-01
5.420000000000000000e+02 4.475863459629196850e-01
5.430000000000000000e+02 4.468432157028914276e-01
5.440000000000000000e+02 4.461017034641935330e-01
5.450000000000000000e+02 4.453617968243308023e-01
5.460000000000000000e+02 4.446234924286291967e-01
5.470000000000000000e+02 4.438867798856171998e-01
5.480000000000000000e+02 4.431516512882694991e-01
5.490000000000000000e+02 4.424180994980225212e-01
5.500000000000000000e+02 4.416861065458995150e-01
5.510000000000000000e+02 4.409556715628394352e-01
5.520000000000000000e+02 4.402267877040840216e-01
5.530000000000000000e+02 4.394994428914026918e-01
5.540000000000000000e+02 4.387736164026371233e-01
5.550000000000000000e+02 4.380493207685369761e-01
5.560000000000000000e+02 4.373265384579005377e-01
5.570000000000000000e+02 4.366052547189442357e-01
5.580000000000000000e+02 4.358854602885707807e-01
5.590000000000000000e+02 4.351671570824597879e-01
5.600000000000000000e+02 4.344503166089083712e-01
5.610000000000000000e+02 4.337349458754883313e-01
5.620000000000000000e+02 4.330210386209524809e-01
5.630000000000000000e+02 4.323085623755985041e-01
5.640000000000000000e+02 4.315975396554319055e-01
5.650000000000000000e+02 4.308879385836833498e-01
5.660000000000000000e+02 4.301797563357979692e-01
5.670000000000000000e+02 4.294729833987868117e-01
5.680000000000000000e+02 4.287676200015705930e-01
5.690000000000000000e+02 4.280636413829441156e-01
5.700000000000000000e+02 4.273610547056370113e-01
5.710000000000000000e+02 4.266598480604585908e-01
5.720000000000000000e+02 4.259600001405727254e-01
5.730000000000000000e+02 4.252615161228227025e-01
5.740000000000000000e+02 4.245643830000359609e-01
5.750000000000000000e+02 4.238685940481201064e-01
5.760000000000000000e+02 4.231741402895279336e-01
5.770000000000000000e+02 4.224810126573006475e-01
5.780000000000000000e+02 4.217892057657411375e-01
5.790000000000000000e+02 4.210987090449160308e-01
5.800000000000000000e+02 4.204095158946361543e-01
5.810000000000000000e+02 4.197216227009140099e-01
5.820000000000000000e+02 4.190350106782417261e-01
5.830000000000000000e+02 4.183496863501128815e-01
5.840000000000000000e+02 4.176656281158859785e-01
5.850000000000000000e+02 4.169828433775374377e-01
5.860000000000000000e+02 4.163013115474569203e-01
5.870000000000000000e+02 4.156210328973123924e-01
5.880000000000000000e+02 4.149420024791815043e-01
5.890000000000000000e+02 4.142642077401773593e-01
5.900000000000000000e+02 4.135876339957904047e-01
5.910000000000000000e+02 4.129122852387644427e-01
5.920000000000000000e+02 4.122381571908059206e-01
5.930000000000000000e+02 4.115652371836839851e-01
5.940000000000000000e+02 4.108935197948201945e-01
5.950000000000000000e+02 4.102230019235315606e-01
5.960000000000000000e+02 4.095536589157008356e-01
5.970000000000000000e+02 4.088855048805817849e-01
5.980000000000000000e+02 4.082185261549511890e-01
5.990000000000000000e+02 4.075527084236338915e-01
6.000000000000000000e+02 4.068880545111849267e-01
6.010000000000000000e+02 4.062245575318651492e-01
6.020000000000000000e+02 4.055622016318097822e-01
6.030000000000000000e+02 4.049009862965481932e-01
6.040000000000000000e+02 4.042409053415288445e-01
6.050000000000000000e+02 4.035819596505573204e-01
6.060000000000000000e+02 4.029241291867518004e-01
6.070000000000000000e+02 4.022674130716296648e-01
6.080000000000000000e+02 4.016118009125528299e-01
6.090000000000000000e+02 4.009572939888975118e-01
6.100000000000000000e+02 4.003038719752997077e-01
6.110000000000000000e+02 3.996515460042328605e-01
6.120000000000000000e+02 3.990003057901473915e-01
6.130000000000000000e+02 3.983501284412141463e-01
6.140000000000000000e+02 3.977010310656042824e-01
6.150000000000000000e+02 3.970529893387210740e-01
6.160000000000000000e+02 3.964060055004418603e-01
6.170000000000000000e+02 3.957600763282509426e-01
6.180000000000000000e+02 3.951151800283012605e-01
6.190000000000000000e+02 3.944713341096575676e-01
6.200000000000000000e+02 3.938285148020079229e-01
6.210000000000000000e+02 3.931867315908816884e-01
6.220000000000000000e+02 3.925459604917905798e-01
6.230000000000000000e+02 3.919062136186799439e-01
6.240000000000000000e+02 3.912674698116166416e-01
6.250000000000000000e+02 3.906297370478326592e-01
6.260000000000000000e+02 3.899930010794268043e-01
6.270000000000000000e+02 3.893572629371072624e-01
6.280000000000000000e+02 3.887225228379833086e-01
6.290000000000000000e+02 3.880887655432603278e-01
6.300000000000000000e+02 3.874559918202336584e-01
6.310000000000000000e+02 3.868241943096742408e-01
6.320000000000000000e+02 3.861933801870269245e-01
6.330000000000000000e+02 3.855635276215633733e-01
6.340000000000000000e+02 3.849346548908096355e-01
6.350000000000000000e+02 3.843067420702953041e-01
6.360000000000000000e+02 3.836797967310363044e-01
6.370000000000000000e+02 3.830538029477945638e-01
6.380000000000000000e+02 3.824287719601321967e-01
6.390000000000000000e+02 3.818046929597733175e-01
6.400000000000000000e+02 3.811815760936203001e-01
6.410000000000000000e+02 3.805594073677632805e-01
6.420000000000000000e+02 3.799381927829694194e-01
6.430000000000000000e+02 3.793179291167232958e-01
6.440000000000000000e+02 3.786986187434501216e-01
6.450000000000000000e+02 3.780802529876631235e-01
6.460000000000000000e+02 3.774628430491100972e-01
6.470000000000000000e+02 3.768463811184321055e-01
6.480000000000000000e+02 3.762308743436146852e-01
6.490000000000000000e+02 3.756163256468791900e-01
6.500000000000000000e+02 3.750027273353772617e-01
6.510000000000000000e+02 3.743900916395642153e-01
6.520000000000000000e+02 3.737784136817248193e-01
6.530000000000000000e+02 3.731676995393221619e-01
6.540000000000000000e+02 3.725579538968658566e-01
6.550000000000000000e+02 3.719491745144784534e-01
6.560000000000000000e+02 3.713413734084390905e-01
6.570000000000000000e+02 3.707345446305099212e-01
6.580000000000000000e+02 3.701287053286765327e-01
6.590000000000000000e+02 3.695238490098378681e-01
6.600000000000000000e+02 3.689199877575468633e-01
6.610000000000000000e+02 3.683171195555247635e-01
6.620000000000000000e+02 3.677152591900466616e-01
6.630000000000000000e+02 3.671144150510498028e-01
6.640000000000000000e+02 3.665145815239159166e-01
6.650000000000000000e+02 3.659157761545911436e-01
6.660000000000000000e+02 3.653179967031979225e-01
6.670000000000000000e+02 3.647212652479668860e-01
6.680000000000000000e+02 3.641255747480010019e-01
6.690000000000000000e+02 3.635309439268567533e-01
6.700000000000000000e+02 3.629373791779396119e-01
6.710000000000000000e+02 3.623448836523920913e-01
6.720000000000000000e+02 3.617534678897548761e-01
6.730000000000000000e+02 3.611631408277610755e-01
6.740000000000000000e+02 3.605739170355766743e-01
6.750000000000000000e+02 3.599857995121188980e-01
6.760000000000000000e+02 3.593988015501101696e-01
6.770000000000000000e+02 3.588129342790915000e-01
6.780000000000000000e+02 3.582282112457761403e-01
6.790000000000000000e+02 3.576446313796418641e-01
6.800000000000000000e+02 3.570622064429768150e-01
6.810000000000000000e+02 3.564809605191022746e-01
6.820000000000000000e+02 3.559008855623458367e-01
6.830000000000000000e+02 3.553220090558394384e-01
6.840000000000000000e+02 3.547443270549091587e-01
6.850000000000000000e+02 3.541678615950382136e-01
6.860000000000000000e+02 3.535926208864788589e-01
6.870000000000000000e+02 3.530186075576474125e-01
6.880000000000000000e+02 3.524458347859225071e-01
6.890000000000000000e+02 3.518743136020123230e-01
6.900000000000000000e+02 3.513040719046865434e-01
6.910000000000000000e+02 3.507350898408478912e-01
6.920000000000000000e+02 3.501673936717433211e-01
6.930000000000000000e+02 3.496009905728182376e-01
6.940000000000000000e+02 3.490358943061286912e-01
6.950000000000000000e+02 3.484721121718852288e-01
6.960000000000000000e+02 3.479096457993552938e-01
6.970000000000000000e+02 3.473485170275226741e-01
6.980000000000000000e+02 3.467887244949926506e-01
6.990000000000000000e+02 3.462302885324521351e-01
7.000000000000000000e+02 3.456732031612707590e-01
7.010000000000000000e+02 3.451174858601205875e-01
7.020000000000000000e+02 3.445631363971478622e-01
7.030000000000000000e+02 3.440101788786735226e-01
7.040000000000000000e+02 3.434586061292526082e-01
7.050000000000000000e+02 3.429084253558890016e-01
7.060000000000000000e+02 3.423596444352154378e-01
7.070000000000000000e+02 3.418122704754028574e-01
7.080000000000000000e+02 3.412663193368051240e-01
7.090000000000000000e+02 3.407217765122076414e-01
7.100000000000000000e+02 3.401786579017784251e-01
7.110000000000000000e+02 3.396369683738111322e-01
7.120000000000000000e+02 3.390967080448157867e-01
7.130000000000000000e+02 3.385578906821714029e-01
7.140000000000000000e+02 3.380205022341155052e-01
7.150000000000000000e+02 3.374845569760089314e-01
7.160000000000000000e+02 3.369500629313867957e-01
7.170000000000000000e+02 3.364170039923936595e-01
7.180000000000000000e+02 3.358853946662438417e-01
7.190000000000000000e+02 3.353552280232278693e-01
7.200000000000000000e+02 3.348265124311456398e-01
7.210000000000000000e+02 3.342992482920569275e-01
7.220000000000000000e+02 3.337734212111581611e-01
7.230000000000000000e+02 3.332490497293882914e-01
7.240000000000000000e+02 3.327261147674340780e-01
7.250000000000000000e+02 3.322046235048397023e-01
7.260000000000000000e+02 3.316845650011709945e-01
7.270000000000000000e+02 3.311659532105237780e-01
7.280000000000000000e+02 3.306487601187844128e-01
7.290000000000000000e+02 3.301330099791766060e-01
7.300000000000000000e+02 3.296186780001023053e-01
7.310000000000000000e+02 3.291057643337866323e-01
7.320000000000000000e+02 3.285942726130606228e-01
7.330000000000000000e+02 3.280841789605241643e-01
7.340000000000000000e+02 3.275754929752837663e-01
7.350000000000000000e+02 3.270682085892980262e-01
7.360000000000000000e+02 3.265623124027561830e-01
7.370000000000000000e+02 3.260577895075503219e-01
7.380000000000000000e+02 3.255546455581128651e-01
7.390000000000000000e+02 3.250528704473554242e-01
7.400000000000000000e+02 3.245524532664027517e-01
7.410000000000000000e+02 3.240533878705177395e-01
7.420000000000000000e+02 3.235556553671040669e-01
7.430000000000000000e+02 3.230592626103417908e-01
7.440000000000000000e+02 3.225641866381952494e-01
7.450000000000000000e+02 3.220704285978822634e-01
7.460000000000000000e+02 3.215779724517541793e-01
7.470000000000000000e+02 3.210868120521409019e-01
7.480000000000000000e+02 3.205969254308331795e-01
7.490000000000000000e+02 3.201083119276239564e-01
7.500000000000000000e+02 3.196209596563223121e-01
7.510000000000000000e+02 3.191348611107964750e-01
7.520000000000000000e+02 3.186499935830015007e-01
7.530000000000000000e+02 3.181663570876819280e-01
7.540000000000000000e+02 3.176839369736531582e-01
7.550000000000000000e+02 3.172027189626218657e-01
7.560000000000000000e+02 3.167226958844655549e-01
7.570000000000000000e+02 3.162438430576073878e-01
7.580000000000000000e+02 3.157661741107791187e-01
7.590000000000000000e+02 3.152896497534235509e-01
7.600000000000000000e+02 3.148142795079516554e-01
7.610000000000000000e+02 3.143400420675273033e-01
7.620000000000000000e+02 3.138669267005703700e-01
7.630000000000000000e+02 3.133949244776030318e-01
7.640000000000000000e+02 3.129240136141999695e-01
7.650000000000000000e+02 3.124541916164930710e-01
7.660000000000000000e+02 3.119854474345699624e-01
7.670000000000000000e+02 3.115177701501335994e-01
7.680000000000000000e+02 3.110511445022521304e-01
7.690000000000000000e+02 3.105855574468714964e-01
7.700000000000000000e+02 3.101210068290654043e-01
7.710000000000000000e+02 3.096574679327653845e-01
7.720000000000000000e+02 3.091949414128558060e-01
7.730000000000000000e+02 3.087334131777602075e-01
7.740000000000000000e+02 3.082728678815953027e-01
7.750000000000000000e+02 3.078133100619683815e-01
7.760000000000000000e+02 3.073547156273025993e-01
7.770000000000000000e+02 3.068970764469744483e-01
7.780000000000000000e+02 3.064403868444143808e-01
7.790000000000000000e+02 3.059846314339251250e-01
7.800000000000000000e+02 3.055298128562775051e-01
7.810000000000000000e+02 3.050759067564822180e-01
7.820000000000000000e+02 3.046229173110671651e-01
7.830000000000000000e+02 3.041708285443347481e-01
7.840000000000000000e+02 3.037196355166183470e-01
7.850000000000000000e+02 3.032693301371084393e-01
7.860000000000000000e+02 3.028199015892739099e-01
7.870000000000000000e+02 3.023713453741556090e-01
7.880000000000000000e+02 3.019236569447246721e-01
7.890000000000000000e+02 3.014768207713141579e-01
7.900000000000000000e+02 3.010308398979782973e-01
7.910000000000000000e+02 3.005856995885815564e-01
7.920000000000000000e+02 3.001413951270554548e-01
7.930000000000000000e+02 2.996979270119600192e-01
7.940000000000000000e+02 2.992552824679764467e-01
7.950000000000000000e+02 2.988134572324594451e-01
7.960000000000000000e+02 2.983724611983205599e-01
7.970000000000000000e+02 2.979322604114640893e-01
7.980000000000000000e+02 2.974928759247351673e-01
7.990000000000000000e+02 2.970542859389641577e-01
8.000000000000000000e+02 2.966165021766248855e-01
8.010000000000000000e+02 2.961795046681098831e-01
8.020000000000000000e+02 2.957433073979075511e-01
8.030000000000000000e+02 2.953078913967256969e-01
8.040000000000000000e+02 2.948732661722309190e-01
8.050000000000000000e+02 2.944394100470861253e-01
8.060000000000000000e+02 2.940063457514733858e-01
8.070000000000000000e+02 2.935740513844574684e-01
8.080000000000000000e+02 2.931425259855372500e-01
8.090000000000000000e+02 2.927117829545233807e-01
8.100000000000000000e+02 2.922818043351547712e-01
8.110000000000000000e+02 2.918525955131284766e-01
8.120000000000000000e+02 2.914241509809147868e-01
8.130000000000000000e+02 2.909964764906127210e-01
8.140000000000000000e+02 2.905695667582907094e-01
8.150000000000000000e+02 2.901434172673125755e-01
8.160000000000000000e+02 2.897180286023559037e-01
8.170000000000000000e+02 2.892934102858314427e-01
8.180000000000000000e+02 2.888695475019751879e-01
8.190000000000000000e+02 2.884464468415546823e-01
8.200000000000000000e+02 2.880241090759643741e-01
8.210000000000000000e+02 2.876025331252602402e-01
8.220000000000000000e+02 2.871817119210856584e-01
8.230000000000000000e+02 2.867616613845792584e-01
8.240000000000000000e+02 2.863423705552400333e-01
8.250000000000000000e+02 2.859238305006573388e-01
8.260000000000000000e+02 2.855060618978528253e-01
8.270000000000000000e+02 2.850890492540408827e-01
8.280000000000000000e+02 2.846728091148522100e-01
8.290000000000000000e+02 2.842573255718634506e-01
8.300000000000000000e+02 2.838426069079232894e-01
8.310000000000000000e+02 2.834286495164372588e-01
8.320000000000000000e+02 2.830154671730396587e-01
8.330000000000000000e+02 2.826030390243177148e-01
8.340000000000000000e+02 2.821913797834070814e-01
8.350000000000000000e+02 2.817804939206408066e-01
8.360000000000000000e+02 2.813703750196135944e-01
8.370000000000000000e+02 2.809610193719653815e-01
8.380000000000000000e+02 2.805524376296475997e-01
8.390000000000000000e+02 2.801446292026602558e-01
8.400000000000000000e+02 2.797375876347837353e-01
8.410000000000000000e+02 2.793313201412775393e-01
8.420000000000000000e+02 2.789258285832625917e-01
8.430000000000000000e+02 2.785210986677012501e-01
8.440000000000000000e+02 2.781171515639483949e-01
8.450000000000000000e+02 2.777139796411070005e-01
8.460000000000000000e+02 2.773115818737916793e-01
8.470000000000000000e+02 2.769099588413574398e-01
8.480000000000000000e+02 2.765091120795613033e-01
8.490000000000000000e+02 2.761090404107925944e-01
8.500000000000000000e+02 2.757097450294765939e-01
8.510000000000000000e+02 2.753112263483182276e-01
8.520000000000000000e+02 2.749134956688308318e-01
8.530000000000000000e+02 2.745165325901211539e-01
8.540000000000000000e+02 2.741203427489442568e-01
8.550000000000000000e+02 2.737249361399777814e-01
8.560000000000000000e+02 2.733303079223876608e-01
8.570000000000000000e+02 2.729364546512262901e-01
8.580000000000000000e+02 2.725433775631229127e-01
8.590000000000000000e+02 2.721510803213008645e-01
8.600000000000000000e+02 2.717595509094811734e-01
8.610000000000000000e+02 2.713688047354982369e-01
8.620000000000000000e+02 2.709788272670676235e-01
8.630000000000000000e+02 2.705896280528364284e-01
8.640000000000000000e+02 2.702011942682496781e-01
8.650000000000000000e+02 2.698135387747438441e-01
8.660000000000000000e+02 2.694266465025639823e-01
8.670000000000000000e+02 2.690405282998004077e-01
8.680000000000000000e+02 2.686551727348515661e-01
8.690000000000000000e+02 2.682705837922059189e-01
8.700000000000000000e+02 2.678867607098907033e-01
8.710000000000000000e+02 2.675036981588375662e-01
8.720000000000000000e+02 2.671213940608161419e-01
8.730000000000000000e+02 2.667398484473852416e-01
8.740000000000000000e+02 2.663590569184187129e-01
8.750000000000000000e+02 2.659790240525042315e-01
8.760000000000000000e+02 2.655997327016565435e-01
8.770000000000000000e+02 2.652211948066251490e-01
8.780000000000000000e+02 2.648433977664536032e-01
8.790000000000000000e+02 2.644663408811204763e-01
8.800000000000000000e+02 2.640900152830995551e-01
8.810000000000000000e+02 2.637144336869246541e-01
8.820000000000000000e+02 2.633395699699958015e-01
8.830000000000000000e+02 2.629654459261598909e-01
8.840000000000000000e+02 2.625920351390119700e-01
8.850000000000000000e+02 2.622193478719646031e-01
8.860000000000000000e+02 2.618473680696917771e-01
8.870000000000000000e+02 2.614761034344639246e-01
8.880000000000000000e+02 2.611055376569641484e-01
8.890000000000000000e+02 2.607356703707906509e-01
8.900000000000000000e+02 2.603664952046753078e-01
8.910000000000000000e+02 2.599980102839190010e-01
8.920000000000000000e+02 2.596302110709146627e-01
8.930000000000000000e+02 2.592630839024389067e-01
8.940000000000000000e+02 2.588966277424613605e-01
8.950000000000000000e+02 2.585308329668054572e-01
8.960000000000000000e+02 2.581657023150749630e-01
8.970000000000000000e+02 2.578012164568986853e-01
8.980000000000000000e+02 2.574373818623778010e-01
8.990000000000000000e+02 2.570741788306400988e-01
9.000000000000000000e+02 2.567116031096283169e-01
9.010000000000000000e+02 2.563496501605692091e-01
9.020000000000000000e+02 2.559883143753334256e-01
9.030000000000000000e+02 2.556275837405747597e-01
9.040000000000000000e+02 2.552674507472287857e-01
9.050000000000000000e+02 2.549079056891007111e-01
9.060000000000000000e+02 2.545489430282680265e-01
9.070000000000000000e+02 2.541905535783292591e-01
9.080000000000000000e+02 2.538327221801183753e-01
9.090000000000000000e+02 2.534754488557726115e-01
9.100000000000000000e+02 2.531187126595350612e-01
9.110000000000000000e+02 2.527625209231751935e-01
9.120000000000000000e+02 2.524068468996011338e-01
9.130000000000000000e+02 2.520516866043245874e-01
9.140000000000000000e+02 2.516970266994861816e-01
9.150000000000000000e+02 2.513428645074337053e-01
9.160000000000000000e+02 2.509891813222875911e-01
9.170000000000000000e+02 2.506359726339005833e-01
9.180000000000000000e+02 2.502832234205875639e-01
9.190000000000000000e+02 2.499309129203757252e-01
9.200000000000000000e+02 2.495790527088363187e-01
9.210000000000000000e+02 2.492276112502124774e-01
9.220000000000000000e+02 2.488765809189295297e-01
9.230000000000000000e+02 2.485259542539925703e-01
9.240000000000000000e+02 2.481757120542558981e-01
9.250000000000000000e+02 2.478258538515519249e-01
9.260000000000000000e+02 2.474763501591850101e-01
9.270000000000000000e+02 2.471272047872812294e-01
9.280000000000000000e+02 2.467783882860263289e-01
9.290000000000000000e+02 2.464298997798704816e-01
9.300000000000000000e+02 2.460817211750714606e-01
9.310000000000000000e+02 2.457338470186581081e-01
9.320000000000000000e+02 2.453862479708373012e-01
9.330000000000000000e+02 2.450389337378039156e-01
9.340000000000000000e+02 2.446918675503289842e-01
9.350000000000000000e+02 2.443450417553780507e-01
9.360000000000000000e+02 2.439984479957965080e-01
9.370000000000000000e+02 2.436520734647064645e-01
9.380000000000000000e+02 2.433058958151421702e-01
9.390000000000000000e+02 2.429599079073738455e-01
9.400000000000000000e+02 2.426140975109457032e-01
9.410000000000000000e+02 2.422684433851294561e-01
9.420000000000000000e+02 2.419229309525038341e-01
9.430000000000000000e+02 2.415775594047929464e-01
9.440000000000000000e+02 2.412322955342253161e-01
9.450000000000000000e+02 2.408871446468697497e-01
9.460000000000000000e+02 2.405420705938898784e-01
9.470000000000000000e+02 2.401970790916695964e-01
9.480000000000000000e+02 2.398521472935167820e-01
9.490000000000000000e+02 2.395072640973502920e-01
9.500000000000000000e+02 2.391624148941900174e-01
9.510000000000000000e+02 2.388175773768844989e-01
9.520000000000000000e+02 2.384727554732932464e-01
9.530000000000000000e+02 2.381279204681149841e-01
9.540000000000000000e+02 2.377830614828669864e-01
9.550000000000000000e+02 2.374381692942663657e-01
9.560000000000000000e+02 2.370932329471344968e-01
9.570000000000000000e+02 2.367482338480027815e-01
9.580000000000000000e+02 2.364031571958517819e-01
9.590000000000000000e+02 2.360579935437999433e-01
9.600000000000000000e+02 2.357127337358383978e-01
9.610000000000000000e+02 2.353673555497668712e-01
9.620000000000000000e+02 2.350218612529225148e-01
9.630000000000000000e+02 2.346762253209607463e-01
9.640000000000000000e+02 2.343304437295791187e-01
9.650000000000000000e+02 2.339844993706064746e-01
9.660000000000000000e+02 2.336383797982443111e-01
9.670000000000000000e+02 2.332920880565466093e-01
9.680000000000000000e+02 2.329455955741820405e-01
9.690000000000000000e+02 2.325988983297808121e-01
9.700000000000000000e+02 2.322519927368152381e-01
9.710000000000000000e+02 2.319048601472581961e-01
9.720000000000000000e+02 2.315574967235239368e-01
9.730000000000000000e+02 2.312098856565691918e-01
9.740000000000000000e+02 2.308620245994282560e-01
9.750000000000000000e+02 2.305139083982576387e-01
9.760000000000000000e+02 2.301655188826194909e-01
9.770000000000000000e+02 2.298168479587716639e-01
9.780000000000000000e+02 2.294678976828074535e-01
9.790000000000000000e+02 2.291186465517521809e-01
9.800000000000000000e+02 2.287691024504940607e-01
9.810000000000000000e+02 2.284192513095935073e-01
9.820000000000000000e+02 2.280690855831044861e-01
9.830000000000000000e+02 2.277186020538339017e-01
9.840000000000000000e+02 2.273677906913893210e-01
9.850000000000000000e+02 2.270166452964749448e-01
9.860000000000000000e+02 2.266651744457447992e-01
9.870000000000000000e+02 2.263133593138764166e-01
9.880000000000000000e+02 2.259611981415146909e-01
9.890000000000000000e+02 2.256086931287225872e-01
9.900000000000000000e+02 2.252558379042318981e-01
9.910000000000000000e+02 2.249026185086241691e-01
9.920000000000000000e+02 2.245490500337914697e-01
9.930000000000000000e+02 2.241951117481536526e-01
9.940000000000000000e+02 2.238408217852670967e-01
9.950000000000000000e+02 2.234861688259412171e-01
9.960000000000000000e+02 2.231311397892404846e-01
9.970000000000000000e+02 2.227757498741451403e-01
9.980000000000000000e+02 2.224199935205957712e-01
9.990000000000000000e+02 2.220638688896084401e-01
1.000000000000000000e+03 2.217073803361723772e-01
1.001000000000000000e+03 2.213505236522009256e-01
1.002000000000000000e+03 2.209932940313519834e-01
1.003000000000000000e+03 2.206357039276793941e-01
1.004000000000000000e+03 2.202777481422028005e-01
1.005000000000000000e+03 2.199194363757945581e-01
1.006000000000000000e+03 2.195607562047931505e-01
1.007000000000000000e+03 2.192017225015913673e-01
1.008000000000000000e+03 2.188423266181622195e-01
1.009000000000000000e+03 2.184825852962749004e-01
1.010000000000000000e+03 2.181224940508520727e-01
1.011000000000000000e+03 2.177620496289855989e-01
1.012000000000000000e+03 2.174012641089059783e-01
1.013000000000000000e+03 2.170401333140852818e-01
1.014000000000000000e+03 2.166786769085144171e-01
1.015000000000000000e+03 2.163168822912368006e-01
1.016000000000000000e+03 2.159547650568036103e-01
1.017000000000000000e+03 2.155923244683122242e-01
1.018000000000000000e+03 2.152295630869048570e-01
1.019000000000000000e+03 2.148664922288392731e-01
1.020000000000000000e+03 2.145031162741747599e-01
1.021000000000000000e+03 2.141394340231635718e-01
1.022000000000000000e+03 2.137754619762995967e-01
1.023000000000000000e+03 2.134111968806746140e-01
1.024000000000000000e+03 2.130466459010885438e-01
1.025000000000000000e+03 2.126818175743810102e-01
1.026000000000000000e+03 2.123167167183863113e-01
1.027000000000000000e+03 2.119513453189909025e-01
1.028000000000000000e+03 2.115857151154832139e-01
1.029000000000000000e+03 2.112198333629368707e-01
1.030000000000000000e+03 2.108537060936781227e-01
1.031000000000000000e+03 2.104873338923845816e-01
1.032000000000000000e+03 2.101207248076614187e-01
1.033000000000000000e+03 2.097538908926692147e-01
1.034000000000000000e+03 2.093868380579015642e-01
1.035000000000000000e+03 2.090195620648792885e-01
1.036000000000000000e+03 2.086520837071338674e-01
1.037000000000000000e+03 2.082844034475103967e-01
1.038000000000000000e+03 2.079165231249926749e-01
1.039000000000000000e+03 2.075484607032348494e-01
1.040000000000000000e+03 2.071802124119251354e-01
1.041000000000000000e+03 2.068117850999212637e-01
1.042000000000000000e+03 2.064431855984034669e-01
1.043000000000000000e+03 2.060744318542114262e-01
1.044000000000000000e+03 2.057055152906910878e-01
1.045000000000000000e+03 2.053364541853688052e-01
1.046000000000000000e+03 2.049672381172839841e-01
1.047000000000000000e+03 2.045978975640260766e-01
1.048000000000000000e+03 2.042284147929320504e-01
1.049000000000000000e+03 2.038588054383675685e-01
1.050000000000000000e+03 2.034890824142987220e-01
1.051000000000000000e+03 2.031192378535145726e-01
1.052000000000000000e+03 2.027492810863863737e-01
1.053000000000000000e+03 2.023792298677142276e-01
1.054000000000000000e+03 2.020090684507217238e-01
1.055000000000000000e+03 2.016388231217260130e-01
1.056000000000000000e+03 2.012684898564244262e-01
1.057000000000000000e+03 2.008980667706962431e-01
1.058000000000000000e+03 2.005275706431922378e-01
1.059000000000000000e+03 2.001569989033483155e-01
1.060000000000000000e+03 1.997863605204567017e-01
1.061000000000000000e+03 1.994156539189460287e-01
1.062000000000000000e+03 1.990448880282941480e-01
1.063000000000000000e+03 1.986740684483749020e-01
1.064000000000000000e+03 1.983031908955721623e-01
1.065000000000000000e+03 1.979322715146231149e-01
1.066000000000000000e+03 1.975613033442592259e-01
1.067000000000000000e+03 1.971902999008014468e-01
1.068000000000000000e+03 1.968192512117094006e-01
1.069000000000000000e+03 1.964481763259037783e-01
1.070000000000000000e+03 1.960770695638821559e-01
1.071000000000000000e+03 1.957059293102590691e-01
1.072000000000000000e+03 1.953347743874239151e-01
1.073000000000000000e+03 1.949635920504504127e-01
1.074000000000000000e+03 1.945923926972991658e-01
1.075000000000000000e+03 1.942211788189057431e-01
1.076000000000000000e+03 1.938499514061637619e-01
1.077000000000000000e+03 1.934787163843110225e-01
1.078000000000000000e+03 1.931074661425174754e-01
1.079000000000000000e+03 1.927362143345845991e-01
1.080000000000000000e+03 1.923649508903056693e-01
1.081000000000000000e+03 1.919936957698663849e-01
1.082000000000000000e+03 1.916224424949101446e-01
1.083000000000000000e+03 1.912511924887829451e-01
1.084000000000000000e+03 1.908799415802795996e-01
1.085000000000000000e+03 1.905086953294596874e-01
1.086000000000000000e+03 1.901374587978226782e-01
1.087000000000000000e+03 1.897662316600045029e-01
1.088000000000000000e+03 1.893950156302235399e-01
1.089000000000000000e+03 1.890238175228456385e-01
1.090000000000000000e+03 1.886526324748996897e-01
1.091000000000000000e+03 1.882814626014977510e-01
1.092000000000000000e+03 1.879103088684632994e-01
1.093000000000000000e+03 1.875391734979967029e-01
1.094000000000000000e+03 1.871680663210581741e-01
1.095000000000000000e+03 1.867969745101599743e-01
1.096000000000000000e+03 1.864259078511254775e-01
1.097000000000000000e+03 1.860548726807312592e-01
1.098000000000000000e+03 1.856838619330102857e-01
1.099000000000000000e+03 1.853128810334741527e-01
1.100000000000000000e+03 1.849419235312259047e-01
1.101000000000000000e+03 1.845710038715285828e-01
1.102000000000000000e+03 1.842001245001808618e-01
1.103000000000000000e+03 1.838292729684512239e-01
1.104000000000000000e+03 1.834584572285017923e-01
1.105000000000000000e+03 1.830876811326626330e-01
1.106000000000000000e+03 1.827169519330745229e-01
1.107000000000000000e+03 1.823462639133536789e-01
1.108000000000000000e+03 1.819756192086787738e-01
1.109000000000000000e+03 1.816050208577814906e-01
1.110000000000000000e+03 1.812344759343410272e-01
1.111000000000000000e+03 1.808639787682768119e-01
1.112000000000000000e+03 1.804935415502301188e-01
1.113000000000000000e+03 1.801231504794966742e-01
1.114000000000000000e+03 1.797528194441217197e-01
1.115000000000000000e+03 1.793825570523180091e-01
1.116000000000000000e+03 1.790123564950423518e-01
1.117000000000000000e+03 1.786422188000698075e-01
1.118000000000000000e+03 1.782721448512057105e-01
1.119000000000000000e+03 1.779021547157240979e-01
1.120000000000000000e+03 1.775322351156468637e-01
1.121000000000000000e+03 1.771623927036928836e-01
1.122000000000000000e+03 1.767926284855000918e-01
1.123000000000000000e+03 1.764229487978451194e-01
1.124000000000000000e+03 1.760533539316003759e-01
1.125000000000000000e+03 1.756838522094288646e-01
1.126000000000000000e+03 1.753144453139900971e-01
1.127000000000000000e+03 1.749451383823130146e-01
1.128000000000000000e+03 1.745759283358517266e-01
1.129000000000000000e+03 1.742068300125073355e-01
1.130000000000000000e+03 1.738378339653985916e-01
1.131000000000000000e+03 1.734689487009725695e-01
1.132000000000000000e+03 1.731001838089139544e-01
1.133000000000000000e+03 1.727315353047345625e-01
1.134000000000000000e+03 1.723630085343171581e-01
1.135000000000000000e+03 1.719946183408855855e-01
1.136000000000000000e+03 1.716263522335043090e-01
1.137000000000000000e+03 1.712582247866618335e-01
1.138000000000000000e+03 1.708902327925868048e-01
1.139000000000000000e+03 1.705223938591767241e-01
1.140000000000000000e+03 1.701547016603001672e-01
1.141000000000000000e+03 1.697871642896991995e-01
1.142000000000000000e+03 1.694197798381831266e-01
1.143000000000000000e+03 1.690525505140704765e-01
1.144000000000000000e+03 1.686855017001255563e-01
1.145000000000000000e+03 1.683186126278868044e-01
1.146000000000000000e+03 1.679518998577291533e-01
1.147000000000000000e+03 1.675853636834578053e-01
1.148000000000000000e+03 1.672190157877322114e-01
1.149000000000000000e+03 1.668528488482047267e-01
1.150000000000000000e+03 1.664868789107796510e-01
1.151000000000000000e+03 1.661211065601344850e-01
1.152000000000000000e+03 1.657555276279968071e-01
1.153000000000000000e+03 1.653901664295415741e-01
1.154000000000000000e+03 1.650249988637705334e-01
1.155000000000000000e+03 1.646600448634095437e-01
1.156000000000000000e+03 1.642953077211811164e-01
1.157000000000000000e+03 1.639307943983537019e-01
1.158000000000000000e+03 1.635665031355719723e-01
1.159000000000000000e+03 1.632024378155585986e-01
1.160000000000000000e+03 1.628386066485656425e-01
1.161000000000000000e+03 1.624750064120775439e-01
1.162000000000000000e+03 1.621116535446366080e-01
1.163000000000000000e+03 1.617485325932715989e-01
1.164000000000000000e+03 1.613856621691281967e-01
1.165000000000000000e+03 1.610230412772135355e-01
1.166000000000000000e+03 1.606606668061994758e-01
1.167000000000000000e+03 1.602985523479363017e-01
1.168000000000000000e+03 1.599366955899499954e-01
1.169000000000000000e+03 1.595750903476891303e-01
1.170000000000000000e+03 1.592137552228777009e-01
1.171000000000000000e+03 1.588526867705679912e-01
1.172000000000000000e+03 1.584918857305956108e-01
1.173000000000000000e+03 1.581313573364325764e-01
1.174000000000000000e+03 1.577710989502409122e-01
1.175000000000000000e+03 1.574111120351809057e-01
1.176000000000000000e+03 1.570514037696303655e-01
1.177000000000000000e+03 1.566919703873768666e-01
1.178000000000000000e+03 1.563328190889353708e-01
1.179000000000000000e+03 1.559739542469723017e-01
1.180000000000000000e+03 1.556153638083272173e-01
1.181000000000000000e+03 1.552570606898990013e-01
1.182000000000000000e+03 1.548990370642910341e-01
1.183000000000000000e+03 1.545413066251192236e-01
1.184000000000000000e+03 1.541838650120717913e-01
1.185000000000000000e+03 1.538267011669809947e-01
1.186000000000000000e+03 1.534698287834628250e-01
1.187000000000000000e+03 1.531132381553224620e-01
1.188000000000000000e+03 1.527569464252226950e-01
1.189000000000000000e+03 1.524009366318949954e-01
1.190000000000000000e+03 1.520452130934473178e-01
1.191000000000000000e+03 1.516897855190071642e-01
1.192000000000000000e+03 1.513346419666015963e-01
1.193000000000000000e+03 1.509797840820086556e-01
1.194000000000000000e+03 1.506252138457921941e-01
1.195000000000000000e+03 1.502709262678259827e-01
1.196000000000000000e+03 1.499169324186321595e-01
1.197000000000000000e+03 1.495632164242791384e-01
1.198000000000000000e+03 1.492097921400298288e-01
1.199000000000000000e+03 1.488566433760101781e-01
1.200000000000000000e+03 1.485037823573532589e-01
1.201000000000000000e+03 1.481511974013995370e-01
1.202000000000000000e+03 1.477988940407488350e-01
1.203000000000000000e+03 1.474468693384353712e-01
1.204000000000000000e+03 1.470951193748550601e-01
1.205000000000000000e+03 1.467436465736692841e-01
1.206000000000000000e+03 1.463924475601373065e-01
1.207000000000000000e+03 1.460415211197671204e-01
1.208000000000000000e+03 1.456908686484450210e-01
1.209000000000000000e+03 1.453404826002250017e-01
1.210000000000000000e+03 1.449903623851069301e-01
1.211000000000000000e+03 1.446405066815104612e-01
1.212000000000000000e+03 1.442909197824734646e-01
1.213000000000000000e+03 1.439415921906551932e-01
1.214000000000000000e+03 1.435925252674502273e-01
1.215000000000000000e+03 1.432437191544385924e-01
1.216000000000000000e+03 1.428951680281481118e-01
1.217000000000000000e+03 1.425468735753374627e-01
1.218000000000000000e+03 1.421988320507648618e-01
1.219000000000000000e+03 1.418510428393602585e-01
1.220000000000000000e+03 1.415035046195433077e-01
1.221000000000000000e+03 1.411562083768850562e-01
1.222000000000000000e+03 1.408091667890379040e-01
1.223000000000000000e+03 1.404623696324034388e-01
1.224000000000000000e+03 1.401158063936773501e-01
1.225000000000000000e+03 1.397694964881819879e-01
1.226000000000000000e+03 1.394234207545858861e-01
1.227000000000000000e+03 1.390775860470691572e-01
1.228000000000000000e+03 1.387319913349238376e-01
1.229000000000000000e+03 1.383866306875894681e-01
1.230000000000000000e+03 1.380415032212607140e-01
1.231000000000000000e+03 1.376966149116349292e-01
1.232000000000000000e+03 1.373519574360490270e-01
1.233000000000000000e+03 1.370075297018437110e-01
1.234000000000000000e+03 1.366633318161072363e-01
1.235000000000000000e+03 1.363193637788396306e-01
1.236000000000000000e+03 1.359756282278788975e-01
1.237000000000000000e+03 1.356321175774647669e-01
1.238000000000000000e+03 1.352888357501341454e-01
1.239000000000000000e+03 1.349457785693592149e-01
1.240000000000000000e+03 1.346029513863454818e-01
1.241000000000000000e+03 1.342603509703219622e-01
1.242000000000000000e+03 1.339179710969229387e-01
1.243000000000000000e+03 1.335758207805773645e-01
1.244000000000000000e+03 1.332338976743195069e-01
1.245000000000000000e+03 1.328921932068179990e-01
1.246000000000000000e+03 1.325507195383216763e-01
1.247000000000000000e+03 1.322094709220540676e-01
1.248000000000000000e+03 1.318684468406116084e-01
1.249000000000000000e+03 1.315276483615837599e-01
1.250000000000000000e+03 1.311870777523075626e-01
1.251000000000000000e+03 1.308467318271488711e-01
1.252000000000000000e+03 1.305066120147763131e-01
1.253000000000000000e+03 1.301667202214478181e-01
1.254000000000000000e+03 1.298270627839399338e-01
1.255000000000000000e+03 1.294876285299646768e-01
1.256000000000000000e+03 1.291484244207905252e-01
1.257000000000000000e+03 1.288094562453979963e-01
1.258000000000000000e+03 1.284707139639727214e-01
1.259000000000000000e+03 1.281322106205688705e-01
1.260000000000000000e+03 1.277939379745417492e-01
1.261000000000000000e+03 1.274559001626048294e-01
1.262000000000000000e+03 1.271181013981674268e-01
1.263000000000000000e+03 1.267805370324349978e-01
1.264000000000000000e+03 1.264432166246998168e-01
1.265000000000000000e+03 1.261061366586410104e-01
1.266000000000000000e+03 1.257692926692481616e-01
1.267000000000000000e+03 1.254326970707610178e-01
1.268000000000000000e+03 1.250963450674824062e-01
1.269000000000000000e+03 1.247602420052953687e-01
1.270000000000000000e+03 1.244243850345749386e-01
1.271000000000000000e+03 1.240887821694346138e-01
1.272000000000000000e+03 1.237534237458837311e-01
1.273000000000000000e+03 1.234183237537331418e-01
1.274000000000000000e+03 1.230834786462694647e-01
1.275000000000000000e+03 1.227488845735524581e-01
1.276000000000000000e+03 1.224145538427334340e-01
1.277000000000000000e+03 1.220804870438125939e-01
1.278000000000000000e+03 1.217466778055216053e-01
1.279000000000000000e+03 1.214131337410805228e-01
1.280000000000000000e+03 1.210798534271432941e-01
1.281000000000000000e+03 1.207468432373679651e-01
1.282000000000000000e+03 1.204141048942283659e-01
1.283000000000000000e+03 1.200816367876615665e-01
1.284000000000000000e+03 1.197494441166478962e-01
1.285000000000000000e+03 1.194175231108756258e-01
1.286000000000000000e+03 1.190858802909054159e-01
1.287000000000000000e+03 1.187545173792110831e-01
1.288000000000000000e+03 1.184234395747729846e-01
1.289000000000000000e+03 1.180926398145568934e-01
1.290000000000000000e+03 1.177621258586855207e-01
1.291000000000000000e+03 1.174319022143732738e-01
1.292000000000000000e+03 1.171019671644688981e-01
1.293000000000000000e+03 1.167723218016318149e-01
1.294000000000000000e+03 1.164429724322460363e-01
1.295000000000000000e+03 1.161139186858106132e-01
1.296000000000000000e+03 1.157851580011832610e-01
1.297000000000000000e+03 1.154566965682379681e-01
1.298000000000000000e+03 1.151285383041890514e-01
1.299000000000000000e+03 1.148006845306168283e-01
1.300000000000000000e+03 1.144731322087897130e-01
1.301000000000000000e+03 1.141458920304736363e-01
1.302000000000000000e+03 1.138189611038396276e-01
1.303000000000000000e+03 1.134923398666626421e-01
1.304000000000000000e+03 1.131660356811046153e-01
1.305000000000000000e+03 1.128400433850667156e-01
1.306000000000000000e+03 1.125143711793793466e-01
1.307000000000000000e+03 1.121890188100516106e-01
1.308000000000000000e+03 1.118639893158150794e-01
1.309000000000000000e+03 1.115392857354012696e-01
1.310000000000000000e+03 1.112149076310352258e-01
1.311000000000000000e+03 1.108908616648576484e-01
1.312000000000000000e+03 1.105671449450395805e-01
1.313000000000000000e+03 1.102437657491071449e-01
1.314000000000000000e+03 1.099207195698459344e-01
1.315000000000000000e+03 1.095980173928270268e-01
1.316000000000000000e+03 1.092756543497567373e-01
1.317000000000000000e+03 1.089536370260799775e-01
1.318000000000000000e+03 1.086319649536292148e-01
1.319000000000000000e+03 1.083106447178494025e-01
1.320000000000000000e+03 1.079896776349982684e-01
1.321000000000000000e+03 1.076690654673639197e-01
1.322000000000000000e+03 1.073488183167120580e-01
1.323000000000000000e+03 1.070289259688661232e-01
1.324000000000000000e+03 1.067093970624314880e-01
1.325000000000000000e+03 1.063902410074080290e-01
1.326000000000000000e+03 1.060714553895560214e-01
1.327000000000000000e+03 1.057530440862755328e-01
1.328000000000000000e+03 1.054350126301663582e-01
1.329000000000000000e+03 1.051173548986285428e-01
1.330000000000000000e+03 1.048000901945736335e-01
1.331000000000000000e+03 1.044832063179385873e-01
1.332000000000000000e+03 1.041667222778297208e-01
1.333000000000000000e+03 1.038506263148917391e-01
1.334000000000000000e+03 1.035349371444258676e-01
1.335000000000000000e+03 1.032196490845398440e-01
1.336000000000000000e+03 1.029047698280823736e-01
1.337000000000000000e+03 1.025902984912480664e-01
1.338000000000000000e+03 1.022762460994222911e-01
1.339000000000000000e+03 1.019626087300681549e-01
1.340000000000000000e+03 1.016494003003999974e-01
1.341000000000000000e+03 1.013366163032033557e-01
1.342000000000000000e+03 1.010242714943610370e-01
1.343000000000000000e+03 1.007123580739360952e-01
1.344000000000000000e+03 1.004008883437573496e-01
1.345000000000000000e+03 1.000898649047814032e-01
1.346000000000000000e+03 9.977928932725688149e-02
1.347000000000000000e+03 9.946917223567564026e-02
1.348000000000000000e+03 9.915951776142867269e-02
1.349000000000000000e+03 9.885032334337361115e-02
1.350000000000000000e+03 9.854160315271573434e-02
1.351000000000000000e+03 9.823335557406952245e-02
1.352000000000000000e+03 9.792559148591774287e-02
1.353000000000000000e+03 9.761830868819734719e-02
1.354000000000000000e+03 9.731151619001464359e-02
1.355000000000000000e+03 9.700522120662900816e-02
1.356000000000000000e+03 9.669942300113770761e-02
1.357000000000000000e+03 9.639412691942370048e-02
1.358000000000000000e+03 9.608934614712108524e-02
1.359000000000000000e+03 9.578507837707850303e-02
1.360000000000000000e+03 9.548132675511583622e-02
1.361000000000000000e+03 9.517810505154482292e-02
1.362000000000000000e+03 9.487540964295629320e-02
1.363000000000000000e+03 9.457324964554489344e-02
1.364000000000000000e+03 9.427163055209625275e-02
1.365000000000000000e+03 9.397055466976167448e-02
1.366000000000000000e+03 9.367002895980963695e-02
1.367000000000000000e+03 9.337006048527432545e-02
1.368000000000000000e+03 9.307064522185309885e-02
1.369000000000000000e+03 9.277179426220535929e-02
1.370000000000000000e+03 9.247351489828617432e-02
1.371000000000000000e+03 9.217580899947201700e-02
1.372000000000000000e+03 9.187867740443134146e-02
1.373000000000000000e+03 9.158212678062739587e-02
1.374000000000000000e+03 9.128615987591932879e-02
1.375000000000000000e+03 9.099078698117955832e-02
1.376000000000000000e+03 9.069600938110690402e-02
1.377000000000000000e+03 9.040182982062773542e-02
1.378000000000000000e+03 9.010824980803923412e-02
1.379000000000000000e+03 8.981527750435755464e-02
1.380000000000000000e+03 8.952291397717208887e-02
1.381000000000000000e+03 8.923116428149341361e-02
1.382000000000000000e+03 8.894003032357938876e-02
1.383000000000000000e+03 8.864951697172369915e-02
1.384000000000000000e+03 8.835962734960901843e-02
1.385000000000000000e+03 8.807036141742113911e-02
1.386000000000000000e+03 8.778172682819430916e-02
1.387000000000000000e+03 8.749372131991402235e-02
1.388000000000000000e+03 8.720635038536581063e-02
1.389000000000000000e+03 8.691962010733535193e-02
1.390000000000000000e+03 8.663352195430557012e-02
1.391000000000000000e+03 8.634807083438442166e-02
1.392000000000000000e+03 8.606325953763510617e-02
1.393000000000000000e+03 8.577909590380884686e-02
1.394000000000000000e+03 8.549557297695975500e-02
1.395000000000000000e+03 8.521270064999952876e-02
1.396000000000000000e+03 8.493048247496412517e-02
1.397000000000000000e+03 8.464890725210579003e-02
1.398000000000000000e+03 8.436798974262994799e-02
1.399000000000000000e+03 8.408772215192221455e-02
1.400000000000000000e+03 8.380810477378779211e-02
1.401000000000000000e+03 8.352914672974388888e-02
1.402000000000000000e+03 8.325083795783908003e-02
1.403000000000000000e+03 8.297318149680489585e-02
1.404000000000000000e+03 8.269618749886650799e-02
1.405000000000000000e+03 8.241984003346343457e-02
1.406000000000000000e+03 8.214415324673085550e-02
1.407000000000000000e+03 8.186911592949937255e-02
1.408000000000000000e+03 8.159473424418325904e-02
1.409000000000000000e+03 8.132100196641675605e-02
1.410000000000000000e+03 8.104792305855107459e-02
1.411000000000000000e+03 8.077549653501513161e-02
1.412000000000000000e+03 8.050371573366821298e-02
1.413000000000000000e+03 8.023258996274446053e-02
1.414000000000000000e+03 7.996211058363848767e-02
1.415000000000000000e+03 7.969227617300421451e-02
1.416000000000000000e+03 7.942308603907573261e-02
1.417000000000000000e+03 7.915454081166753419e-02
1.418000000000000000e+03 7.888664063768216494e-02
1.419000000000000000e+03 7.861938021637353280e-02
1.420000000000000000e+03 7.835275247938489063e-02
1.421000000000000000e+03 7.808676835033588615e-02
1.422000000000000000e+03 7.782141709764632542e-02
1.423000000000000000e+03 7.755669708379354932e-02
1.424000000000000000e+03 7.729260757719731700e-02
1.425000000000000000e+03 7.702915037996012348e-02
1.426000000000000000e+03 7.676631670657388384e-02
1.427000000000000000e+03 7.650410842641504339e-02
1.428000000000000000e+03 7.624251997942402270e-02
1.429000000000000000e+03 7.598155690352323410e-02
1.430000000000000000e+03 7.572120923852695973e-02
1.431000000000000000e+03 7.546147614576670382e-02
1.432000000000000000e+03 7.520235682638824748e-02
1.433000000000000000e+03 7.494384534983113133e-02
1.434000000000000000e+03 7.468594553154390969e-02
1.435000000000000000e+03 7.442864814292102227e-02
1.436000000000000000e+03 7.417196102903625410e-02
1.437000000000000000e+03 7.391587166856161684e-02
1.438000000000000000e+03 7.366037936973120204e-02
1.439000000000000000e+03 7.340548673350158482e-02
1.440000000000000000e+03 7.315118732133046864e-02
1.441000000000000000e+03 7.289748044145194505e-02
1.442000000000000000e+03 7.264436177336842937e-02
1.443000000000000000e+03 7.239183253157192854e-02
1.444000000000000000e+03 7.213989080980456881e-02
1.445000000000000000e+03 7.188852947775813129e-02
1.446000000000000000e+03 7.163775230574433162e-02
1.447000000000000000e+03 7.138755267143677419e-02
1.448000000000000000e+03 7.113793189109320070e-02
1.449000000000000000e+03 7.088888088833324164e-02
1.450000000000000000e+03 7.064040981005947906e-02
1.451000000000000000e+03 7.039250613494392461e-02
1.452000000000000000e+03 7.014516997007486099e-02
1.453000000000000000e+03 6.989840286356378829e-02
1.454000000000000000e+03 6.965220345401611224e-02
1.455000000000000000e+03 6.940656314264069537e-02
1.456000000000000000e+03 6.916148972937447015e-02
1.457000000000000000e+03 6.891697314694342213e-02
1.458000000000000000e+03 6.867301595648982182e-02
1.459000000000000000e+03 6.842961318263170167e-02
1.460000000000000000e+03 6.818676507935994557e-02
1.461000000000000000e+03 6.794447703237181668e-02
1.462000000000000000e+03 6.770273589584742402e-02
1.463000000000000000e+03 6.746154181668934102e-02
1.464000000000000000e+03 6.722090307242380158e-02
1.465000000000000000e+03 6.698080760989030824e-02
1.466000000000000000e+03 6.674125752206362672e-02
1.467000000000000000e+03 6.650225075578325429e-02
1.468000000000000000e+03 6.626378789572680283e-02
1.469000000000000000e+03 6.602586825012836391e-02
1.470000000000000000e+03 6.578848569638798272e-02
1.471000000000000000e+03 6.555163792735425876e-02
1.472000000000000000e+03 6.531533483593891798e-02
1.473000000000000000e+03 6.507955956796178387e-02
1.474000000000000000e+03 6.484432054785164989e-02
1.475000000000000000e+03 6.460961195213632546e-02
1.476000000000000000e+03 6.437543322769716247e-02
1.477000000000000000e+03 6.414178404384744681e-02
1.478000000000000000e+03 6.390865949247924449e-02
1.479000000000000000e+03 6.367606506637807362e-02
1.480000000000000000e+03 6.344399013572954438e-02
1.481000000000000000e+03 6.321244140781115406e-02
1.482000000000000000e+03 6.298140972129140369e-02
1.483000000000000000e+03 6.275089576793618784e-02
1.484000000000000000e+03 6.252090053331656183e-02
1.485000000000000000e+03 6.229142141647595055e-02
1.486000000000000000e+03 6.206244914899452375e-02
1.487000000000000000e+03 6.183399247656602704e-02
1.488000000000000000e+03 6.160604359925347245e-02
1.489000000000000000e+03 6.137860148634899371e-02
1.490000000000000000e+03 6.115166320620932933e-02
1.491000000000000000e+03 6.092522567496604091e-02
1.492000000000000000e+03 6.069928958438504385e-02
1.493000000000000000e+03 6.047385189573478009e-02
1.494000000000000000e+03 6.024890890065496413e-02
1.495000000000000000e+03 6.002445935426107410e-02
1.496000000000000000e+03 5.980050137775493740e-02
1.497000000000000000e+03 5.957702995594028883e-02
1.498000000000000000e+03 5.935404372742253409e-02
1.499000000000000000e+03 5.913154422263605658e-02
1.500000000000000000e+03 5.890952056309807505e-02
1.501000000000000000e+03 5.868797735778878699e-02
1.502000000000000000e+03 5.846691064435702301e-02
1.503000000000000000e+03 5.824631445242797745e-02
1.504000000000000000e+03 5.802618917463978759e-02
1.505000000000000000e+03 5.780653129467164253e-02
1.506000000000000000e+03 5.758734036649316296e-02
1.507000000000000000e+03 5.736860429712960230e-02
1.508000000000000000e+03 5.715032927113238015e-02
1.509000000000000000e+03 5.693251294153581221e-02
1.510000000000000000e+03 5.671514878484645167e-02
1.511000000000000000e+03 5.649823554675799386e-02
1.512000000000000000e+03 5.628176915783096590e-02
1.513000000000000000e+03 5.606574727109970430e-02
1.514000000000000000e+03 5.585016852516959396e-02
1.515000000000000000e+03 5.563503101084996127e-02
1.516000000000000000e+03 5.542033409832636259e-02
1.517000000000000000e+03 5.520606774778451936e-02
1.518000000000000000e+03 5.499223265099032615e-02
1.519000000000000000e+03 5.477883023128982815e-02
1.520000000000000000e+03 5.456585348760027709e-02
1.521000000000000000e+03 5.435330105852711341e-02
1.522000000000000000e+03 5.414117568899667887e-02
1.523000000000000000e+03 5.392947601761437226e-02
1.524000000000000000e+03 5.371819332082367060e-02
1.525000000000000000e+03 5.350732525165889653e-02
1.526000000000000000e+03 5.329687520993082323e-02
1.527000000000000000e+03 5.308684165694969870e-02
1.528000000000000000e+03 5.287722359240017156e-02
1.529000000000000000e+03 5.266801552349666127e-02
1.530000000000000000e+03 5.245922103383404700e-02
1.531000000000000000e+03 5.225083934669530472e-02
1.532000000000000000e+03 5.204286496929487471e-02
1.533000000000000000e+03 5.183530188612112816e-02
1.534000000000000000e+03 5.162815298900300803e-02
1.535000000000000000e+03 5.142141431558935188e-02
1.536000000000000000e+03 5.121508121176308881e-02
1.537000000000000000e+03 5.100916378461254480e-02
1.538000000000000000e+03 5.080365418906392788e-02
1.539000000000000000e+03 5.059856223840037553e-02
1.540000000000000000e+03 5.039388111825601757e-02
1.541000000000000000e+03 5.018961833476261875e-02
1.542000000000000000e+03 4.998576996538325184e-02
1.543000000000000000e+03 4.978234171708011135e-02
1.544000000000000000e+03 4.957933612060291123e-02
1.545000000000000000e+03 4.937675481347434531e-02
1.546000000000000000e+03 4.917459930399160212e-02
1.547000000000000000e+03 4.897287573689182438e-02
1.548000000000000000e+03 4.877158180502359774e-02
1.549000000000000000e+03 4.857072343894746486e-02
1.550000000000000000e+03 4.837031001417156639e-02
1.551000000000000000e+03 4.817033819283658702e-02
1.552000000000000000e+03 4.797081420463077811e-02
1.553000000000000000e+03 4.777174716574884850e-02
1.554000000000000000e+03 4.757313634461059204e-02
1.555000000000000000e+03 4.737498752487394327e-02
1.556000000000000000e+03 4.717731341458379635e-02
1.557000000000000000e+03 4.698010852095460543e-02
1.558000000000000000e+03 4.678338328176134819e-02
1.559000000000000000e+03 4.658714318978957047e-02
1.560000000000000000e+03 4.639139982061047524e-02
1.561000000000000000e+03 4.619615203642784412e-02
1.562000000000000000e+03 4.600141328218927683e-02
1.563000000000000000e+03 4.580718659662634529e-02
1.564000000000000000e+03 4.561347692472849519e-02
1.565000000000000000e+03 4.542029613587212494e-02
1.566000000000000000e+03 4.522765030752034371e-02
1.567000000000000000e+03 4.503554296131653811e-02
1.568000000000000000e+03 4.484399131252007203e-02
1.569000000000000000e+03 4.465299359884283836e-02
1.570000000000000000e+03 4.446256525111891289e-02
1.571000000000000000e+03 4.427270490795370134e-02
1.572000000000000000e+03 4.408342912972215005e-02
1.573000000000000000e+03 4.389474733174669047e-02
1.574000000000000000e+03 4.370666156718779061e-02
1.575000000000000000e+03 4.351918443700203420e-02
1.576000000000000000e+03 4.333232129239492081e-02
1.577000000000000000e+03 4.314608334253589722e-02
1.578000000000000000e+03 4.296047637933825269e-02
1.579000000000000000e+03 4.277550927032831851e-02
1.580000000000000000e+03 4.259119750829162832e-02
1.581000000000000000e+03 4.240753981678473117e-02
1.582000000000000000e+03 4.222454737048533108e-02
1.583000000000000000e+03 4.204222800914465125e-02
1.584000000000000000e+03 4.186059492371938667e-02
1.585000000000000000e+03 4.167965266123831863e-02
1.586000000000000000e+03 4.149940730448709036e-02
1.587000000000000000e+03 4.131986423916295809e-02
1.588000000000000000e+03 4.114103607154504655e-02
1.589000000000000000e+03 4.096293258745675042e-02
1.590000000000000000e+03 4.078555301550359363e-02
1.591000000000000000e+03 4.060891062627088738e-02
1.592000000000000000e+03 4.043301234121277760e-02
1.593000000000000000e+03 4.025785956153814932e-02
1.594000000000000000e+03 4.008346097098925559e-02
1.595000000000000000e+03 3.990982353083454004e-02
1.596000000000000000e+03 3.973695351057657255e-02
1.597000000000000000e+03 3.956485154002976207e-02
1.598000000000000000e+03 3.939352776609671841e-02
1.599000000000000000e+03 3.922298527264583834e-02
1.600000000000000000e+03 3.905322582196522896e-02
1.601000000000000000e+03 3.888425553665485201e-02
1.602000000000000000e+03 3.871608299336864317e-02
1.603000000000000000e+03 3.854869955350120891e-02
1.604000000000000000e+03 3.838212027206310689e-02
1.605000000000000000e+03 3.821633739425426418e-02
1.606000000000000000e+03 3.805135861292329585e-02
1.607000000000000000e+03 3.788718485168981326e-02
1.608000000000000000e+03 3.772382028708160667e-02
1.609000000000000000e+03 3.756125533473649719e-02
1.610000000000000000e+03 3.739949966396779318e-02
1.611000000000000000e+03 3.723855247592133128e-02
1.612000000000000000e+03 3.707840916161688621e-02
1.613000000000000000e+03 3.691907236182532387e-02
1.614000000000000000e+03 3.676054065320058517e-02
1.615000000000000000e+03 3.660280466555709822e-02
1.616000000000000000e+03 3.644587473251433701e-02
1.617000000000000000e+03 3.628973708376059121e-02
1.618000000000000000e+03 3.613438949709558978e-02
1.619000000000000000e+03 3.597983295809042276e-02
1.620000000000000000e+03 3.582606289757915563e-02
1.621000000000000000e+03 3.567307327791298388e-02
1.622000000000000000e+03 3.552085670004847401e-02
1.623000000000000000e+03 3.536941383361432573e-02
1.624000000000000000e+03 3.521873193368418864e-02
1.625000000000000000e+03 3.506881056248307982e-02
1.626000000000000000e+03 3.491963866716589482e-02
1.627000000000000000e+03 3.477121031717212568e-02
1.628000000000000000e+03 3.462352218289781874e-02
1.629000000000000000e+03 3.447655928896100480e-02
1.630000000000000000e+03 3.433031841284604063e-02
1.631000000000000000e+03 3.418478875569873343e-02
1.632000000000000000e+03 3.403996427987026480e-02
1.633000000000000000e+03 3.389583366378030871e-02
1.634000000000000000e+03 3.375238944643399464e-02
1.635000000000000000e+03 3.360962225232318190e-02
1.636000000000000000e+03 3.346751959051241093e-02
1.637000000000000000e+03 3.332607271530796389e-02
1.638000000000000000e+03 3.318527232140854044e-02
1.639000000000000000e+03 3.304510417033487690e-02
1.640000000000000000e+03 3.290556199551723793e-02
1.641000000000000000e+03 3.276663250423315216e-02
1.642000000000000000e+03 3.262830544542451305e-02
1.643000000000000000e+03 3.249056752636887008e-02
1.644000000000000000e+03 3.235340991935417576e-02
1.645000000000000000e+03 3.221682193261455468e-02
1.646000000000000000e+03 3.208079616710656640e-02
1.647000000000000000e+03 3.194531035549313253e-02
1.648000000000000000e+03 3.181035846012539997e-02
1.649000000000000000e+03 3.167592685227169080e-02
1.650000000000000000e+03 3.154201205542546405e-02
1.651000000000000000e+03 3.140859527875615453e-02
1.652000000000000000e+03 3.127566553962549817e-02
1.653000000000000000e+03 3.114321136955058161e-02
1.654000000000000000e+03 3.101122976961414451e-02
1.655000000000000000e+03 3.087969627241599069e-02
1.656000000000000000e+03 3.074860882479566251e-02
1.657000000000000000e+03 3.061795501251345433e-02
1.658000000000000000e+03 3.048772223754558919e-02
1.659000000000000000e+03 3.035790108456964606e-02
1.660000000000000000e+03 3.022848257897099017e-02
1.661000000000000000e+03 3.009945859012602698e-02
1.662000000000000000e+03 2.997081194258969725e-02
1.663000000000000000e+03 2.984254073010410291e-02
1.664000000000000000e+03 2.971463333728375025e-02
1.665000000000000000e+03 2.958707911217703379e-02
1.666000000000000000e+03 2.945986914744335924e-02
1.667000000000000000e+03 2.933300102884300181e-02
1.668000000000000000e+03 2.920646328789307938e-02
1.669000000000000000e+03 2.908024548681859348e-02
1.670000000000000000e+03 2.895434055726280737e-02
1.671000000000000000e+03 2.882874703074280592e-02
1.672000000000000000e+03 2.870345285409810557e-02
1.673000000000000000e+03 2.857845488150884475e-02
1.674000000000000000e+03 2.845374944442904258e-02
1.675000000000000000e+03 2.832932643577038001e-02
1.676000000000000000e+03 2.820518424014737541e-02
1.677000000000000000e+03 2.808132021972194886e-02
1.678000000000000000e+03 2.795772265202029969e-02
1.679000000000000000e+03 2.783439629824780576e-02
1.680000000000000000e+03 2.771133027459911705e-02
1.681000000000000000e+03 2.758853070367421265e-02
1.682000000000000000e+03 2.746598926281004424e-02
1.683000000000000000e+03 2.734370536732903464e-02
1.684000000000000000e+03 2.722167553246928468e-02
1.685000000000000000e+03 2.709990382767026723e-02
1.686000000000000000e+03 2.697838325184925834e-02
1.687000000000000000e+03 2.685712233652335842e-02
1.688000000000000000e+03 2.673611009612147926e-02
1.689000000000000000e+03 2.661535820798058630e-02
1.690000000000000000e+03 2.649486275488636272e-02
1.691000000000000000e+03 2.637462285303346712e-02
1.692000000000000000e+03 2.625463777084173847e-02
1.693000000000000000e+03 2.613492109190601251e-02
1.694000000000000000e+03 2.601546615408561330e-02
1.695000000000000000e+03 2.589628016438451363e-02
1.696000000000000000e+03 2.577735949939357826e-02
1.697000000000000000e+03 2.565871715803007963e-02
1.698000000000000000e+03 2.554035588522038380e-02
1.699000000000000000e+03 2.542227494938431587e-02
1.700000000000000000e+03 2.530447954950223663e-02
1.701000000000000000e+03 2.518697513854538036e-02
1.702000000000000000e+03 2.506976995422566246e-02
1.703000000000000000e+03 2.495286447945490454e-02
1.704000000000000000e+03 2.483627035175579520e-02
1.705000000000000000e+03 2.471998658555724093e-02
1.706000000000000000e+03 2.460402357881995641e-02
1.707000000000000000e+03 2.448838561516001808e-02
1.708000000000000000e+03 2.437308115588771029e-02
1.709000000000000000e+03 2.425811404391134407e-02
1.710000000000000000e+03 2.414349501081108212e-02
1.711000000000000000e+03 2.402923093822680739e-02
1.712000000000000000e+03 2.391532347842549588e-02
1.713000000000000000e+03 2.380178137710085851e-02
1.714000000000000000e+03 2.368861350177922653e-02
1.715000000000000000e+03 2.357582735859233350e-02
1.716000000000000000e+03 2.346342825360883677e-02
1.717000000000000000e+03 2.335142809308661874e-02
1.718000000000000000e+03 2.323982903727447175e-02
1.719000000000000000e+03 2.312863639224105317e-02
1.720000000000000000e+03 2.301786451829822971e-02
1.721000000000000000e+03 2.290751553588050646e-02
1.722000000000000000e+03 2.279759453687992335e-02
1.723000000000000000e+03 2.268811672027681858e-02
1.724000000000000000e+03 2.257908116777414959e-02
1.725000000000000000e+03 2.247049831714689402e-02
1.726000000000000000e+03 2.236237278269782164e-02
1.727000000000000000e+03 2.225471632378222403e-02
1.728000000000000000e+03 2.214752768609381389e-02
1.729000000000000000e+03 2.204082229753386024e-02
1.730000000000000000e+03 2.193459183543933905e-02
1.731000000000000000e+03 2.182885732758535133e-02
1.732000000000000000e+03 2.172361961264037897e-02
1.733000000000000000e+03 2.161887521116509156e-02
1.734000000000000000e+03 2.151464250777397613e-02
1.735000000000000000e+03 2.141091582296462265e-02
1.736000000000000000e+03 2.130771259559473274e-02
1.737000000000000000e+03 2.120502274603574058e-02
1.738000000000000000e+03 2.110286136617968086e-02
1.739000000000000000e+03 2.100122904070412383e-02
1.740000000000000000e+03 2.090012254416064030e-02
1.741000000000000000e+03 2.079955392970970693e-02
1.742000000000000000e+03 2.069952447379478505e-02
1.743000000000000000e+03 2.060003402951327695e-02
1.744000000000000000e+03 2.050109197237332329e-02
1.745000000000000000e+03 2.040269141780224477e-02
1.746000000000000000e+03 2.030484027282527387e-02
1.747000000000000000e+03 2.020753824363722556e-02
1.748000000000000000e+03 2.011078507624718126e-02
1.749000000000000000e+03 2.001458244799211514e-02
1.750000000000000000e+03 1.991893677234437068e-02
1.751000000000000000e+03 1.982383658082103456e-02
1.752000000000000000e+03 1.972929392658259728e-02
1.753000000000000000e+03 1.963530499418047331e-02
1.754000000000000000e+03 1.954186487550670787e-02
1.755000000000000000e+03 1.944897357056129400e-02
1.756000000000000000e+03 1.935663151711921812e-02
1.757000000000000000e+03 1.926484190081462211e-02
1.758000000000000000e+03 1.917359761347647504e-02
1.759000000000000000e+03 1.908289400098771293e-02
1.760000000000000000e+03 1.899273644904556774e-02
1.761000000000000000e+03 1.890311539542502070e-02
1.762000000000000000e+03 1.881403461043779438e-02
1.763000000000000000e+03 1.872548361649462034e-02
1.764000000000000000e+03 1.863746058403338568e-02
1.765000000000000000e+03 1.854996693640013905e-02
1.766000000000000000e+03 1.846299732771194274e-02
1.767000000000000000e+03 1.837654259663727349e-02
1.768000000000000000e+03 1.829060395234556255e-02
1.769000000000000000e+03 1.820517337130153623e-02
1.770000000000000000e+03 1.812024975552323919e-02
1.771000000000000000e+03 1.803583101203589875e-02
1.772000000000000000e+03 1.795190080406293756e-02
1.773000000000000000e+03 1.786846147857002604e-02
1.774000000000000000e+03 1.778551167416256643e-02
1.775000000000000000e+03 1.770303652254688609e-02
1.776000000000000000e+03 1.762103495613357579e-02
1.777000000000000000e+03 1.753950269130653133e-02
1.778000000000000000e+03 1.745843415858445297e-02
1.779000000000000000e+03 1.737781909865386901e-02
1.780000000000000000e+03 1.729765436569491791e-02
1.781000000000000000e+03 1.721793109218125797e-02
1.782000000000000000e+03 1.713864791671830534e-02
1.783000000000000000e+03 1.705980001082666245e-02
1.784000000000000000e+03 1.698136993564862418e-02
1.785000000000000000e+03 1.690336233997867532e-02
1.786000000000000000e+03 1.682576825452475333e-02
1.787000000000000000e+03 1.674857998111566743e-02
1.788000000000000000e+03 1.667178766665402059e-02
1.789000000000000000e+03 1.659539149785668743e-02
1.790000000000000000e+03 1.651938011332907894e-02
1.791000000000000000e+03 1.644374820700253079e-02
1.792000000000000000e+03 1.636849431039414174e-02
1.793000000000000000e+03 1.629360641015771896e-02
1.794000000000000000e+03 1.621907999907879275e-02
1.795000000000000000e+03 1.614490767811394348e-02
1.796000000000000000e+03 1.607108472587209097e-02
1.797000000000000000e+03 1.599760762070984166e-02
1.798000000000000000e+03 1.592446043206668591e-02
1.799000000000000000e+03 1.585164953121092485e-02
1.800000000000000000e+03 1.577916407947408187e-02
1.801000000000000000e+03 1.570699755629548916e-02
1.802000000000000000e+03 1.563514256263173405e-02
1.803000000000000000e+03 1.556359968316038331e-02
1.804000000000000000e+03 1.549235558827750069e-02
1.805000000000000000e+03 1.542141188804602506e-02
1.806000000000000000e+03 1.535075946627128228e-02
1.807000000000000000e+03 1.528039249415850259e-02
1.808000000000000000e+03 1.521031189532729908e-02
1.809000000000000000e+03 1.514050703996324895e-02
1.810000000000000000e+03 1.507097350580302413e-02
1.811000000000000000e+03 1.500170777120324317e-02
1.812000000000000000e+03 1.493270595876386442e-02
1.813000000000000000e+03 1.486396385507562229e-02
1.814000000000000000e+03 1.479548087546093092e-02
1.815000000000000000e+03 1.472724680574318337e-02
1.816000000000000000e+03 1.465925926207522004e-02
1.817000000000000000e+03 1.459151191300302880e-02
1.818000000000000000e+03 1.452400834505425918e-02
1.819000000000000000e+03 1.445674515841814146e-02
1.820000000000000000e+03 1.438971143773042950e-02
1.821000000000000000e+03 1.432290722280541058e-02
1.822000000000000000e+03 1.425633251364308643e-02
1.823000000000000000e+03 1.418997834095137543e-02
1.824000000000000000e+03 1.412384935884735022e-02
1.825000000000000000e+03 1.405793669980466912e-02
1.826000000000000000e+03 1.399224246212066661e-02
1.827000000000000000e+03 1.392675719359144117e-02
1.828000000000000000e+03 1.386148760149453520e-02
1.829000000000000000e+03 1.379642613988391921e-02
1.830000000000000000e+03 1.373157080073597602e-02
1.831000000000000000e+03 1.366692000847948181e-02
1.832000000000000000e+03 1.360247391533959960e-02
1.833000000000000000e+03 1.353823010707663581e-02
1.834000000000000000e+03 1.347418359888686093e-02
1.835000000000000000e+03 1.341033736755036995e-02
1.836000000000000000e+03 1.334669126616457556e-02
1.837000000000000000e+03 1.328323427227692116e-02
1.838000000000000000e+03 1.321997283917403232e-02
1.839000000000000000e+03 1.315690674325756260e-02
1.840000000000000000e+03 1.309403247762841796e-02
1.841000000000000000e+03 1.303134652596578402e-02
1.842000000000000000e+03 1.296885035675256898e-02
1.843000000000000000e+03 1.290654386290046064e-02
1.844000000000000000e+03 1.284442023536617496e-02
1.845000000000000000e+03 1.278248863548123344e-02
1.846000000000000000e+03 1.272073979482580587e-02
1.847000000000000000e+03 1.265917837283951630e-02
1.848000000000000000e+03 1.259779902363942529e-02
1.849000000000000000e+03 1.253660698602016184e-02
1.850000000000000000e+03 1.247559505004494293e-02
1.851000000000000000e+03 1.241476523199276996e-02
1.852000000000000000e+03 1.235411467691616486e-02
1.853000000000000000e+03 1.229365034608356951e-02
1.854000000000000000e+03 1.223336008456876040e-02
1.855000000000000000e+03 1.217325422305839955e-02
1.856000000000000000e+03 1.211332448402631205e-02
1.857000000000000000e+03 1.205357208196448753e-02
1.858000000000000000e+03 1.199400093940981675e-02
1.859000000000000000e+03 1.193460614825434148e-02
1.860000000000000000e+03 1.187538639224031134e-02
1.861000000000000000e+03 1.181634650926885813e-02
1.862000000000000000e+03 1.175747566067150696e-02
1.863000000000000000e+03 1.169878322195639156e-02
1.864000000000000000e+03 1.164026275458119111e-02
1.865000000000000000e+03 1.158192249625780365e-02
1.866000000000000000e+03 1.152375087673758285e-02
1.867000000000000000e+03 1.146574984209269323e-02
1.868000000000000000e+03 1.140792008408902762e-02
1.869000000000000000e+03 1.135026479368329844e-02
1.870000000000000000e+03 1.129277650162525438e-02
1.871000000000000000e+03 1.123545693038870315e-02
1.872000000000000000e+03 1.117830857090910956e-02
1.873000000000000000e+03 1.112132853135751331e-02
1.874000000000000000e+03 1.106451421077732887e-02
1.875000000000000000e+03 1.100786693074887711e-02
1.876000000000000000e+03 1.095138207696938308e-02
1.877000000000000000e+03 1.089506386284811411e-02
1.878000000000000000e+03 1.083891067299957295e-02
1.879000000000000000e+03 1.078291837603281671e-02
1.880000000000000000e+03 1.072708791770463597e-02
1.881000000000000000e+03 1.067142099009629752e-02
1.882000000000000000e+03 1.061591026143840141e-02
1.883000000000000000e+03 1.056056580842671018e-02
1.884000000000000000e+03 1.050537469941798148e-02
1.885000000000000000e+03 1.045034275788441804e-02
1.886000000000000000e+03 1.039546375946031644e-02
1.887000000000000000e+03 1.034074912749172528e-02
1.888000000000000000e+03 1.028618033046155809e-02
1.889000000000000000e+03 1.023177000620786523e-02
1.890000000000000000e+03 1.017751448618466753e-02
1.891000000000000000e+03 1.012340813070382664e-02
1.892000000000000000e+03 1.006945068577444653e-02
1.893000000000000000e+03 1.001565309715331080e-02
1.894000000000000000e+03 9.961997895590163007e-03
1.895000000000000000e+03 9.908495442164221706e-03
1.896000000000000000e+03 9.855140721679216467e-03
1.897000000000000000e+03 9.801929187106393770e-03
1.898000000000000000e+03 9.748866661917965012e-03
1.899000000000000000e+03 9.695953253202238900e-03
1.900000000000000000e+03 9.643186653807827094e-03
1.901000000000000000e+03 9.590561915812482324e-03
1.902000000000000000e+03 9.538083210421433034e-03
1.903000000000000000e+03 9.485750136741178534e-03
1.904000000000000000e+03 9.433560347806044938e-03
1.905000000000000000e+03 9.381512629124033956e-03
1.906000000000000000e+03 9.329609618533199478e-03
1.907000000000000000e+03 9.277851570024444466e-03
1.908000000000000000e+03 9.226232107006904215e-03
1.909000000000000000e+03 9.174758297837329324e-03
1.910000000000000000e+03 9.123427205549906882e-03
1.911000000000000000e+03 9.072240990393432708e-03
1.912000000000000000e+03 9.021197345216514993e-03
1.913000000000000000e+03 8.970294654633653025e-03
1.914000000000000000e+03 8.919537050035791434e-03
1.915000000000000000e+03 8.868923799842755307e-03
1.916000000000000000e+03 8.818456474303199705e-03
1.917000000000000000e+03 8.768134341836949716e-03
1.918000000000000000e+03 8.717959557370230650e-03
1.919000000000000000e+03 8.667928858573129350e-03
1.920000000000000000e+03 8.618046600434945553e-03
1.921000000000000000e+03 8.568315090107065865e-03
1.922000000000000000e+03 8.518730913034412364e-03
1.923000000000000000e+03 8.469298723334042073e-03
1.924000000000000000e+03 8.420019319860146123e-03
1.925000000000000000e+03 8.370892996417923435e-03
1.926000000000000000e+03 8.321922015021902819e-03
1.927000000000000000e+03 8.273107259477415279e-03
1.928000000000000000e+03 8.224450661112329281e-03
1.929000000000000000e+03 8.175949912775254749e-03
1.930000000000000000e+03 8.127618307188654370e-03
1.931000000000000000e+03 8.079443644289455509e-03
1.932000000000000000e+03 8.031439323888420884e-03
1.933000000000000000e+03 7.983603770414344006e-03
1.934000000000000000e+03 7.935934453117471019e-03
1.935000000000000000e+03 7.888441225095211076e-03
1.936000000000000000e+03 7.841121149381751268e-03
1.937000000000000000e+03 7.793976456432713876e-03
1.938000000000000000e+03 7.747014585105804069e-03
1.939000000000000000e+03 7.700235266665814149e-03
1.940000000000000000e+03 7.653636823775781216e-03
1.941000000000000000e+03 7.607231334666168798e-03
1.942000000000000000e+03 7.561016599273898131e-03
1.943000000000000000e+03 7.514992140009704204e-03
1.944000000000000000e+03 7.469169420033928974e-03
1.945000000000000000e+03 7.423540669802193917e-03
1.946000000000000000e+03 7.378118928046052682e-03
1.947000000000000000e+03 7.332902726282602285e-03
1.948000000000000000e+03 7.287896495030536832e-03
1.949000000000000000e+03 7.243103964787302000e-03
1.950000000000000000e+03 7.198527044743585276e-03
1.951000000000000000e+03 7.154166934647083684e-03
1.952000000000000000e+03 7.110033634497797163e-03
1.953000000000000000e+03 7.066119598349708368e-03
1.954000000000000000e+03 7.022438265827871638e-03
1.955000000000000000e+03 6.978992051171981417e-03
1.956000000000000000e+03 6.935783702241214016e-03
1.957000000000000000e+03 6.892808418015914686e-03
1.958000000000000000e+03 6.850079160531872755e-03
1.959000000000000000e+03 6.807598276754765580e-03
1.960000000000000000e+03 6.765363419718914938e-03
1.961000000000000000e+03 6.723382790254748761e-03
1.962000000000000000e+03 6.681661774059494650e-03
1.963000000000000000e+03 6.640196961900640855e-03
1.964000000000000000e+03 6.598994324152988693e-03
1.965000000000000000e+03 6.558055837281256614e-03
1.966000000000000000e+03 6.517392486856518966e-03
1.967000000000000000e+03 6.476993434210294789e-03
1.968000000000000000e+03 6.436872079153355478e-03
1.969000000000000000e+03 6.397030183973800334e-03
1.970000000000000000e+03 6.357468440437512650e-03
1.971000000000000000e+03 6.318184210706435065e-03
1.972000000000000000e+03 6.279189547941050296e-03
1.973000000000000000e+03 6.240482652971782868e-03
1.974000000000000000e+03 6.202065141184132623e-03
1.975000000000000000e+03 6.163940635987231326e-03
1.976000000000000000e+03 6.126108182202548089e-03
1.977000000000000000e+03 6.088575843179652551e-03
1.978000000000000000e+03 6.051338156525554526e-03
1.979000000000000000e+03 6.014399960141385802e-03
1.980000000000000000e+03 5.977766563028606185e-03
1.981000000000000000e+03 5.941429871445102519e-03
1.982000000000000000e+03 5.905400179196066725e-03
1.983000000000000000e+03 5.869674554638252932e-03
1.984000000000000000e+03 5.834253582449234858e-03
1.985000000000000000e+03 5.799141332068495809e-03
1.986000000000000000e+03 5.764335456530363631e-03
1.987000000000000000e+03 5.729832956917567562e-03
1.988000000000000000e+03 5.695639286201361826e-03
1.989000000000000000e+03 5.661753605713262805e-03
1.990000000000000000e+03 5.628173608301887364e-03
1.991000000000000000e+03 5.594896255235679190e-03
1.992000000000000000e+03 5.561924692334501569e-03
1.993000000000000000e+03 5.529259696315380265e-03
1.994000000000000000e+03 5.496897344641424495e-03
1.995000000000000000e+03 5.464836905732464549e-03
1.996000000000000000e+03 5.433075925534520435e-03
1.997000000000000000e+03 5.401613712281707128e-03
1.998000000000000000e+03 5.370449534393853183e-03
1.999000000000000000e+03 5.339577015280091293e-03
2.000000000000000000e+03 5.309000077477308774e-03
