0.000000 1.100000e+02 5.500000e+01
111.000000 1.600000e+02 1.355000e+02
161.000000 2.100000e+02 1.855000e+02
211.000000 2.600000e+02 2.355000e+02
261.000000 3.100000e+02 2.855000e+02
311.000000 3.600000e+02 3.355000e+02
361.000000 4.100000e+02 3.855000e+02
411.000000 4.600000e+02 4.355000e+02
461.000000 5.100000e+02 4.855000e+02
511.000000 5.600000e+02 5.355000e+02
561.000000 6.100000e+02 5.855000e+02
611.000000 6.600000e+02 6.355000e+02
661.000000 7.100000e+02 6.855000e+02
711.000000 7.600000e+02 7.355000e+02
761.000000 8.100000e+02 7.855000e+02
811.000000 8.600000e+02 8.355000e+02
861.000000 9.100000e+02 8.855000e+02
911.000000 9.600000e+02 9.355000e+02
961.000000 1.010000e+03 9.855000e+02
1011.000000 1.060000e+03 1.035500e+03
1061.000000 1.110000e+03 1.085500e+03
1111.000000 1.160000e+03 1.135500e+03
1161.000000 1.210000e+03 1.185500e+03
1211.000000 1.260000e+03 1.235500e+03
1261.000000 1.310000e+03 1.285500e+03
1311.000000 1.360000e+03 1.335500e+03
1361.000000 1.410000e+03 1.385500e+03
1411.000000 1.460000e+03 1.435500e+03
1461.000000 1.510000e+03 1.485500e+03
1511.000000 1.560000e+03 1.535500e+03
1561.000000 1.610000e+03 1.585500e+03
1611.000000 1.660000e+03 1.635500e+03
1661.000000 1.710000e+03 1.685500e+03
1711.000000 1.760000e+03 1.735500e+03
1761.000000 1.810000e+03 1.785500e+03
1811.000000 1.860000e+03 1.835500e+03
1861.000000 1.910000e+03 1.885500e+03
1911.000000 1.960000e+03 1.935500e+03
1961.000000 2.010000e+03 1.985500e+03
2011.000000 2.110000e+03 2.060500e+03
2111.000000 2.210000e+03 2.160500e+03
2211.000000 2.310000e+03 2.260500e+03
2311.000000 2.410000e+03 2.360500e+03
2411.000000 2.510000e+03 2.460500e+03
2511.000000 2.710000e+03 2.610500e+03
2711.000000 2.910000e+03 2.810500e+03
2911.000000 3.110000e+03 3.010500e+03
3111.000000 3.510000e+03 3.310500e+03
3511.000000 3.910000e+03 3.710500e+03
3911.000000 4.310000e+03 4.110500e+03
4311.000000 4.710000e+03 4.510500e+03
4711.000000 5.110000e+03 4.910500e+03
5111.000000 5.510000e+03 5.310500e+03
5511.000000 5.910000e+03 5.710500e+03
5911.000000 6.310000e+03 6.110500e+03
6311.000000 7.110000e+03 6.710500e+03
7111.000000 7.910000e+03 7.510500e+03
7911.000000 8.710000e+03 8.310500e+03
8711.000000 9.510000e+03 9.110500e+03
9511.000000 1.031000e+04 9.910500e+03
10311.000000 1.111000e+04 1.071050e+04
11111.000000 1.191000e+04 1.151050e+04
11911.000000 1.271000e+04 1.231050e+04
12711.000000 1.351000e+04 1.311050e+04
13511.000000 1.431000e+04 1.391050e+04
14311.000000 1.511000e+04 1.471050e+04
15111.000000 1.591000e+04 1.551050e+04
15911.000000 1.671000e+04 1.631050e+04
16711.000000 1.751000e+04 1.711050e+04
17511.000000 1.831000e+04 1.791050e+04
18311.000000 1.911000e+04 1.871050e+04
19111.000000 1.991000e+04 1.951050e+04
19911.000000 2.071000e+04 2.031050e+04
20711.000000 2.151000e+04 2.111050e+04
21511.000000 2.231000e+04 2.191050e+04
22311.000000 2.311000e+04 2.271050e+04
23111.000000 2.391000e+04 2.351050e+04
23911.000000 2.471000e+04 2.431050e+04
24711.000000 2.551000e+04 2.511050e+04
25511.000000 2.631000e+04 2.591050e+04
26311.000000 2.711000e+04 2.671050e+04
27111.000000 2.791000e+04 2.751050e+04
27911.000000 2.871000e+04 2.831050e+04
28711.000000 2.951000e+04 2.911050e+04
29511.000000 3.031000e+04 2.991050e+04
30311.000000 3.111000e+04 3.071050e+04
31111.000000 3.191000e+04 3.151050e+04
31911.000000 3.271000e+04 3.231050e+04
32711.000000 3.351000e+04 3.311050e+04
33511.000000 3.431000e+04 3.391050e+04
34311.000000 3.511000e+04 3.471050e+04
35111.000000 3.591000e+04 3.551050e+04
35911.000000 3.671000e+04 3.631050e+04
36711.000000 3.751000e+04 3.711050e+04
37511.000000 3.831000e+04 3.791050e+04
38311.000000 3.911000e+04 3.871050e+04
39111.000000 3.991000e+04 3.951050e+04
39911.000000 4.071000e+04 4.031050e+04
40711.000000 4.151000e+04 4.111050e+04
41511.000000 4.231000e+04 4.191050e+04
