0.000000 1.250000e+02 6.250000e+01
126.000000 1.750000e+02 1.505000e+02
176.000000 2.250000e+02 2.005000e+02
226.000000 2.750000e+02 2.505000e+02
276.000000 3.250000e+02 3.005000e+02
326.000000 3.750000e+02 3.505000e+02
376.000000 4.250000e+02 4.005000e+02
426.000000 4.750000e+02 4.505000e+02
476.000000 5.250000e+02 5.005000e+02
526.000000 5.750000e+02 5.505000e+02
576.000000 6.250000e+02 6.005000e+02
626.000000 6.750000e+02 6.505000e+02
676.000000 7.250000e+02 7.005000e+02
726.000000 7.750000e+02 7.505000e+02
776.000000 8.250000e+02 8.005000e+02
826.000000 8.750000e+02 8.505000e+02
876.000000 9.250000e+02 9.005000e+02
926.000000 9.750000e+02 9.505000e+02
976.000000 1.025000e+03 1.000500e+03
1026.000000 1.075000e+03 1.050500e+03
1076.000000 1.125000e+03 1.100500e+03
1126.000000 1.175000e+03 1.150500e+03
1176.000000 1.225000e+03 1.200500e+03
1226.000000 1.275000e+03 1.250500e+03
1276.000000 1.325000e+03 1.300500e+03
1326.000000 1.375000e+03 1.350500e+03
1376.000000 1.425000e+03 1.400500e+03
1426.000000 1.475000e+03 1.450500e+03
1476.000000 1.525000e+03 1.500500e+03
1526.000000 1.575000e+03 1.550500e+03
1576.000000 1.625000e+03 1.600500e+03
1626.000000 1.675000e+03 1.650500e+03
1676.000000 1.725000e+03 1.700500e+03
1726.000000 1.775000e+03 1.750500e+03
1776.000000 1.825000e+03 1.800500e+03
1826.000000 1.875000e+03 1.850500e+03
1876.000000 1.925000e+03 1.900500e+03
1926.000000 1.975000e+03 1.950500e+03
1976.000000 2.025000e+03 2.000500e+03
2026.000000 2.075000e+03 2.050500e+03
2076.000000 2.125000e+03 2.100500e+03
2126.000000 2.175000e+03 2.150500e+03
2176.000000 2.225000e+03 2.200500e+03
2226.000000 2.275000e+03 2.250500e+03
2276.000000 2.325000e+03 2.300500e+03
2326.000000 2.375000e+03 2.350500e+03
2376.000000 2.425000e+03 2.400500e+03
2426.000000 2.475000e+03 2.450500e+03
2476.000000 2.525000e+03 2.500500e+03
2526.000000 2.725000e+03 2.625500e+03
2726.000000 2.925000e+03 2.825500e+03
2926.000000 3.125000e+03 3.025500e+03
3126.000000 3.325000e+03 3.225500e+03
3326.000000 3.525000e+03 3.425500e+03
3526.000000 3.725000e+03 3.625500e+03
3726.000000 3.925000e+03 3.825500e+03
3926.000000 4.125000e+03 4.025500e+03
4126.000000 4.325000e+03 4.225500e+03
4326.000000 4.525000e+03 4.425500e+03
4526.000000 4.725000e+03 4.625500e+03
4726.000000 4.925000e+03 4.825500e+03
4926.000000 5.125000e+03 5.025500e+03
5126.000000 5.325000e+03 5.225500e+03
5326.000000 5.525000e+03 5.425500e+03
5526.000000 5.725000e+03 5.625500e+03
5726.000000 5.925000e+03 5.825500e+03
5926.000000 6.125000e+03 6.025500e+03
6126.000000 6.525000e+03 6.325500e+03
6526.000000 6.925000e+03 6.725500e+03
6926.000000 7.325000e+03 7.125500e+03
7326.000000 7.725000e+03 7.525500e+03
7726.000000 8.125000e+03 7.925500e+03
8126.000000 8.525000e+03 8.325500e+03
8526.000000 8.925000e+03 8.725500e+03
8926.000000 9.325000e+03 9.125500e+03
9326.000000 9.725000e+03 9.525500e+03
9726.000000 1.012500e+04 9.925500e+03
10126.000000 1.052500e+04 1.032550e+04
10526.000000 1.092500e+04 1.072550e+04
10926.000000 1.132500e+04 1.112550e+04
11326.000000 1.172500e+04 1.152550e+04
11726.000000 1.212500e+04 1.192550e+04
12126.000000 1.252500e+04 1.232550e+04
12526.000000 1.292500e+04 1.272550e+04
12926.000000 1.332500e+04 1.312550e+04
13326.000000 1.372500e+04 1.352550e+04
13726.000000 1.412500e+04 1.392550e+04
14126.000000 1.452500e+04 1.432550e+04
14526.000000 1.492500e+04 1.472550e+04
14926.000000 1.532500e+04 1.512550e+04
15326.000000 1.572500e+04 1.552550e+04
15726.000000 1.612500e+04 1.592550e+04
16126.000000 1.652500e+04 1.632550e+04
16526.000000 1.692500e+04 1.672550e+04
16926.000000 1.732500e+04 1.712550e+04
17326.000000 1.772500e+04 1.752550e+04
17726.000000 1.812500e+04 1.792550e+04
18126.000000 1.852500e+04 1.832550e+04
18526.000000 1.892500e+04 1.872550e+04
18926.000000 1.932500e+04 1.912550e+04
