0.000000 1.150000e+02 5.750000e+01
116.000000 1.650000e+02 1.405000e+02
166.000000 2.150000e+02 1.905000e+02
216.000000 2.650000e+02 2.405000e+02
266.000000 3.150000e+02 2.905000e+02
316.000000 3.650000e+02 3.405000e+02
366.000000 4.150000e+02 3.905000e+02
416.000000 4.650000e+02 4.405000e+02
466.000000 5.150000e+02 4.905000e+02
516.000000 5.650000e+02 5.405000e+02
566.000000 6.150000e+02 5.905000e+02
616.000000 6.650000e+02 6.405000e+02
666.000000 7.150000e+02 6.905000e+02
716.000000 7.650000e+02 7.405000e+02
766.000000 8.150000e+02 7.905000e+02
816.000000 8.650000e+02 8.405000e+02
866.000000 9.150000e+02 8.905000e+02
916.000000 9.650000e+02 9.405000e+02
966.000000 1.015000e+03 9.905000e+02
1016.000000 1.065000e+03 1.040500e+03
1066.000000 1.115000e+03 1.090500e+03
1116.000000 1.165000e+03 1.140500e+03
1166.000000 1.215000e+03 1.190500e+03
1216.000000 1.265000e+03 1.240500e+03
1266.000000 1.315000e+03 1.290500e+03
1316.000000 1.365000e+03 1.340500e+03
1366.000000 1.415000e+03 1.390500e+03
1416.000000 1.465000e+03 1.440500e+03
1466.000000 1.515000e+03 1.490500e+03
1516.000000 1.565000e+03 1.540500e+03
1566.000000 1.615000e+03 1.590500e+03
1616.000000 1.665000e+03 1.640500e+03
1666.000000 1.715000e+03 1.690500e+03
1716.000000 1.765000e+03 1.740500e+03
1766.000000 1.815000e+03 1.790500e+03
1816.000000 1.865000e+03 1.840500e+03
1866.000000 1.915000e+03 1.890500e+03
1916.000000 1.965000e+03 1.940500e+03
1966.000000 2.015000e+03 1.990500e+03
2016.000000 2.065000e+03 2.040500e+03
2066.000000 2.115000e+03 2.090500e+03
2116.000000 2.165000e+03 2.140500e+03
2166.000000 2.215000e+03 2.190500e+03
2216.000000 2.265000e+03 2.240500e+03
2266.000000 2.315000e+03 2.290500e+03
2316.000000 2.365000e+03 2.340500e+03
2366.000000 2.415000e+03 2.390500e+03
2416.000000 2.465000e+03 2.440500e+03
2466.000000 2.515000e+03 2.490500e+03
2516.000000 2.715000e+03 2.615500e+03
2716.000000 2.915000e+03 2.815500e+03
2916.000000 3.115000e+03 3.015500e+03
3116.000000 3.315000e+03 3.215500e+03
3316.000000 3.515000e+03 3.415500e+03
3516.000000 3.715000e+03 3.615500e+03
3716.000000 3.915000e+03 3.815500e+03
3916.000000 4.115000e+03 4.015500e+03
4116.000000 4.315000e+03 4.215500e+03
4316.000000 4.515000e+03 4.415500e+03
4516.000000 4.715000e+03 4.615500e+03
4716.000000 4.915000e+03 4.815500e+03
4916.000000 5.115000e+03 5.015500e+03
5116.000000 5.315000e+03 5.215500e+03
5316.000000 5.515000e+03 5.415500e+03
5516.000000 5.715000e+03 5.615500e+03
5716.000000 5.915000e+03 5.815500e+03
5916.000000 6.115000e+03 6.015500e+03
6116.000000 6.515000e+03 6.315500e+03
6516.000000 6.915000e+03 6.715500e+03
6916.000000 7.315000e+03 7.115500e+03
7316.000000 7.715000e+03 7.515500e+03
7716.000000 8.115000e+03 7.915500e+03
8116.000000 8.515000e+03 8.315500e+03
8516.000000 8.915000e+03 8.715500e+03
8916.000000 9.315000e+03 9.115500e+03
9316.000000 9.715000e+03 9.515500e+03
9716.000000 1.011500e+04 9.915500e+03
10116.000000 1.051500e+04 1.031550e+04
10516.000000 1.091500e+04 1.071550e+04
10916.000000 1.131500e+04 1.111550e+04
11316.000000 1.171500e+04 1.151550e+04
11716.000000 1.211500e+04 1.191550e+04
12116.000000 1.251500e+04 1.231550e+04
12516.000000 1.291500e+04 1.271550e+04
12916.000000 1.331500e+04 1.311550e+04
13316.000000 1.371500e+04 1.351550e+04
13716.000000 1.411500e+04 1.391550e+04
14116.000000 1.451500e+04 1.431550e+04
14516.000000 1.491500e+04 1.471550e+04
14916.000000 1.531500e+04 1.511550e+04
15316.000000 1.571500e+04 1.551550e+04
15716.000000 1.611500e+04 1.591550e+04
16116.000000 1.651500e+04 1.631550e+04
16516.000000 1.691500e+04 1.671550e+04
16916.000000 1.731500e+04 1.711550e+04
17316.000000 1.771500e+04 1.751550e+04
17716.000000 1.811500e+04 1.791550e+04
18116.000000 1.851500e+04 1.831550e+04
18516.000000 1.891500e+04 1.871550e+04
18916.000000 1.931500e+04 1.911550e+04
