0.000000e+00 7.900000e+01 3.950000e+01
8.000000e+01 1.590000e+02 1.195000e+02
1.600000e+02 2.390000e+02 1.995000e+02
2.400000e+02 3.190000e+02 2.795000e+02
3.200000e+02 3.990000e+02 3.595000e+02
4.000000e+02 4.790000e+02 4.395000e+02
4.800000e+02 5.590000e+02 5.195000e+02
5.600000e+02 6.390000e+02 5.995000e+02
6.400000e+02 7.190000e+02 6.795000e+02
7.200000e+02 7.990000e+02 7.595000e+02
8.000000e+02 8.790000e+02 8.395000e+02
8.800000e+02 9.590000e+02 9.195000e+02
9.600000e+02 1.039000e+03 9.995000e+02
1.040000e+03 1.119000e+03 1.079500e+03
1.120000e+03 1.199000e+03 1.159500e+03
1.200000e+03 1.279000e+03 1.239500e+03
1.280000e+03 1.359000e+03 1.319500e+03
1.360000e+03 1.439000e+03 1.399500e+03
1.440000e+03 1.519000e+03 1.479500e+03
1.520000e+03 1.599000e+03 1.559500e+03
1.600000e+03 1.679000e+03 1.639500e+03
1.680000e+03 1.759000e+03 1.719500e+03
1.760000e+03 1.839000e+03 1.799500e+03
1.840000e+03 1.919000e+03 1.879500e+03
1.920000e+03 1.999000e+03 1.959500e+03
2.000000e+03 2.079000e+03 2.039500e+03
2.080000e+03 2.159000e+03 2.119500e+03
2.160000e+03 2.239000e+03 2.199500e+03
2.240000e+03 2.319000e+03 2.279500e+03
2.320000e+03 2.399000e+03 2.359500e+03
2.400000e+03 2.479000e+03 2.439500e+03
2.480000e+03 2.559000e+03 2.519500e+03
2.560000e+03 2.639000e+03 2.599500e+03
2.640000e+03 2.719000e+03 2.679500e+03
2.720000e+03 2.799000e+03 2.759500e+03
2.800000e+03 2.879000e+03 2.839500e+03
2.880000e+03 2.959000e+03 2.919500e+03
2.960000e+03 3.039000e+03 2.999500e+03
3.040000e+03 3.119000e+03 3.079500e+03
3.120000e+03 3.199000e+03 3.159500e+03
3.200000e+03 3.279000e+03 3.239500e+03
3.280000e+03 3.359000e+03 3.319500e+03
3.360000e+03 3.439000e+03 3.399500e+03
3.440000e+03 3.519000e+03 3.479500e+03
3.520000e+03 3.599000e+03 3.559500e+03
3.600000e+03 3.679000e+03 3.639500e+03
3.680000e+03 3.759000e+03 3.719500e+03
3.760000e+03 3.839000e+03 3.799500e+03
3.840000e+03 3.919000e+03 3.879500e+03
3.920000e+03 3.999000e+03 3.959500e+03
